576
127
807
4
608
6
7
473
9
10
605
126
374
14
15
16
17
222
72
961
21
22
23
24
25
164
27
28
824
303
517
32
169
90
168
36
872
38
352
639
484
42
43
114
45
46
47
119
49
50
560
305
53
170
184
18
29
58
220
979
61
521
63
64
65
753
846
68
69
70
415
261
673
74
75
76
77
78
79
92
81
591
441
84
85
419
87
88
857
34
972
80
93
815
95
959
97
482
99
951
990
413
103
104
106
284
41
108
694
110
111
112
724
306
541
629
194
118
26
339
121
421
123
376
125
12
2
128
129
457
377
132
688
134
785
136
137
138
139
715
141
142
143
144
145
146
147
148
311
150
238
830
153
844
155
156
534
397
159
160
598
370
713
731
165
166
167
953
33
368
171
172
135
174
175
176
177
319
179
180
181
182
183
55
185
186
187
188
476
548
514
116
193
117
195
196
861
736
199
200
804
363
207
204
205
206
743
208
209
210
211
212
213
214
101
216
498
574
219
59
221
602
223
286
860
226
227
228
229
765
231
232
391
234
349
236
237
151
8
240
241
161
583
244
298
246
385
390
304
250
251
252
253
663
255
912
257
986
259
260
471
262
447
818
265
266
267
649
294
436
271
272
273
274
275
682
698
278
279
280
886
282
283
105
285
985
287
821
369
290
291
292
445
592
295
296
757
120
299
300
301
302
30
249
420
44
307
178
309
310
884
312
353
314
315
431
501
20
308
681
669
322
323
505
325
326
327
328
329
51
331
332
333
334
335
336
337
338
245
340
341
342
343
344
345
982
347
360
600
504
351
115
60
354
355
218
357
358
453
269
361
760
202
364
984
366
367
54
289
689
371
372
373
859
375
124
62
530
107
380
892
991
384
383
247
720
387
388
389
248
73
392
778
802
395
577
640
398
399
400
401
402
403
404
405
406
551
542
409
699
411
412
264
414
217
416
417
956
86
130
571
422
423
424
719
426
427
557
942
834
588
432
433
511
937
788
393
438
439
440
83
841
443
444
293
446
131
448
449
450
868
452
359
463
455
456
717
458
459
460
793
462
454
464
465
235
467
887
469
470
19
288
239
474
913
297
477
478
479
480
481
258
483
622
485
932
803
488
489
490
437
492
493
494
578
496
497
71
499
500
317
849
321
687
173
506
52
508
509
510
810
512
513
191
515
516
596
800
519
520
263
522
523
524
558
526
527
528
529
378
531
532
735
864
535
938
537
154
539
540
39
277
543
544
545
546
547
190
568
550
407
552
553
554
555
556
428
5
559
82
561
580
998
564
565
566
567
549
569
570
122
276
573
725
575
502
396
792
579
831
839
582
243
584
585
586
587
612
589
590
927
858
593
594
595
318
975
316
599
466
816
486
603
604
100
606
607
525
609
610
611
31
702
152
615
616
617
618
619
620
621
163
623
624
625
626
627
881
192
630
631
632
633
634
957
313
637
638
920
158
641
870
643
644
645
646
647
648
268
650
651
652
653
960
899
891
657
658
659
660
386
662
254
964
665
666
667
668
162
670
671
672
233
674
855
676
677
678
679
680
320
487
683
684
865
686
770
133
518
751
691
692
693
706
695
696
697
37
410
700
701
613
703
654
705
992
707
708
709
710
711
712
777
714
140
716
958
718
425
661
721
722
723
113
842
536
727
728
729
730
48
732
733
734
533
836
737
748
739
890
741
742
203
744
921
746
747
823
749
789
752
901
66
754
755
756
189
758
759
362
572
762
763
764
230
766
767
768
769
814
771
772
773
774
775
862
11
491
779
780
781
782
783
102
324
786
787
943
57
790
56
597
989
794
795
796
797
798
799
350
801
394
761
201
805
806
3
808
809
434
811
812
813
503
94
883
817
784
819
820
472
822
738
917
825
863
827
828
888
791
562
832
1000
430
835
198
109
838
581
840
442
356
843
538
845
67
924
848
1
850
851
98
853
854
675
856
89
348
13
225
197
776
826
614
685
866
867
451
869
628
871
408
873
874
875
876
877
878
879
880
215
882
833
149
885
281
468
829
224
740
656
381
270
894
895
896
897
898
655
900
962
902
903
904
905
495
907
908
909
910
911
256
475
914
915
916
750
918
919
40
745
922
923
847
925
926
330
928
929
35
931
157
933
934
935
936
435
726
939
940
941
429
893
944
945
946
947
948
949
950
365
952
930
563
955
418
635
507
96
704
242
690
963
664
965
966
967
968
969
970
971
91
973
974
906
976
977
978
636
980
981
346
983
379
889
852
987
988
461
601
382
837
993
994
995
996
997
954
999
642
