1
2
306
4
561
888
7
8
257
10
521
12
158
14
833
864
17
18
19
20
21
22
23
24
25
949
867
275
878
30
134
659
443
608
138
989
37
38
704
40
755
818
342
461
45
694
47
48
49
458
500
377
53
421
55
687
57
58
59
740
61
825
206
64
65
66
67
68
69
70
205
72
768
74
75
146
574
78
79
80
830
82
83
84
160
363
87
88
89
820
391
92
93
788
95
625
97
673
99
137
101
603
103
104
105
106
107
271
109
110
111
879
113
114
115
15
117
60
119
147
360
122
123
124
125
126
806
128
129
130
789
439
133
350
135
136
889
35
139
591
481
756
570
144
145
76
547
675
149
150
151
152
153
696
713
589
548
13
159
233
161
473
163
164
979
166
167
168
760
170
515
172
173
690
175
176
975
307
777
180
181
182
529
184
185
186
187
339
811
414
874
192
193
194
195
196
816
198
467
200
315
202
32
204
222
651
207
208
209
210
211
212
213
214
918
216
217
215
219
220
221
246
699
224
980
226
100
759
229
230
231
232
324
234
855
407
237
238
239
546
241
242
243
943
245
249
247
248
71
368
793
252
244
254
255
907
9
897
259
260
261
262
263
826
265
266
267
51
269
270
108
272
273
274
28
873
277
140
279
280
281
282
283
707
506
286
287
288
289
290
291
841
728
890
295
490
297
298
299
300
805
302
719
304
812
3
901
347
309
310
311
455
535
314
941
647
317
415
319
320
321
397
323
865
381
326
327
328
329
435
331
332
333
569
335
336
337
338
334
340
406
495
343
344
345
346
308
861
859
162
795
352
353
354
355
356
669
358
480
121
361
362
86
364
637
142
367
250
369
370
371
762
373
866
498
376
511
837
379
380
42
382
383
384
385
386
732
388
389
390
91
988
937
394
395
396
322
929
399
400
401
822
403
754
465
484
236
408
409
240
512
412
413
635
318
416
417
418
366
420
551
422
423
424
425
426
427
428
429
920
431
432
433
434
330
436
437
392
132
440
441
984
33
444
445
963
447
448
449
501
462
452
453
301
312
456
734
438
459
660
905
451
463
276
405
700
199
468
469
470
567
629
31
474
475
932
189
478
479
359
6
112
483
341
771
85
773
896
489
296
491
492
493
372
633
496
497
533
499
268
450
656
503
504
505
758
507
539
509
510
52
411
725
514
860
516
517
518
519
520
792
522
697
894
525
526
527
528
814
530
531
532
540
959
313
536
537
538
508
763
541
542
543
556
895
410
120
948
597
550
54
552
43
554
555
923
917
558
858
560
985
562
563
564
775
995
745
568
188
143
571
572
573
810
575
576
577
925
197
580
581
582
886
584
585
914
587
201
156
787
614
592
593
594
595
596
549
598
958
600
710
602
676
90
605
44
607
34
609
670
611
612
952
223
615
616
922
618
751
620
621
692
655
624
997
626
627
628
642
630
631
632
972
634
912
636
365
638
639
643
641
472
783
644
645
293
316
919
649
650
559
652
653
693
870
502
657
868
203
460
661
662
671
664
665
666
667
668
357
720
482
672
98
674
807
523
677
678
679
712
681
911
683
684
685
127
56
688
689
174
292
622
654
46
845
154
746
698
256
610
701
702
703
39
842
706
349
708
709
990
116
680
757
714
715
716
717
928
303
466
872
722
723
724
513
726
727
976
729
730
731
387
278
457
735
736
737
738
766
769
741
742
743
96
471
981
747
748
749
750
619
832
733
404
41
81
155
285
228
169
761
494
900
764
765
739
767
73
118
770
485
772
966
774
565
776
179
778
779
780
781
782
640
784
785
786
590
94
131
790
791
11
251
794
623
191
797
798
393
800
801
802
803
804
454
686
148
808
809
77
477
305
691
183
815
579
817
325
819
658
821
402
823
824
617
264
827
828
829
599
831
752
711
553
835
836
378
838
839
935
813
705
843
844
695
846
847
848
849
885
50
852
853
882
235
856
857
446
284
171
348
862
863
16
486
374
27
913
869
351
871
419
604
796
875
876
877
29
663
880
881
854
883
884
850
583
887
141
227
294
891
892
893
524
545
488
955
898
899
375
178
902
903
978
606
906
487
908
909
910
682
962
464
586
915
916
557
218
648
430
921
62
544
924
578
926
927
718
398
930
931
476
933
934
840
936
799
938
939
940
5
942
253
944
945
946
947
157
26
950
190
613
953
954
258
956
957
721
534
960
961
951
63
964
965
36
967
968
970
969
971
834
973
974
177
646
977
904
165
225
102
982
983
442
588
986
566
987
753
601
991
992
993
994
851
996
744
998
999
1000
