1
715
3
4
181
6
7
8
9
10
11
12
13
30
240
348
287
18
19
20
21
22
23
24
721
26
227
28
29
766
648
32
609
34
942
36
464
38
39
188
41
737
491
670
45
46
47
48
49
50
99
730
53
824
335
56
57
428
299
60
61
945
63
232
425
66
668
68
212
70
129
352
780
300
919
76
77
78
482
467
81
82
83
84
673
86
87
794
89
90
153
92
62
94
657
249
97
542
987
100
101
408
722
159
164
828
107
108
109
110
111
112
113
114
115
116
117
118
119
120
121
122
799
124
125
126
127
128
325
946
131
318
133
134
135
136
137
585
699
140
141
142
143
144
611
146
147
862
630
653
151
152
166
154
750
156
157
158
104
160
202
602
163
105
756
91
167
168
169
415
881
172
173
846
175
180
177
178
179
785
5
841
183
370
185
186
187
954
189
556
191
192
193
726
195
817
921
764
198
597
201
161
203
204
403
913
368
853
209
210
369
69
891
214
215
741
217
218
219
220
208
222
223
224
972
226
27
228
229
17
231
64
233
437
488
236
237
238
239
548
725
242
494
244
245
246
247
248
651
962
251
641
253
254
255
256
257
258
259
646
272
316
724
264
265
266
620
55
269
845
271
261
273
42
275
981
277
278
279
387
435
705
283
284
285
595
35
288
289
95
291
567
466
294
295
250
297
298
59
74
301
629
857
683
786
306
307
308
535
626
311
472
313
843
315
262
701
132
347
320
825
322
323
324
984
326
327
328
329
997
927
907
333
373
550
336
508
338
816
930
341
342
343
344
345
989
361
823
349
503
351
72
477
354
355
276
357
456
312
360
319
362
363
366
365
75
145
207
211
184
371
372
538
374
596
453
988
378
96
835
381
898
383
384
385
386
337
388
389
682
14
392
393
394
636
533
565
519
399
400
660
903
205
404
405
406
407
102
409
339
411
547
376
414
170
416
171
418
410
420
421
422
423
424
65
729
427
58
625
549
431
616
433
434
532
517
93
67
591
740
274
442
443
462
445
446
447
684
449
450
451
452
575
454
870
413
457
458
52
460
461
444
974
37
465
293
912
676
469
470
471
796
473
474
969
476
292
478
496
672
481
475
194
484
892
486
487
745
489
490
43
937
493
243
495
531
497
498
499
500
501
502
350
504
505
506
507
280
509
867
235
736
607
514
515
516
436
518
15
520
521
522
523
524
525
526
527
528
529
530
479
281
868
534
309
536
537
358
51
123
541
920
543
544
545
546
412
874
430
810
551
552
553
554
555
190
557
558
559
976
561
580
563
564
656
712
353
944
569
570
614
965
573
574
455
44
856
578
579
562
581
775
583
584
138
586
587
588
589
590
439
592
593
594
286
902
200
598
599
821
601
162
603
604
605
606
340
608
485
610
367
612
429
571
615
432
617
618
847
267
621
895
872
624
746
310
627
628
638
149
631
174
330
634
635
809
334
492
639
640
252
346
643
644
691
260
647
31
649
650
928
480
941
654
948
397
290
165
659
401
642
662
663
664
665
666
694
438
669
576
623
652
85
674
139
148
677
678
679
680
681
755
958
448
685
686
687
688
689
690
788
692
693
667
695
696
697
986
675
700
317
934
703
704
282
706
707
994
839
710
711
566
713
762
440
716
717
718
719
720
25
103
723
263
241
883
727
613
658
792
731
732
733
734
735
512
806
738
931
777
216
742
743
744
511
728
747
827
749
155
751
752
753
790
778
886
757
758
759
760
761
714
763
199
765
391
767
768
769
770
771
772
773
774
582
776
356
390
779
831
781
150
783
784
176
305
787
645
789
754
791
459
793
88
98
398
797
798
540
800
801
802
803
396
804
441
807
808
395
359
811
812
813
814
815
419
196
818
819
820
600
539
16
54
321
826
748
106
829
830
73
331
833
834
380
332
837
838
213
840
182
842
314
844
940
632
619
848
849
896
851
852
402
854
855
887
303
858
859
966
861
468
863
864
865
866
510
633
869
268
871
671
873
979
875
876
877
878
879
880
417
882
963
884
885
71
795
888
889
890
709
33
893
894
622
925
897
382
899
900
901
375
302
904
905
906
836
908
909
910
911
80
206
914
915
379
917
918
661
577
197
922
923
924
850
926
832
916
929
513
739
932
933
782
935
936
221
938
939
270
702
230
943
568
234
130
947
655
949
950
951
952
953
40
955
956
957
304
959
960
961
296
985
964
572
708
967
968
79
970
971
225
973
463
975
560
977
978
637
980
2
982
983
426
483
698
822
377
364
990
991
992
995
860
993
996
805
998
999
1000
