1
150
3
4
5
7644
770
8
9
10
11
2783
8578
14
15
8388
7244
6575
19
8691
9632
4607
7670
916
25
26
27
2796
6909
30
31
32
1573
34
2395
8133
37
8422
5133
40
5130
42
9308
1896
45
46
7539
48
49
50
51
52
53
83
55
5975
57
4517
6679
60
6619
62
63
2337
65
6974
67
68
69
70
7384
3695
73
74
8792
76
77
78
2032
80
81
5643
54
84
85
86
87
5075
5112
9142
3477
3120
93
94
95
8654
9486
98
99
961
101
102
103
104
105
2659
107
108
1477
2847
111
112
113
4208
115
116
1778
118
119
120
121
122
123
2522
125
126
127
6335
129
9906
5172
3142
133
134
3956
136
137
138
139
140
141
142
3346
144
145
4212
147
148
149
2
6049
152
153
8994
8395
156
927
7655
6558
160
1565
2752
163
8858
165
5487
167
2484
169
170
428
8643
173
174
175
6928
7488
2766
5042
6750
181
282
183
717
185
4068
9734
188
189
3799
7657
6046
193
194
9394
5293
197
9232
199
1603
3019
202
3808
1537
9461
6085
1054
208
209
4758
211
8839
2894
214
215
4393
217
218
5497
220
221
222
223
224
6751
226
389
378
229
230
231
2953
233
649
385
236
237
6263
239
240
241
4801
243
244
245
2074
5018
248
3736
250
7192
6406
253
6498
255
256
257
3803
1335
260
7574
262
263
7944
6521
266
267
268
269
270
271
9242
273
274
5114
276
277
278
4565
280
594
1618
283
284
3266
8618
287
288
289
290
291
1094
5996
294
4009
296
8371
3399
299
300
301
302
303
304
305
306
307
2855
8127
310
8341
976
7300
314
315
316
317
318
319
9540
4397
6531
323
324
325
326
327
328
638
330
331
5198
2162
334
7213
7914
2757
5486
3183
4955
341
342
8439
8442
345
2099
347
348
349
350
5520
352
353
354
355
356
357
358
359
360
361
362
363
364
1321
5781
367
2468
4569
370
1818
7970
373
374
565
376
377
1734
3278
4027
381
4936
8036
384
235
386
387
388
7235
390
295
392
5291
394
2958
7298
397
3395
8050
8573
8518
402
3497
404
7634
406
1878
408
6219
6187
411
412
413
414
415
4303
8007
5399
419
4963
421
6224
423
424
6824
752
4175
171
5886
430
865
432
7866
8622
435
9364
8437
6107
439
1859
441
5686
443
5152
445
446
447
448
8047
8601
451
1313
453
8524
455
1269
457
458
459
9172
9759
7996
463
464
465
466
467
3398
3629
470
471
3904
3482
2872
475
476
7795
4118
479
480
8613
4188
3508
6392
485
2138
487
488
489
9777
4958
4040
6383
494
1493
496
1950
498
499
500
5718
502
503
6037
2605
506
507
508
553
7119
511
512
513
514
515
5185
517
518
7718
706
521
8446
8458
2036
525
4577
9198
5598
8955
3709
8724
532
533
534
952
536
537
538
539
540
541
1754
1363
1745
545
546
8519
548
7428
9623
551
6229
677
6313
555
9355
557
558
559
560
1923
9729
4192
7400
375
566
5573
8869
569
7650
571
572
5609
8299
8656
3801
9292
578
579
2936
581
582
583
2283
585
9633
9262
5699
589
9840
591
3512
1945
4240
2482
2669
597
598
599
600
601
602
603
604
980
3079
607
8690
609
610
611
612
613
614
2793
616
617
618
619
620
621
5407
7734
624
625
6009
4868
628
629
630
593
632
633
3106
635
636
637
329
4423
640
2281
1650
643
2627
2171
646
647
648
234
650
651
652
9197
654
2456
686
7104
8870
9203
701
661
662
2006
4848
665
7091
4097
668
669
8649
3716
2823
673
674
675
293
337
678
6011
8936
1535
8802
2141
9836
7142
3866
3437
688
689
690
691
692
6309
694
695
696
697
4586
699
2633
660
5353
703
1083
705
8771
9587
6963
709
1314
711
8443
2827
714
715
716
184
4262
719
720
7207
722
723
3366
725
9048
727
728
729
938
731
732
733
5914
735
9125
737
6938
739
740
741
4815
743
5989
745
746
747
748
8560
750
8038
1590
753
2212
4906
756
757
9114
759
760
9326
762
763
6865
765
766
767
768
769
7
771
6760
8961
8278
775
3435
777
2834
4216
780
4401
482
9348
784
785
7901
3785
788
789
790
9607
792
793
794
795
5117
928
798
799
7106
801
3036
6437
804
805
806
807
808
809
2243
6688
6203
8652
814
8421
816
817
3749
5844
4556
821
822
823
824
825
8651
827
3097
829
830
831
832
833
834
835
836
6638
838
8953
840
841
5006
843
8372
3295
4137
6038
848
8237
850
4480
1397
853
854
855
4733
857
858
859
8774
861
9022
863
864
2568
1176
867
868
869
6793
5142
872
873
7456
9504
6774
877
4215
879
880
881
399
883
884
885
886
887
888
1722
890
891
892
893
3269
4731
9088
897
898
9940
7720
901
6235
903
904
905
906
907
5052
909
910
911
5450
2078
914
915
24
917
4479
919
8565
6388
3559
923
924
925
9181
157
797
1219
930
931
932
933
934
935
9382
627
366
6288
940
941
942
943
1515
6654
946
947
948
949
2360
1846
535
953
954
955
956
957
958
959
960
100
3748
963
2681
5201
966
2448
968
969
3083
913
972
88
974
3687
312
6307
978
979
9645
981
982
983
984
8886
1302
987
988
989
8173
6740
992
5494
994
995
5610
6213
1184
5746
1000
1001
7677
4028
1004
8497
1006
1007
8280
1009
1010
1011
1012
1013
1014
1015
1016
1017
8468
1019
5930
7787
1022
8568
2736
1025
7312
3900
6110
1029
1030
7427
1032
4939
1034
1035
1036
1037
1038
1039
7750
1041
1349
1043
1044
1045
4552
5528
1048
1049
1050
1698
1052
1053
207
1087
1056
1057
4927
9673
1060
1061
1062
1063
1064
3924
7234
1067
4994
1069
3523
6205
5304
1073
1074
1075
2807
1077
1078
1079
1080
1081
1082
704
1084
2538
7381
1055
1088
1089
9527
1091
1092
1093
9592
7171
4091
1097
1098
1099
1100
8841
1102
1103
8088
4006
1106
1107
1108
1109
4223
1111
164
1113
7569
6516
1116
713
1118
7910
1120
1121
1122
1123
1124
6972
1126
4094
4255
2081
1130
1131
369
6164
5619
416
8077
7861
1138
1233
1140
1141
1263
1485
4487
1145
1146
1147
1148
1149
1150
1151
4220
1221
4619
1155
3279
1157
1158
1159
1160
1161
7073
1273
4093
1165
1166
3239
1168
1169
1170
6639
1172
1393
9596
1175
7534
1177
6382
8253
6560
1181
6908
2505
3572
1185
1186
1187
1188
1189
1190
6264
1192
1193
1194
1195
1196
1491
1018
5608
3638
1201
1202
1203
1204
1205
1129
1207
1208
3984
1210
1211
1212
2892
4389
8715
1216
1217
1606
3169
7206
908
1222
1223
1224
4709
3514
1227
1228
1229
1230
8267
1232
5288
8542
8384
1236
1237
7076
1239
1240
1241
4723
1243
2572
1360
8846
1247
1248
1249
7247
9505
9387
1253
1254
1255
6113
5509
7072
9230
1260
1261
6572
8954
1264
1265
542
1267
1268
456
1270
1271
8140
1163
1274
1275
1276
6056
1278
1279
1280
7705
5726
1283
8034
1285
1286
1287
1288
6228
1290
1291
3426
1293
1294
1226
1296
1297
1298
1299
6064
1301
986
1303
1304
4685
1306
1307
1308
684
5245
1921
1312
8381
5706
1315
2976
1317
1318
5864
2384
365
1322
9613
106
1325
5547
1327
1328
1329
1330
1331
4549
1333
6429
2363
1336
6666
7575
5877
7251
6692
1342
1351
3543
1345
2888
3360
6044
4706
4747
6546
1352
2760
1354
8783
5451
1357
3996
2294
1245
2165
1362
4298
1364
8673
1373
1367
1368
1369
1370
9178
1372
3108
1374
1375
1376
1377
1378
5732
1380
1381
1382
1544
1384
2495
1386
1387
1388
623
7597
4144
8070
9796
5329
1395
5166
852
1398
1399
5845
1401
1402
1403
6070
9017
1406
1407
1408
8279
2000
3129
1412
1413
1414
1415
5674
2065
1418
8684
1420
1421
1422
6448
1424
1425
1426
1427
1428
1429
1430
1431
1432
1433
3466
1435
1436
7068
6562
1439
4972
1441
1442
1443
7494
1445
1446
5965
1448
5345
6719
1451
1452
1453
8494
8348
1251
1457
1458
1459
1460
9877
5141
1463
1464
1465
1466
1467
1468
1469
1470
9033
1472
1473
813
1475
7953
5862
5762
1479
1480
1481
1482
7033
4099
5993
1486
1487
1488
8467
1490
1197
1492
8959
1494
1495
9583
2565
1498
1499
1489
4892
382
1503
7030
951
1506
4647
1508
1509
3485
1511
1512
1513
1514
944
1516
1517
1518
1519
1520
7744
1522
7259
3284
1179
1231
1527
1528
9466
4598
1531
1532
1533
1534
8834
1536
9378
1538
1539
1540
8867
1542
9010
1383
1545
1546
1547
1548
7212
1550
1551
7845
1553
8058
6181
1556
1557
1558
1559
1560
5776
1562
9833
1564
2988
1566
4715
1568
9689
3066
7993
1572
33
1574
1575
1576
5204
9518
1960
1580
1581
1582
8679
454
7837
1586
3619
1588
1589
5967
1591
4260
1593
1594
1595
2700
1597
3418
1599
4013
2835
1602
200
7124
1605
9746
1607
1608
1609
1610
1611
1612
1613
1614
1615
1616
1617
6992
1619
1620
1621
5980
1623
9427
1625
1626
2617
2286
1629
1630
1760
1632
1633
1634
1712
1636
2886
1638
2397
5224
1641
5838
8998
8688
1645
1646
2196
1648
1649
642
5094
1652
2706
338
1655
3746
2076
1658
5057
1390
4182
6278
1663
2432
1665
1666
1667
5831
1669
1670
820
1672
1673
4151
1675
1676
1677
1678
6024
9349
1681
5392
1899
1684
8200
1686
1687
3774
1689
1690
4773
1692
3612
1694
1695
9126
4804
1051
1699
1700
4150
1702
1703
1704
1705
7035
2708
1708
1709
1710
1711
8772
8281
6721
1715
1716
1887
1718
2064
1720
3793
889
5908
1724
1725
8066
1727
2261
1729
1730
9070
1732
1733
228
3388
3828
5062
8386
1739
1740
1741
1742
5539
4945
544
1746
1747
1748
6633
8350
6296
1752
4293
1266
4070
9610
1757
3817
8211
5871
442
1762
1763
1764
8318
1766
1767
1768
6230
4944
7704
1772
3988
3626
5784
1776
1777
117
1779
1780
1781
1782
4760
1784
3047
1786
1787
1788
1789
1790
531
1792
5523
3123
1795
5436
1797
1798
826
9730
1801
1802
6744
7877
1805
1806
1807
1808
1809
1810
2164
1812
9824
4991
1815
1816
1817
371
1819
1820
1821
2185
1823
2723
1825
1826
1827
1828
5202
1830
1831
1832
1833
1834
1835
1962
8826
1838
4428
3290
2238
1842
631
1844
1845
9685
2147
1848
1849
1850
7493
7652
5947
5482
6969
1856
5492
1858
82
9224
1861
7805
7340
1864
1379
8664
1867
1868
1869
1870
1871
1132
1873
1874
7110
1822
7687
407
1920
9380
1881
1882
2254
1884
1885
1886
7343
1888
1889
9778
1891
2794
9082
1894
5164
5597
1897
1898
1683
4049
8300
1631
1903
1904
1905
1906
4190
7980
1909
5100
1911
1912
1913
9789
3992
7596
3460
1918
9407
3688
1311
1922
561
38
1925
1926
1927
3529
3194
1930
1931
2955
6855
1934
2312
1936
7446
520
1939
5466
3964
1942
1943
8830
1843
4571
5921
9163
1949
497
3838
1952
2517
1954
1955
1956
1957
1958
1959
6830
1961
1836
1963
7087
9406
1966
1967
1968
7632
1970
5601
3642
8920
1974
1975
1976
9781
1978
1979
1980
1981
1982
1983
9361
3371
1946
1987
5367
1989
1990
1991
1992
4639
1639
6526
1996
1997
8900
1999
5654
2001
2002
2661
2004
2250
663
2695
2008
7219
2010
2011
8512
2951
912
2015
6530
6790
2018
2019
7472
6433
2022
2023
2024
8168
8503
2027
2028
2029
3271
5260
79
2033
9475
5883
524
2037
2038
2039
4478
2041
4194
3199
3309
2601
8163
2176
2048
2049
2050
2051
9346
1890
4383
2055
2056
2057
9477
2059
2060
2061
8360
4227
1719
1417
2066
2067
837
7273
2070
5314
1143
683
6689
7701
1657
2077
4164
8630
2080
7056
368
2083
2084
2085
2086
2087
2088
9517
2090
2091
3171
2093
9031
6266
8526
5406
5169
4084
2100
2101
7118
6566
2104
5861
4764
5131
5414
2109
2110
2111
2112
2113
4509
4775
2116
8335
2118
2599
7387
7543
2122
5285
6346
3569
6550
2127
9439
2353
2130
2131
4254
1404
2134
5360
2136
2137
9903
2139
2140
2073
2142
7175
8934
5806
2146
810
8328
2149
2150
1866
6065
2153
1693
9372
2156
5069
6641
9814
2160
2161
3647
8015
5262
4740
2166
2167
2168
2169
2170
1770
2172
2173
2174
8885
2047
2177
9873
6185
2180
2181
7169
2183
2184
7265
2186
2187
2188
2189
2190
8212
1027
2193
5423
2195
1258
2842
2198
5768
2566
2201
2202
3173
6438
2205
8485
9885
4784
2209
2210
2211
754
2213
238
681
2216
2217
2218
2219
2220
2221
2866
2223
2224
7563
2226
4993
2228
2229
2230
2231
8319
2233
2234
2235
2236
4846
1944
2239
4628
2241
7946
1847
2244
2655
2246
2247
2248
2249
2005
2251
2252
4173
7986
2255
2256
3568
6965
2259
2260
3473
1305
2263
2264
2265
2266
4153
2268
2269
6506
2271
4045
2273
2274
8879
1250
2277
2278
2279
2826
641
2282
584
3281
2285
1628
8763
6932
6651
2290
2291
2292
3092
275
2295
2296
1530
2298
2299
8951
7679
2302
2303
7029
2305
8282
2307
2308
8082
2310
4129
8788
2401
1198
4508
2316
2317
556
2319
2320
6511
3771
2323
2324
4238
2326
7708
2328
4643
2330
2331
9330
2333
965
6691
2336
2026
2338
3093
2340
2341
2622
5276
3070
6323
2346
6861
2348
2349
5526
2425
2352
6959
1953
2355
2356
2357
4371
9794
950
7890
2956
259
5632
570
4000
2367
2368
9742
3859
2371
5358
2373
2374
2375
4631
4388
2378
2379
4054
2381
1761
2383
1320
6156
2386
2387
5302
6029
2390
4087
2392
2393
7257
35
2396
3673
9973
8053
9164
1935
2402
6292
5259
2405
2406
2407
7673
9354
3103
2411
2412
2413
2414
1765
7990
5628
2418
4908
5703
2421
9858
2423
2424
3333
5533
2427
1112
2429
6077
2431
5140
2433
2434
2435
6282
2437
2438
2439
2440
8351
2442
5359
4671
3798
2446
2447
967
2449
2450
6581
2452
2453
2454
2455
72
2457
2458
5600
2460
8740
2462
3502
2464
2465
2466
2467
7457
7491
2470
6886
2472
6327
2474
2475
6041
2477
2478
4969
2480
2481
595
6050
2654
2485
2486
2487
2488
5635
2490
6013
2492
2493
4180
1385
2496
6881
2498
4839
2500
2501
2502
2503
2504
1183
2506
2625
2508
4256
2510
9529
2512
4458
2514
2515
9234
2354
8105
2519
2520
2521
124
8338
2524
2525
6174
8949
2528
2529
2530
2531
2532
2258
3728
5881
4566
4016
1085
2539
2540
2541
2542
6903
6985
2545
2546
2547
2548
2549
2550
2551
2552
3875
6348
693
7162
2557
8548
2559
2560
2561
2562
2563
4459
1497
2200
8329
431
6321
132
4941
3057
2573
2574
2575
321
2577
2578
2579
9408
1409
2582
2583
1552
2585
2586
7502
2588
2589
4901
2591
2592
3969
2594
4019
6367
2597
8433
2119
5912
2982
4491
2603
2604
505
2606
2607
2608
2609
2610
1502
8828
2613
9362
2615
9099
1627
1262
2619
2620
2621
2342
2623
2624
2507
8490
644
4532
2629
9392
5318
2632
700
2634
2635
1444
6283
9106
2639
2640
2641
2642
2643
4897
3583
2646
5583
2648
9601
2650
2651
8833
2653
3178
2245
2656
6956
4030
1028
2660
7180
2662
4408
5833
2665
2666
5902
2089
596
2670
3073
2672
2673
2674
8450
2676
2677
2678
8570
2680
964
2682
2943
2684
2685
3348
2687
2688
2636
2690
2691
2692
2693
3796
2007
6795
6569
3510
2699
552
2701
6408
2703
2704
2705
4336
6014
1707
2709
2710
7923
2712
9025
2714
2715
2716
3386
2718
2719
2720
2721
2370
1824
2724
2725
2726
8840
2728
6758
5163
5852
333
7069
2734
2735
1024
6487
9772
5531
2740
2741
7240
2743
2744
2745
1971
2747
2748
4301
2750
2751
9854
4776
2754
2755
2663
4039
2758
590
7027
2761
4719
6036
2764
7236
178
2767
2072
3026
7564
2771
4914
8305
9422
2775
2776
7548
2778
4813
9887
8004
2782
12
2784
4650
2786
2787
2788
6703
2790
7749
2792
8028
1182
2795
7695
2797
2798
2358
2800
5832
8374
8126
9487
7296
3354
3874
2808
2809
1688
5530
7747
2813
2175
2815
2816
2817
8056
2819
5698
4369
2822
9910
6988
3243
9239
4202
2828
9924
2830
2831
6053
2833
7495
7008
9497
7139
2838
2839
2840
2841
3404
8245
2844
2845
2846
110
2848
3448
2850
6766
2852
2853
2854
1104
4323
2857
2858
29
2860
9847
2862
4252
2864
2865
3445
2867
2868
9451
6501
2871
710
2009
2874
2875
3824
2877
2878
2879
2880
1366
2882
8311
2884
7509
1637
2814
8910
2889
2898
2991
1213
2893
213
2895
2896
8475
2890
2899
6736
2399
2902
1361
2904
2905
2906
2907
2908
2909
2910
4098
2912
5727
3872
2915
2916
2917
2918
2919
2920
7919
2922
2923
2924
8667
2926
2927
2928
5046
2930
2931
2932
2933
7591
2935
580
2937
2938
2939
1289
2941
2942
7959
2944
7916
2946
2947
4536
2949
2950
2013
2952
232
9809
1932
4033
2957
2409
2959
2960
7499
4977
2963
2964
2965
2966
2967
2968
2969
2970
9971
161
2973
2974
2975
8941
2977
2978
2979
2980
2981
2045
2983
1277
7898
2986
2987
2972
2989
6355
6305
2992
2993
8426
2995
4026
2997
7178
2999
4422
3001
3002
3003
3004
3005
3006
6949
8326
3009
3010
3234
3012
3013
3014
5391
8136
3017
3018
201
3020
6924
3022
3023
3024
2192
2769
3027
3028
3029
3030
3031
9333
9783
7542
3035
802
3037
3038
3039
6000
3041
3042
5081
3044
3045
3046
7335
3048
3049
866
3051
3052
3053
3054
3055
4573
4691
3058
7907
8703
3061
4894
3063
3064
8409
1570
3067
3068
3069
7263
3071
6158
8416
3074
3075
5252
1756
7464
606
8580
3950
3082
2900
899
3085
3086
3087
3088
3089
3090
4721
2293
2339
3094
3095
3096
828
3098
3099
3100
7810
5918
2400
3104
7239
6447
3107
7054
3109
3110
3111
3112
7486
3114
3115
3116
3117
3118
3119
92
3121
71
332
3124
3125
3126
3127
9145
7379
3130
3131
3132
8234
3134
8683
3136
3137
3138
3139
2694
3141
1744
3143
3144
3405
3146
3147
7927
3149
3150
3151
3152
3153
3916
3155
1455
3157
5138
340
1804
3925
3162
3163
4195
4980
7832
3167
3168
929
3170
2092
3172
6350
7101
8617
3176
3430
168
3179
3122
2584
3182
339
6270
588
3186
3187
4267
3189
3190
3191
3192
3193
9489
3195
3196
7528
3198
4265
3200
3201
3202
7473
3204
687
3206
3207
3208
3209
2914
3971
1877
3213
9581
3215
3216
3181
3218
3219
2075
3221
3222
7391
3224
3225
3226
3227
3228
3229
3230
3231
3232
3233
6106
3235
3236
3237
3238
1167
4374
6236
7994
2825
3244
3245
3246
3247
3248
3249
3250
403
3252
3253
3254
3255
3256
20
7558
3259
7449
3261
176
6635
2062
3265
2020
3267
1419
1799
6100
2030
3272
3273
3274
3275
3276
3277
3034
1156
2389
2284
3282
5503
1524
6745
3286
3287
3288
9810
1840
3291
655
7562
7674
5355
3296
1592
5913
3299
3300
3301
3302
4809
3304
3305
438
3307
3308
5398
3310
6706
2576
3313
3314
3315
3316
3317
3318
3319
3320
6449
3322
5065
3579
3325
3326
3327
8822
3385
3330
3331
3332
2351
5158
3335
166
4511
3338
3339
2372
3341
2194
9171
5368
3345
9011
1191
9155
9429
3350
3351
3352
8636
2806
3355
3356
8979
3358
3983
3790
3361
3362
3363
3364
3365
8445
3367
3368
1206
3370
3467
3372
3373
3374
7372
8001
3377
7032
8277
3380
3381
6486
3383
3786
3329
1096
3387
7445
3389
3390
3391
3737
3393
5741
7630
3396
8905
8533
2934
3400
5338
3402
5711
2197
308
3406
3407
7293
3409
3410
3411
3412
3413
3414
6583
3416
3417
4165
3419
9687
3421
2499
3423
4959
7254
7545
3427
3428
3429
7834
3431
8102
3433
3434
6033
3436
3205
3438
3439
3440
3441
6071
3443
3444
2222
3446
6252
2849
3449
3450
3451
3452
3453
3454
3455
3456
3457
3458
6190
1501
3461
3462
3463
3464
9389
1434
9761
3468
8225
3470
4046
3472
7627
3474
3475
3476
91
6043
3479
5891
3481
3738
7761
6645
6407
7865
3487
3488
3489
3490
3491
3492
3493
1026
3495
3496
9731
3498
2301
3500
8745
2133
3503
1394
3505
3506
3507
383
3509
2698
2031
8308
3513
1295
7871
3516
4705
3518
3519
3520
3521
3522
1070
5814
3525
3526
4122
3528
5737
9278
8466
3532
3533
3534
3535
2961
3537
2683
5758
6718
3541
3542
5736
3544
3545
3546
3547
3548
3549
3550
3551
3552
7541
3554
3555
3556
3557
7658
922
5121
4490
3562
3563
3564
3565
3566
3567
2257
8660
3570
3571
998
3573
3574
3575
5031
3577
3578
3324
3580
3581
3582
4693
3584
8732
3586
3587
5907
3589
3590
3591
3592
8687
3804
3595
3596
5186
3598
3599
8638
2749
3602
3603
3604
5320
3606
3607
3608
3609
3610
3611
2102
3613
3614
3615
9019
3617
3618
9509
8128
5946
4666
3623
8438
9827
1774
3627
3628
469
8248
4015
5701
1571
6832
3635
2304
3637
8037
6108
3640
3641
9606
3643
3644
3645
61
5023
3648
9483
3650
3651
962
3653
3654
3655
3656
9313
4829
3659
3660
9684
3662
1339
3664
1969
3666
5254
7525
8449
3670
3671
3672
8720
5709
4482
6754
3677
3678
2820
3700
3681
3682
3683
3684
3685
3686
975
1879
1995
6261
3691
3692
4587
8794
5502
1876
3697
3698
3699
6529
5455
3702
3703
1110
3705
3706
3707
3708
4626
1701
3711
2306
3713
3714
5723
671
3717
2287
3719
3720
3721
2929
3723
3459
3725
3726
7440
7410
6478
3657
3998
9874
7018
3734
7604
249
3392
5584
3739
3740
682
3742
3743
3744
3745
4196
3747
3652
818
3750
3952
3752
1101
3754
6459
8528
8122
3758
3759
3760
4924
5938
6848
3882
3765
3766
484
6588
3769
1180
9342
3772
3773
2810
3775
4451
7939
3778
3779
3780
3781
3782
3783
7829
6088
3384
3787
2069
3789
3527
3791
3792
1721
2727
3795
3140
3797
4562
1341
3800
5197
3802
258
4405
3805
3806
3807
203
3809
6320
3811
4844
7341
3814
3815
3816
1758
3818
3819
3902
3821
3822
3823
6167
4354
3826
9896
1910
3829
3830
3831
3832
7949
5127
7628
7015
3837
8875
3839
3840
3841
3842
3843
3844
2473
3846
3847
2151
3849
3850
436
3852
3853
3854
3855
3077
1127
3858
2722
3860
3084
154
3863
3864
3865
656
3867
3868
3869
3870
4655
8347
3873
8632
7295
3876
1510
4378
8916
3880
3881
3764
2403
5512
3885
3886
4342
1225
3889
3890
3891
3892
3893
2731
3895
7482
7680
3898
3899
8804
3901
5213
3903
472
3905
3906
3907
3908
3909
3910
3911
2385
3913
3914
3915
7930
8068
3918
3919
2335
3921
3922
3923
2408
3161
3926
5120
3928
3929
3930
3931
5942
3933
3934
4559
3936
3937
3938
3939
3940
3941
3942
8387
849
3945
3539
3947
3948
4427
4612
6966
7197
3953
3954
3955
135
3957
8180
6191
3960
3961
3962
3963
6074
6544
3966
4722
4602
6405
3970
3211
3336
3973
3974
7157
2756
3977
8061
4398
3980
3981
3982
3359
1209
3985
5772
3987
1773
3989
3990
3991
1915
3993
3624
3995
9603
3997
5101
3999
7610
4001
4002
4003
4004
4005
1105
4007
4008
4995
4010
4011
4012
1600
4140
4406
9496
4017
4018
1316
5151
4350
4022
2587
4024
2124
2996
2366
1003
4029
422
4031
4032
8331
4034
372
4036
3536
4038
509
492
4041
4042
4043
5012
2272
6045
4047
4048
1900
9476
4051
4052
7053
2380
4055
4056
4057
4058
4059
8761
4061
4062
1423
4407
6177
4066
4067
5504
4069
1755
4071
4072
4073
4074
4817
6743
4077
8204
5028
4080
4081
8227
4083
4589
550
4086
2391
4088
4089
4090
7567
4092
8785
4856
4095
4096
900
2911
1484
4678
5855
4961
4103
4104
4105
4106
4107
4108
64
4110
3862
9314
4113
996
3622
4116
41
478
4119
1474
4121
1119
4123
4967
7643
4519
2856
9414
9305
4130
4131
4132
4133
6072
5568
4411
846
4138
4139
7717
477
4142
4143
1391
4145
7042
4147
4148
172
7660
1674
5123
2267
4154
4155
4100
3884
4158
4159
6970
9987
4162
9644
971
6942
4166
4167
4168
4169
4170
6214
4172
8060
7857
427
4176
8808
6528
4179
2494
4181
1661
6808
7583
4185
4186
9608
782
4284
1907
4191
563
4193
2042
3164
1656
9650
4198
4199
4200
4201
1117
3394
4204
4205
4206
4207
4832
4209
4210
4211
9193
7533
4214
878
779
4217
4218
1717
8373
4221
4222
7552
4224
4225
6345
2063
664
4229
4230
4231
4232
6316
8769
4235
4236
4431
2325
4239
281
4241
4242
4243
5647
5714
4246
2537
4248
4249
4250
4251
2863
6273
2132
1128
2509
4257
4258
6361
4737
6477
718
4263
4264
2043
4266
7666
7467
4269
158
4271
6001
4273
7506
7292
4276
4277
8229
4279
8214
9666
4282
3033
4788
4285
8238
4287
5847
4289
9892
4291
4292
1753
4294
4295
4296
4297
543
4299
8773
3601
4302
1135
4304
4305
4306
9356
4308
7859
4310
4311
4312
4313
3262
4315
4316
4317
4318
4319
4320
4321
4322
7009
4324
5840
4326
4327
4328
4329
4330
4331
4332
4333
4334
4335
2590
4337
4338
4339
4340
4341
2262
4343
7080
9026
3515
4347
4348
4349
4617
4768
4352
4353
3825
4355
4356
4357
4358
4359
7968
4361
4362
4363
4364
4365
4518
4367
4368
1860
4370
685
4372
4373
3240
8484
6062
4377
3878
4379
4380
4381
4382
2054
4384
4385
4386
4387
4237
1214
4390
4391
4392
216
4394
4395
5747
9637
6590
4399
4400
781
4402
4403
4404
2730
3631
4064
3976
4409
4410
4275
4412
4413
4082
4415
4416
5097
4418
4419
8359
4421
5135
8453
4424
4425
4426
3949
3756
4429
4430
2377
4432
8051
2035
5300
4436
4437
4438
4439
4988
4441
4442
4443
5651
4445
4446
4447
4448
4449
4450
3776
4452
6012
4454
3712
4456
7556
5243
6151
4460
4461
4462
4463
4464
4465
4466
4467
4468
5159
9229
7105
9136
4473
4474
6856
4476
3943
2040
1664
851
4481
5887
7730
4484
4485
6846
6192
4488
4489
5387
1483
4492
4493
4494
5715
4496
4497
4498
4499
3156
4501
1680
4503
4504
4505
4506
1643
2315
2114
4510
8477
4512
9589
8264
4515
4516
58
4366
4126
4520
4521
4522
9241
5431
4525
4526
4527
4528
3499
4530
9813
5922
4533
6173
4535
2948
4537
1726
4539
6986
4541
4542
4543
4544
4545
4546
4547
4548
1332
4550
7058
1046
4553
4554
4555
1671
6120
4558
3935
4560
4561
2445
4563
8919
9499
2536
4567
4568
7620
5124
2553
7167
3056
4574
4575
4576
526
4578
4579
4580
4581
4582
4583
4584
4585
7637
3693
4588
346
4590
4591
7883
7017
4594
4595
9200
4597
2297
4599
4600
4601
6598
4745
4604
5670
4346
22
4608
4609
4610
4611
3081
4613
4614
4615
4616
1554
4618
8382
4620
5829
4603
4623
4624
4625
530
192
5801
4629
4630
2376
9075
2837
1031
7997
6311
4637
4638
1993
4640
5614
4642
2329
4644
4645
8380
7766
4648
4649
2785
4651
4652
4653
4654
3871
4656
5378
5079
4659
4660
4661
4662
4663
4664
5129
4115
4667
4668
4669
3730
2444
4672
4673
4857
4675
4676
4677
7998
5935
4680
8815
4682
4683
4684
4117
1068
5335
4688
4689
4690
7186
4692
5950
4694
4695
5264
1998
4698
4699
4700
7366
4702
4703
4704
5093
1042
4707
4708
3888
4710
4711
4712
4713
4714
8736
4716
4717
4718
2762
2649
3091
6186
1242
4724
2359
490
7738
3553
4729
4730
6906
9059
856
4734
4735
4736
586
4738
4739
2903
4741
3777
4743
4744
4622
4746
1350
3040
4749
4750
4751
4752
4753
6933
2120
4756
4757
5826
5170
9888
9398
4762
8251
2106
3834
4766
4767
6034
4769
4770
4771
4772
1691
845
2115
2753
4777
4778
3968
4780
4781
8022
936
6315
4785
573
5292
2759
6825
4790
4791
4792
4793
4794
4795
4796
4797
4798
2345
7130
7600
4802
4803
1697
4805
4806
4807
4808
3303
4810
4811
8154
2779
4814
1644
4816
5118
4818
6732
4820
4821
4822
4823
4824
7935
6393
7231
8574
3658
1994
4831
9357
4833
4834
4835
2021
4837
4838
6973
4840
4841
4842
4843
1567
4845
2237
4847
7911
4849
4850
4851
4852
4853
7785
4855
3447
4674
1456
4859
4860
426
4862
4863
4864
4865
1735
4867
6412
5549
4870
7333
4872
4890
4874
4875
4876
1829
8087
4879
4880
4881
4882
4883
4884
4885
4886
4887
6145
4889
4873
4891
1917
4893
5579
8130
4896
2644
4898
4899
4900
3432
5248
5731
4261
4905
755
4907
7884
4909
7040
4911
4912
4913
5519
3442
4916
1852
4918
4919
9360
6508
4922
4923
3761
1416
4926
1058
4928
4697
4930
9595
4932
8758
4934
4935
6800
4937
5232
5929
4940
2571
4942
4943
645
2570
4946
4947
2034
4949
4950
4605
776
4953
4954
6325
4956
6579
1660
8413
4960
7892
4962
7565
1411
4965
5346
4124
4968
2479
6304
4971
1440
4973
4974
4975
4976
3369
6399
4979
3165
8743
4982
4983
143
4985
4986
4987
8590
242
6960
1814
6450
2227
5443
391
4996
4997
9539
7062
5000
5001
5745
6139
5004
3021
6479
5007
7840
5009
8605
6670
4044
5013
5014
5015
4063
5017
247
5019
5020
5021
5022
4825
5024
5171
5026
5027
4079
5029
5769
3576
5032
8487
5034
5035
5036
5037
1751
5039
5040
5041
5235
5043
5044
5045
3722
5047
5048
5049
5050
7374
1153
5053
5054
5055
7757
1659
5058
5059
5060
5061
1737
5063
5064
8824
5066
5067
2658
7246
5070
2732
5072
5073
4635
973
7307
5077
5078
7327
5080
3043
5082
5083
5343
5085
5086
5087
5088
5089
7131
5091
5092
8208
1651
5095
5096
4417
5098
7484
2569
3731
5102
5103
7288
5105
5106
9437
5108
5109
5110
791
89
8985
6656
5115
5116
8024
3679
5119
3927
6617
5572
4152
9705
5125
5126
2182
8090
4665
1136
8689
8606
39
5134
3000
5173
5137
3158
2422
918
1462
871
9227
5144
5145
5146
5147
5148
5149
5150
7242
444
8054
5154
1947
5672
5157
3334
4469
8064
5161
5162
3594
1895
5165
5458
5167
5168
2098
5223
5025
131
5136
5174
3762
5176
9912
265
5179
5177
1601
5182
5183
5184
516
2805
5187
6432
5189
5190
5191
5848
4564
5194
8887
6172
3174
9312
5199
4278
3732
4877
5203
6379
5205
5206
5207
5208
2598
5210
6482
5212
3820
3851
5215
3975
5217
5218
9218
5220
5221
6533
8330
6837
5225
5226
5227
5228
9238
5230
5231
4938
5233
5234
179
5236
5237
2420
5239
5240
5241
5242
9384
6503
7999
6858
5247
9624
8057
5250
5251
3076
5253
3667
5255
5266
7321
9243
2404
3511
5261
1811
5263
4696
5265
5983
5267
5268
5483
5270
5271
5281
5273
5274
8213
8222
5277
4444
9042
6384
5272
5282
5283
5284
3636
5286
4486
1139
5289
5290
393
9054
196
5294
9228
5296
5297
5298
5299
4435
5301
2388
5303
1072
6838
5306
5307
5308
5309
5310
5311
5312
5988
177
5315
5316
5317
2631
5319
3605
5321
5322
5323
9706
5325
2016
5327
5328
7803
5330
5331
2199
8067
5334
4687
5336
5337
3401
5339
5340
1938
6812
5084
5344
1449
9872
5347
5348
5349
5350
5351
5352
9611
5354
4774
5356
9192
7066
2443
2135
5361
5362
5363
5364
5365
1324
5911
3344
5369
5370
2804
5372
5373
5374
5375
5376
5377
4657
6493
5380
5381
9177
5383
6841
5385
1343
285
5388
5389
5390
8052
1682
5393
5394
5395
5396
8420
4375
418
5400
5401
847
5403
5602
6892
2097
622
5408
5409
1071
9599
5412
5413
2108
4136
5416
6021
5418
5419
5420
5421
5422
3342
5424
5425
5426
5427
5428
5429
5430
4524
5432
5433
5434
5435
6052
5437
4596
5439
5440
2657
5442
8851
5444
5445
9347
5447
7200
4557
9057
7848
9917
5453
5454
6206
5456
5457
1396
5459
5460
5461
5462
5463
5464
5465
1940
5467
5468
5469
5470
5471
6360
5473
5474
7638
5476
5477
5478
5479
8662
5481
1854
5269
5484
5485
8825
3972
5488
5489
5490
1023
1857
5493
7014
6967
5496
219
5498
8625
7450
5501
3292
7403
186
6400
5506
5507
5508
5181
5510
5850
9005
658
5514
5515
5516
5517
5518
2772
3483
5521
5522
1793
5524
5525
2003
5527
1047
5529
2811
6268
751
2426
5534
5535
5536
429
7074
1743
8316
5541
5542
5543
5544
5545
5546
8522
5548
251
9558
5551
758
5553
7002
5555
6649
8952
5558
7956
5560
5561
4742
5563
6289
5565
6940
6253
5770
4836
5570
8696
5313
8665
2203
5575
5576
4434
5578
3062
5580
5581
5582
5931
473
5585
5586
2652
5588
5589
5590
9937
5592
5593
5594
2398
7122
44
528
7436
3321
4903
5404
190
5604
5605
8698
5607
8000
4990
9018
5611
5612
5613
4641
5615
5616
5617
5618
1134
8829
4171
5622
5623
5624
5625
2873
5627
2417
5629
8599
5631
2364
5633
5634
7811
7880
5637
5638
3337
5640
286
5642
440
5644
5645
5646
4244
5648
8480
5650
5278
5652
5656
1410
5655
5653
2887
5658
5659
2618
5661
5662
5663
5664
5665
7813
5667
3951
5669
5820
5671
5156
3897
4925
9851
5676
5677
5678
5679
5680
5681
5682
5683
5684
894
8346
5687
5688
5689
5690
8169
9334
5720
5694
5695
5696
5697
4075
721
5700
3632
5702
5238
5704
5705
7313
5707
8577
3674
5710
7392
5712
5713
9436
9537
5716
5717
501
8074
4101
5721
6899
3600
5724
8837
1282
2913
4060
5729
5809
2746
5945
5733
5734
5735
6921
1928
5738
5739
5740
4203
5742
4514
5744
5002
999
4396
5748
5749
5750
5751
9554
5753
7044
5755
5756
5757
9520
5759
5760
5761
9990
5763
5008
5765
5766
5767
5332
5030
7782
5771
3986
5773
5774
7549
6866
5777
5778
5779
5780
9908
5782
5783
6117
5785
5786
5787
5788
5789
5790
3588
6161
5793
5794
7078
5796
5797
5798
5799
5800
2240
5802
6605
5804
8986
2145
5807
1215
5730
5810
5811
5812
5813
3524
5815
5816
5817
9109
7462
4951
5821
5822
398
5824
8390
210
5827
5828
4621
5830
1668
2801
2664
5834
5835
9189
5837
1642
5839
4325
410
5842
7869
819
2990
5846
4288
6401
8976
8354
5851
6520
5853
8956
8646
5856
5857
5858
5859
5956
6488
7245
5863
1326
5865
9510
5867
8820
5869
5870
1892
5872
6512
5874
5875
5876
8026
5878
4670
5880
2535
3978
4360
6702
5885
3403
3675
5888
8156
5890
3480
5892
6362
5894
9602
8361
5897
5898
5899
5900
9329
2667
5903
6945
9643
5906
5791
8911
5909
5910
1988
2600
8990
734
5915
8717
5917
7438
5919
5920
5155
2628
5923
5924
5925
5926
672
5928
1033
1020
2647
5932
5933
5934
4679
5936
5937
5411
5939
5940
8775
7706
5943
5944
1865
2491
1853
8045
5949
2645
6578
1587
5953
5954
9309
5860
5957
8400
5959
5960
679
7398
5963
5964
1447
5966
5972
5968
5969
5970
5971
4861
5973
4828
56
5976
5977
5978
5927
1622
5981
5982
5256
5984
5985
5986
5987
5122
744
5990
5991
5992
2768
1344
5995
676
6868
5998
5999
8967
4272
6002
6003
6004
6005
6006
6007
6008
7653
3531
5961
8682
2117
2707
6015
6016
6017
6018
6019
6020
7487
6022
6023
1679
6025
8235
6027
6028
4021
6030
6031
6032
4952
4351
6035
6397
504
5402
6039
6040
2476
6042
3478
1348
9343
2094
7362
6048
151
2483
9221
1796
7678
6054
6055
8608
6057
6058
6059
7364
7479
7310
6063
1300
2152
9403
6067
6068
6069
2071
4728
4134
6073
6879
1769
8055
2430
9886
6079
6080
6081
6082
6083
6084
3217
6086
6087
7607
6089
6090
6918
6092
7800
461
6095
2121
6097
6098
9721
8594
6101
6102
6103
9807
6105
3011
2463
3639
6109
1244
6111
6112
5214
6114
6115
6116
1775
6118
6119
5449
6121
7806
6123
6124
6125
6126
4782
6128
6129
6130
6131
6132
6133
6134
7090
6136
6137
6138
5003
6140
6141
6142
6143
6144
4888
8583
6147
7954
6182
6150
2564
6152
6153
6154
6155
3912
6157
3072
6159
6160
5792
6162
6163
2985
6165
6166
2876
6168
6169
9651
6171
5196
4534
2526
8639
6176
4065
6178
6179
6180
1555
8023
6183
7057
1653
3967
272
6188
9252
3724
3959
1144
6193
6194
6195
1984
6197
7589
6199
6200
6201
6202
6149
6204
5410
3701
6207
6208
6209
8464
3212
6212
9535
6912
7798
6216
6217
6218
409
6902
9740
6222
6223
5068
6463
6226
882
2940
1596
6075
6231
1065
9180
4161
902
3241
6237
6238
9889
9591
8827
6242
6243
6244
6245
9368
6247
6248
6249
6250
6251
670
2595
6254
6255
6256
6257
6258
9617
6260
3690
6262
5295
9108
6668
2095
6267
2739
6269
3184
6271
6272
4253
3311
6275
6276
6277
1662
9375
8902
6281
2436
2637
6284
6285
6286
6287
8455
5564
59
4247
3883
6293
6294
6295
8228
6926
4455
6299
6300
6301
6302
6303
4970
9574
6306
977
6308
2555
6937
4636
6312
2416
6314
2208
4233
6317
8702
5693
3810
2129
7991
4799
6324
3159
6326
7958
6328
6329
6330
7851
6332
6333
6334
128
6336
6337
6338
6339
6340
6341
6342
6343
6344
4226
6914
6347
2554
6349
5574
6351
6352
9092
3185
9133
6356
6357
6358
6359
6648
4259
5893
6363
6364
6365
6366
2596
9157
3133
6370
6371
9639
8755
6374
6375
6376
6377
6378
2861
6380
6381
7238
493
7963
6385
6386
6387
921
6389
1924
109
3767
8803
6394
8349
6396
2763
6398
4978
5505
9386
6402
6403
6404
1234
252
2780
9557
6409
6860
6411
2799
6413
6414
6415
6416
6417
6418
6419
5010
6421
6422
3210
6424
6425
6426
6427
6428
1334
6430
6431
5188
5569
6434
6435
6436
803
7390
2441
6440
6441
6442
6443
6444
6445
6446
634
5016
1310
562
6451
6452
6453
7287
6455
6456
6457
6458
3665
6460
6461
6462
6225
6464
5178
6466
6467
9393
6469
6470
6471
6472
6473
9981
3751
8246
4904
3729
842
6480
6240
8850
6483
6484
6485
9967
2737
6948
6489
6490
7546
6492
9774
6494
6495
7812
6497
9801
6499
6500
2870
6502
5244
6504
6505
2270
6507
4921
6509
6510
2321
7010
9800
6514
6515
130
6517
6518
6519
3894
5808
6522
6523
9728
6525
3689
6527
5216
3680
3397
322
6532
5222
8620
6535
6536
6537
6538
6681
6540
6541
6542
8593
3965
1319
7752
6547
6548
6585
2126
6551
6552
6553
6554
2332
6556
3646
159
6559
3794
6561
1438
5192
3694
6565
2103
6567
6568
7728
6570
6571
8003
434
6574
7590
6576
8876
3220
4957
6580
2451
6582
3415
6584
6549
6586
1624
3768
6589
3979
6591
6592
2513
6594
6595
6596
6597
1771
6599
6600
7365
6602
6603
9045
5803
6606
6607
6608
6609
6610
6611
6612
730
6614
6615
6616
9770
6618
9363
6620
9989
6622
6623
6624
6625
6626
6627
6628
6629
6630
6631
6632
1749
6634
3263
6636
6637
2068
1171
6640
2158
6642
3486
6644
3484
5257
6647
5472
5556
6650
8751
6652
6653
5386
6655
4135
6657
6658
6659
6660
6661
6662
6663
6664
6665
1337
3283
9868
6669
8232
6671
6672
6673
2511
6675
6676
6677
6678
9822
6680
6170
6682
6683
6684
6685
6686
6687
811
246
6690
3920
4023
6693
6694
6695
8929
6697
6698
6699
6700
3258
5884
2789
6704
6705
9315
6707
6708
1578
6710
8737
6712
6713
6714
6715
2159
6717
3887
8814
6720
1714
6722
6723
6724
6725
6726
6727
6728
6729
6730
6731
8083
6733
1005
6735
3154
6737
6738
6739
8059
6741
6742
4076
1803
3285
6746
7432
4727
6749
180
225
6752
6753
3676
1851
6756
6757
2729
8014
772
6761
6762
6763
6764
7971
6573
6767
6768
6769
6770
6771
5438
6773
7921
6775
6776
6777
6778
6891
6780
6781
6782
9029
6784
9335
6078
6787
6788
6789
1076
6791
7676
870
6794
2696
1246
6797
6798
6799
2611
6801
6802
6803
6804
1585
6806
7038
4183
6809
6810
6811
5342
6813
7507
6815
6816
6817
491
6819
6820
6821
6822
6823
5090
4789
6826
6827
6828
8444
1579
7601
9024
6833
9404
6835
6836
8428
5305
6839
6840
5384
6842
6978
2253
6845
5287
405
3763
8410
6850
6851
6852
8199
8021
1933
4475
6857
7252
6859
6410
2347
6862
6863
6864
9097
1561
8048
5997
6869
6870
9148
6872
6873
6874
6875
6876
6877
6878
3845
6880
6353
6882
6883
6884
6885
7096
6887
6888
6889
6890
6779
8741
6893
6894
6895
4658
6897
6898
6265
6900
7194
6220
2543
6904
6905
3306
1813
1902
2859
6910
6911
5621
6913
4440
6915
6916
6917
6091
6919
6920
5994
6922
6923
5005
6925
6564
6927
4314
6929
6930
6931
2288
4754
6934
6935
6936
6310
6997
6939
9233
6941
522
6943
6944
5904
6946
2204
2105
3007
6950
6951
6952
452
6954
6955
264
6957
6958
343
395
6961
6962
708
6964
2533
5606
5495
1066
1855
4160
6971
1125
3812
66
6975
6976
6977
8149
6979
6980
6981
6982
6983
6984
4078
4540
6987
6093
6989
4787
6991
182
7594
6994
6995
6996
738
6998
6999
7000
4020
2523
7043
7004
7005
7006
7007
2713
7416
5873
7011
8738
7013
6026
3836
7016
4593
3733
8337
7020
7021
7022
7023
7024
7025
7026
8181
7028
2123
1504
7031
3378
2602
9121
1706
7036
8355
6807
7114
4910
7041
4146
7003
5754
7045
7046
7047
313
7049
7050
7051
7052
4053
3347
7055
7755
9236
4551
7059
7060
7061
4999
7063
7064
9950
3340
7067
1437
1640
7070
7071
9061
1162
5538
7075
1238
7077
5795
7079
9067
7081
7082
7083
7084
7085
7086
1964
7088
7089
9956
666
7092
7093
7094
7095
2471
7097
5333
7315
7100
6439
7102
7103
1541
4471
800
7107
7108
7109
1875
3558
7112
7113
7039
7115
7116
7117
6613
510
7722
7121
9219
7123
1604
7125
7126
7127
7128
7129
4800
9089
7132
7133
7134
7135
7136
7137
7138
523
7140
9367
8939
7143
7144
7145
198
7147
7148
2154
7150
7151
7152
860
7154
8873
7853
9815
7158
7159
698
7161
2556
7163
7164
7165
7166
4572
7168
4765
7170
1095
7172
7173
9563
8508
7176
3827
2998
7179
8385
7181
9295
7183
8109
8141
2593
7187
7188
7189
7190
7191
4869
7193
6901
7195
7196
8734
7198
7199
5448
7201
7202
7203
7204
7205
1220
6354
7208
7209
7210
7211
1549
335
7214
1941
926
7217
7843
4184
7220
7221
7222
7223
1505
7225
7226
7227
7228
7229
7230
4827
7232
7233
6968
8591
6643
5554
1178
7496
9421
7241
7001
7243
3718
920
2157
2276
7248
7249
7250
4270
5246
7253
3425
7255
2851
2394
7258
5279
9498
9494
7262
2344
7264
3696
4529
7267
7268
9445
7270
7271
7272
3788
7274
7275
7276
7420
7278
7279
2671
7281
7282
7283
7284
7285
7286
9130
5104
7289
7290
7291
7662
6709
7294
1986
3633
75
396
7299
7048
7301
7302
7303
7304
7305
7306
9096
7308
7309
4376
7311
6711
474
7314
7099
7316
7317
7318
7319
7320
2777
8888
483
2144
7325
7326
7485
6474
7329
7330
9072
7332
4871
7334
1785
7336
7337
7338
7339
1863
3813
7342
6241
7344
7345
5071
7347
7348
7349
7350
7351
7352
7353
9431
7355
7356
7357
7358
7359
5941
7361
6047
7555
6060
6601
939
7367
7368
7369
7370
8539
3375
7373
5051
7375
7376
7377
7378
437
7380
1086
7382
7383
3180
7385
7386
8760
7388
7389
6947
8287
7770
7393
7394
7395
8644
7397
5962
7399
564
7401
7402
9038
7404
7405
7406
7407
8699
7409
2534
7411
7412
7413
7414
7415
9717
7417
7418
7419
7277
7421
7422
7423
7424
7331
2689
6577
549
7429
2516
7431
6747
7433
7434
7435
5599
7437
3102
7439
3727
9078
7442
7443
7444
8252
7280
7447
7448
3260
5500
7451
7452
9832
7454
7455
874
5657
7458
7459
7460
7461
5819
7463
3078
7465
7466
4268
7468
7469
7470
7471
3561
3203
7474
1543
7476
7477
1800
9974
7480
7481
3896
7483
5099
6896
6759
5417
8790
1728
8288
2469
7492
6755
9869
1358
3105
7497
7498
4037
9202
6215
3408
7503
7504
7505
4274
9852
7508
2885
7510
7511
7512
7513
7514
7515
4681
7517
7518
7519
7520
7521
7522
7523
5379
8093
7526
7527
3197
7529
7530
7531
7532
4213
7582
7535
7536
7537
9307
47
7784
4915
1880
4858
7544
1292
9027
7547
7955
9112
7550
7551
9139
7553
7554
7363
9336
7557
6701
7559
7560
7561
3293
2225
2770
420
2925
2717
7568
8457
7570
7571
7572
7934
7430
1338
7576
7577
7578
7579
7580
7581
3050
5626
7584
7585
7586
7587
7588
6198
18
5511
7592
7593
6993
7595
1916
6818
7501
7599
4989
6831
7602
7603
3735
1839
7606
787
7608
7609
380
7611
6211
7613
7614
7615
8176
7617
7618
7619
4189
7621
9420
7623
7624
7625
2679
7489
4281
7629
6734
7631
5636
7633
6847
7635
2428
9725
5475
7639
7640
7641
4878
4125
6
7645
7646
7647
7648
7649
2365
9316
4917
626
7654
1340
7656
191
7111
7659
9484
7661
9655
7663
9586
7665
7823
3833
7668
7669
23
7671
3715
6990
3294
7675
6792
1002
2832
7266
4177
9962
7974
7683
7684
9544
5193
7612
7688
7689
7917
7691
7692
7693
7694
4538
7696
7697
7698
7699
7700
5951
7702
7703
7324
1281
3932
7707
2327
7709
1647
7711
7712
7713
7714
7715
8256
4014
519
9469
3704
7721
7120
7723
527
7725
7726
7727
2697
7729
9523
7731
7732
7733
1389
7735
7763
7737
6748
9390
7740
8991
7742
7743
1521
7745
7746
2812
204
2791
1040
7751
8423
7753
7754
2962
7756
5056
707
7759
7760
8500
7762
7736
7764
7765
1507
7767
7768
7769
7566
2419
279
7773
7879
7775
7776
7777
7778
7779
7780
7781
1359
7783
7540
4854
7786
1021
3958
8930
7790
7791
6853
7793
7794
4141
7796
7797
6593
7799
2824
6468
7802
3504
7804
9663
6122
7807
7808
8399
3101
9526
6496
5666
7814
7815
7816
7817
7818
7819
7820
7821
7822
3188
7146
8640
7826
8179
7828
3784
7830
7831
3166
7833
3177
7835
7836
7681
7838
7839
5764
7841
7842
8537
7844
8723
7846
7065
1356
7849
7850
6331
7852
7156
7854
7855
7856
4174
7858
7323
7860
1137
7862
7863
155
2765
9279
7867
7868
5843
7870
4606
7872
7873
7874
7875
7876
3160
7878
7774
3755
8177
7882
4592
7771
7885
7886
7887
6545
7889
2361
7891
8544
2738
7894
7895
7896
7897
1133
7899
7900
786
7902
7903
7904
7905
7906
3059
7908
7909
1347
4228
7912
1346
336
7915
8681
7690
7918
9175
577
5074
7922
2711
7924
7925
7926
3148
7928
7929
4627
7931
7932
7933
7573
8284
7936
7937
7938
3669
7940
7941
9268
7943
5441
7945
2242
7947
8244
7667
7950
7951
7952
1476
6148
6646
5559
7957
2527
3538
7960
7961
8634
5280
7964
9376
7966
7967
7893
7969
8124
2082
8231
7973
7682
7975
7976
7977
2544
7979
9208
7981
7982
7983
7984
7985
1323
7987
7988
7989
554
6322
7992
3597
3242
7995
9699
9972
8291
5879
1199
3376
8002
7748
2781
8005
9179
8562
8008
8255
8010
8011
8012
8013
3113
2163
8016
8017
9582
8019
8020
6854
6127
8561
3471
8025
3663
8027
615
8029
8030
8031
8032
8033
1284
8972
8880
1736
5532
6555
8532
8041
8042
8043
8044
5948
8046
449
6867
8049
6227
4433
3015
2901
2836
6076
8993
5249
8962
991
9041
5595
8062
8063
5160
8065
28
7098
3917
8069
1392
8071
8072
8073
5719
8075
8076
9170
3080
8079
8107
8081
2309
4819
3994
8085
8086
7642
3145
8089
9948
8091
8092
3668
8094
8095
7019
8097
8098
8099
8100
8101
2179
8103
8104
2518
8106
8080
8108
7184
8110
8864
8821
8113
8114
8115
8116
8117
9724
8119
8120
8579
3757
8123
8479
8125
2803
309
3620
8129
5823
8131
8132
9902
8134
8135
3016
7500
8138
8139
9653
7185
8142
8143
8144
8145
8146
8147
8148
6843
8150
8151
8152
8153
4812
8155
2191
8157
736
8159
8160
8161
8162
2046
8164
8165
8166
8167
2025
7622
8641
8171
8172
990
8174
1529
7616
7881
8178
7827
7788
8943
8182
8183
8184
8499
8186
8187
8188
8189
8190
8191
8192
8193
8194
8195
8196
8197
8198
7792
1685
8201
8202
8203
9985
8205
8206
8927
5603
9703
6814
1759
4495
5275
4280
8215
9715
8217
8218
8219
8220
8221
8367
8223
8224
3469
8226
4414
5038
5200
8793
7972
6534
227
6369
993
8236
3944
4286
8239
8240
8241
8242
8243
9196
292
6476
8247
3630
9712
8250
4763
8563
1525
8254
8009
7716
8257
8258
8259
8260
8261
812
8263
5743
8265
6674
1526
8268
8269
8270
8271
3710
8273
8274
8275
9226
7354
774
2581
5728
1713
6298
8283
7346
8285
8286
3223
7490
8289
8290
4156
8292
8293
8294
8295
8685
9104
8298
574
1901
8301
8302
8303
8304
2773
8306
8307
1893
8309
8310
2883
8312
8313
8314
8315
5540
8768
2415
2232
8320
8321
8322
8323
8324
8325
3008
8327
2148
2567
4759
2362
8332
8333
8334
5630
1152
4632
7237
8339
8340
311
8342
8343
8812
8345
2382
6423
4500
6395
1750
576
8352
8353
1115
7037
8356
8357
8358
4420
3264
5896
8362
8363
9709
8365
8366
2343
8368
8369
8370
297
844
8701
2802
8375
8376
8377
8378
8379
3621
6953
1154
8383
6010
2350
1738
4477
16
8389
5825
8391
8392
8393
8394
7864
8396
2668
8398
7809
5958
8401
8402
8403
8404
8405
8406
8407
8408
3065
6849
8411
8412
3424
8414
9605
6475
8914
8418
8419
9899
815
6390
945
8424
9062
2994
9928
2733
8429
9694
8431
8432
5209
8434
8435
8436
9035
8084
1200
8440
8441
344
712
6829
724
1598
8447
8448
5562
9073
8451
8452
639
8454
4701
8623
8569
4633
8459
8460
8461
9275
4984
6210
8465
1235
1500
2314
8469
8470
8471
8472
8473
8474
5446
8476
5639
1872
4035
8657
8481
8482
8483
2044
2206
3465
8492
8488
8489
6481
8491
5033
8493
1454
8495
8496
4895
8498
8185
351
8501
8502
4109
8504
9091
8506
8507
2143
8509
8510
8511
2012
8513
8514
8515
8516
8517
9013
547
8520
8521
3312
9660
1584
8525
2096
8527
7605
8529
8530
8531
7260
468
8534
4748
8536
8209
8538
8550
8540
8541
2489
8543
4102
8545
8546
8547
2558
8549
4948
8551
8552
8553
8078
8555
8556
8557
8558
8559
749
8262
417
9524
8564
9760
7215
8567
5491
1114
8486
8571
8572
400
4187
4931
8576
5708
13
8121
8883
9300
8582
6146
8584
8585
8586
8587
8588
8589
4025
8233
8592
6543
3946
5979
8596
8597
8598
9816
8600
450
4786
8603
8604
6420
8663
8607
4120
4234
8610
8611
8612
481
8614
8615
8616
8742
5641
8619
4998
8621
9692
8456
8624
5499
8626
8627
8628
8629
2079
8631
2017
8633
7962
8635
3353
8637
8478
9323
7825
8170
8642
4149
7396
8645
6319
8647
8648
3857
8650
3540
2984
8653
96
8655
575
5649
8658
8659
2125
8661
5480
5132
9831
9871
9904
2580
9216
8669
8670
8671
8672
1365
8674
8675
8676
8677
8678
1583
8680
2945
4453
3135
3268
8296
8686
7408
742
5139
608
3257
8692
8693
8694
8695
5571
8697
5668
3593
8700
8336
6318
3060
8704
8705
9628
8707
8708
8709
8710
8711
9373
8713
8714
4112
8716
5916
8718
8719
4830
8721
8722
206
1791
8725
8726
8727
8728
8729
8730
8731
3585
8733
1937
2612
8832
3494
7012
8739
5952
5405
3175
4981
8744
3501
8746
8747
9838
8749
8750
2289
8752
8753
8754
6373
8756
8757
4933
8759
9984
1577
8762
17
3289
8765
8766
8767
8317
9934
8770
5341
1635
4300
7153
7360
8776
8777
8778
8779
8780
8781
8782
1355
8784
1164
8786
8787
2881
8789
7328
8791
7297
8230
7636
8795
8796
8797
8798
8799
783
8801
3741
4826
9417
8935
8806
8807
9435
9093
8810
8811
8344
8813
1450
7516
8816
8817
8818
8819
5868
8112
3328
8823
3323
1654
1837
4219
8735
5620
1841
8852
3422
5587
2215
8835
8836
5725
8838
212
6465
3753
8842
8843
8844
9137
8849
8847
8848
6796
2869
4686
8831
8853
8854
8855
8415
8857
6297
8859
8860
8861
8862
8863
9341
8865
8866
657
8868
568
7256
8871
8872
7155
8874
1951
4634
8877
8892
2275
4309
8881
8882
9147
8884
6765
985
5195
7322
8889
8890
8891
5974
8893
8894
8895
8896
8897
8898
8899
7978
8901
6280
8903
8904
5326
8906
9668
8908
8909
7913
9993
8912
8913
9039
8915
3879
8917
8918
7686
9942
8921
8922
8923
8924
8925
8926
8207
8928
5550
7789
8931
8932
8933
4779
8805
680
8937
8938
9049
8940
5567
8942
9122
8944
8945
8946
8947
8948
6785
8950
2300
5557
9481
8427
529
5854
8957
8958
495
8960
773
3280
8963
8964
8965
8966
8535
8968
8969
8970
8971
8035
8973
8974
9490
5849
8977
8978
3357
8980
9947
9249
8983
9301
5113
9821
8987
8988
8989
3298
7741
8992
2818
4111
8995
9991
8997
9884
8999
9936
9001
9002
9304
9004
4157
9006
9007
9008
9009
7475
8463
9012
4507
9014
9015
9016
1405
4114
3616
9020
9021
862
9023
3634
1257
4345
6491
9028
6783
9030
970
9032
1471
9034
9900
9036
9037
6667
8417
9040
6844
1523
9043
9044
6604
9046
9047
726
9156
9050
9051
9052
9053
8764
9055
9056
2014
9058
6096
9060
7710
8425
9063
9064
6539
9066
4344
9068
9069
1174
9071
7425
587
9074
8096
9076
1731
7441
9079
9080
9081
592
9083
9084
9085
9086
9087
896
425
9090
8505
2497
8809
9094
9095
5076
764
9098
2616
9100
9101
9102
9103
8297
9105
2638
9107
2313
5818
9110
9111
9856
9113
5552
9115
9116
9117
9118
9119
9120
7034
9625
9123
9124
8158
1696
9127
9128
9129
6454
9131
5011
9365
8566
9135
4472
8845
9138
667
9140
9141
90
9143
9144
3128
9146
8554
6871
9149
9150
9151
9152
9153
9154
2686
937
6368
9294
9159
9160
9161
9162
1948
2410
9165
9166
9167
9168
9169
5685
3343
460
9173
9174
2921
9176
5382
1371
8006
6233
7216
9182
9183
4929
9185
9186
9187
9188
5836
9190
9191
5357
146
9194
9195
3770
653
7724
9199
6772
9201
8137
9457
9204
9205
9206
9207
1908
9209
9210
9211
9212
9213
9214
9215
8668
9217
5219
5596
9763
6051
9222
9223
2821
9225
8276
5143
2214
4470
1259
9231
7824
5566
261
9235
6184
9237
5229
2280
9240
4523
5841
5258
9244
9245
9246
9247
9248
8982
9250
9251
6189
9253
9254
9577
9256
9257
9258
9259
9260
9261
2675
9263
9264
9265
9266
9267
7942
9269
9270
9271
9272
9273
9274
8462
9276
9277
3530
433
9280
9281
9282
9283
9284
9285
9286
9287
9288
9289
9290
9291
7920
9293
9158
7182
9296
9297
9298
9299
8581
8984
9302
9303
9003
2311
9306
7538
43
5955
9310
9311
1794
2459
5211
6274
7651
9317
9318
9319
9320
9321
9322
6175
9324
9325
761
9327
9328
7177
8039
9331
9332
3032
5692
9134
4457
9337
9338
9339
9340
8111
2322
796
9344
9345
2052
2897
8800
4502
9350
9351
9352
9353
8602
2318
4307
114
9358
9359
4920
6196
2614
9798
1256
1400
9678
7141
6246
9369
9370
9371
9767
8712
9374
6279
7965
9377
5660
9379
379
9381
4783
9383
7598
9385
6563
1252
9388
7626
7739
9391
2630
7801
195
9982
9396
9397
4761
9399
9400
9401
9402
6066
6834
9405
1965
1919
5537
9580
9410
9411
9412
9413
4128
9415
9416
3025
320
9419
5691
2742
2774
9423
9424
9425
9426
9790
9428
3349
2107
3379
9913
9433
9434
5673
4245
5107
9438
2128
9440
9441
9442
9443
9444
7269
9446
9447
9184
9449
9450
9629
9452
9453
9454
9455
9456
9853
9458
9459
9460
205
9462
9463
9464
9465
8175
9467
9468
7719
9743
9471
9472
9473
9474
567
4050
2058
3877
9479
9480
839
9482
3649
8272
9485
97
5371
9488
1929
8975
9491
9492
9493
7261
9495
6291
5153
8040
7772
9500
9501
9502
9503
7524
4732
9506
9507
9508
2461
1353
9511
9512
9513
9514
9515
9516
8397
3517
9519
3270
9521
9522
4483
4866
9525
5366
1090
9528
8266
9530
9863
9532
9533
9534
997
9536
5889
9538
9132
8210
9541
9542
9543
7685
9545
9546
9547
9548
9549
9818
9551
9552
9553
5752
9555
9556
2702
6696
9559
9560
9561
9562
7174
9564
9565
9566
9567
9568
9569
9570
9571
9572
9634
7224
9575
9576
9255
9578
9579
9409
3214
8018
1496
9584
9585
7664
9802
9588
4513
36
2626
9614
9593
9594
8575
8981
9597
9598
5175
9600
4720
5895
778
9604
8856
1972
5111
8878
9609
3856
702
9612
1883
2843
9615
9616
6259
9618
9619
9620
9621
9622
4085
4902
5866
9626
9627
8706
7948
9630
9631
21
3297
9938
9635
9636
7888
9638
6372
9640
9641
9642
5905
4163
605
9646
9647
9648
9649
4197
9065
9652
1272
9654
7758
9656
9657
9658
9659
8523
9661
9662
1862
9664
9665
3835
9667
8907
9669
9670
9952
9672
1059
9674
9675
9676
9677
2891
9679
9680
9681
9682
9683
3661
9366
9686
3420
9688
1569
9690
9691
5513
9693
8430
9695
9696
9697
9698
462
9700
9701
9702
7218
9704
4570
5324
9707
9708
8364
9710
9711
8249
9713
9714
8216
9716
6232
9718
9719
9720
6099
9722
2178
8118
7160
9726
9727
6524
4992
7478
3251
9732
9733
187
9735
7672
9970
9738
9739
6221
9741
2369
9470
9744
9745
1218
9747
9748
9749
9750
9751
9752
9753
9754
9755
9756
9757
9758
6094
6391
1985
9762
9220
9764
9765
9766
2155
9768
9769
3560
9771
5577
9773
875
9775
9776
4726
2053
9779
9780
1977
9782
4283
9784
9785
9786
9787
9788
1914
6587
9791
9792
9793
4725
9795
1173
9797
6557
9799
6513
254
5415
9803
9804
9805
9806
6104
9808
2954
4127
9811
9812
4531
6716
4178
4646
9817
9550
9819
9820
9963
6290
9823
6907
9825
9826
3625
9828
9829
9830
3848
7453
1563
9834
9835
1309
9837
8748
9839
9736
9841
9842
9843
9844
9845
9846
1008
9848
9849
9850
5675
9418
659
162
9855
5775
9857
9430
9859
9860
9861
9862
9531
9864
9865
9866
9867
5722
7426
9870
7371
4966
9723
2334
9875
9876
1461
9878
9879
9880
9881
9882
9883
401
2207
6786
9478
1783
6239
9890
9891
4290
9893
9894
9895
5901
9897
9898
5397
4964
9901
9590
486
8666
9905
298
9907
7149
9909
8595
9911
5180
9432
9914
9915
9916
5452
9918
9919
9920
9921
9922
9923
2829
9925
9926
9927
1142
9929
9930
9931
9932
9933
8609
9935
9000
5591
9573
9939
3861
9941
1973
9943
9944
9945
9946
9077
5128
9949
7847
9951
9671
9953
9954
9955
6135
9957
9958
9959
9960
9961
6805
5805
9964
9965
9966
3382
9968
9969
9737
2971
876
5882
6061
9975
9976
9977
9978
9979
9980
895
9395
9983
4755
9448
9986
6234
9988
6621
1478
8996
9992
1723
9994
9995
9996
9997
9998
9999
10000
