1
2
3
4
5
6
7
8293
9
2179
11
12
13
5837
15
5216
2292
18
8306
20
3638
6850
4475
24
2086
3258
27
4307
29
8285
31
32
2370
3185
35
36
1362
6788
4975
1465
41
42
43
1439
9560
2892
47
1734
49
7365
51
52
53
54
55
8046
476
1833
9333
9340
1251
62
5522
838
3135
6242
67
68
69
647
71
72
73
6592
75
8810
77
78
3134
80
3063
82
83
4746
85
86
9941
88
5413
7377
91
3333
93
94
95
6310
6260
1634
99
7821
101
9396
103
104
7311
106
107
108
5466
110
4713
112
7919
114
4229
1004
117
8424
119
5156
121
122
123
4483
6066
5996
3935
128
129
130
131
132
133
8630
135
9732
6208
138
8843
140
141
142
9759
144
8376
146
635
148
149
150
6701
7404
2035
6012
3455
156
5382
1012
7167
160
3796
162
163
195
165
6461
3328
168
169
3572
171
1093
173
174
175
176
2679
178
388
4985
181
5947
623
4441
185
6647
187
5210
189
190
191
8512
193
194
8489
196
197
198
319
9752
6923
202
3445
204
205
206
207
208
209
210
8804
212
213
214
215
7179
1696
218
3336
4677
5223
1786
5026
224
225
456
227
8246
7137
230
6281
232
233
234
8450
8476
237
524
1931
240
8529
242
243
4869
1985
1046
247
9049
249
250
251
252
253
254
255
1315
257
8896
1346
260
261
262
2991
264
265
6110
267
2226
269
3913
271
272
4724
4915
8214
276
6807
2671
279
280
3719
282
283
284
6579
4589
287
3498
1338
290
291
397
293
3511
295
296
297
2974
299
300
301
302
398
304
305
7909
9875
9589
309
310
311
4932
313
314
2606
5289
9338
318
9995
8943
6720
9212
323
9874
325
326
7561
328
329
330
331
5943
4687
5185
335
336
337
5290
339
9707
4174
342
343
6085
7186
346
6754
7039
349
5109
351
352
353
354
7255
356
357
5274
5516
360
361
1494
363
9093
365
366
367
4211
662
8432
371
3980
4042
3494
5852
376
377
378
379
380
381
6830
383
3475
3633
386
387
179
389
390
4380
2169
393
2584
5045
396
292
303
399
400
8722
402
8874
404
405
406
9003
634
7345
410
411
9509
4854
1241
7726
416
5525
418
9467
518
421
422
4216
424
425
426
427
428
429
7273
431
432
433
2697
435
436
4373
9076
439
8338
441
475
2504
444
445
446
7761
5942
449
4055
7113
452
1233
454
455
226
4473
458
459
460
4636
4715
1998
2767
465
7381
467
468
9131
470
9471
472
2403
474
1339
57
477
478
8998
480
481
482
483
9596
4255
486
487
4179
6368
5724
2474
4085
493
8241
495
496
497
498
499
492
5841
502
9947
504
505
3631
507
508
509
510
7899
512
7582
8398
515
516
517
420
519
520
521
522
1354
408
525
526
527
1688
529
739
8589
532
6625
534
535
1530
2911
538
7384
3947
6609
542
4488
544
545
229
1158
548
549
550
551
6439
8392
554
555
1104
2904
558
2170
5765
1878
562
2814
3246
8839
566
1855
5498
569
4722
571
572
573
2309
575
4408
577
1313
579
4474
581
582
583
8421
585
6405
3802
588
9862
590
591
592
4974
594
595
126
597
598
8907
1924
6454
602
2071
7788
605
606
607
608
609
610
1385
612
613
614
615
616
5505
618
619
620
9227
622
6742
2914
5448
626
627
628
629
630
3201
632
1808
238
147
636
637
638
6428
5270
3699
642
7558
644
9757
4023
70
648
649
530
651
652
5481
654
2607
9627
657
658
9427
8085
2097
369
1936
664
3565
6141
5228
668
4357
670
87
672
673
8711
430
676
677
678
679
680
681
682
9513
684
2378
686
687
9270
7124
690
1996
692
693
694
695
9496
7347
698
6184
2844
2355
5057
703
704
705
706
1986
708
709
710
2715
712
713
714
9590
9681
4585
718
719
720
721
722
8329
724
725
726
727
728
9393
1820
731
732
9085
734
9665
736
737
738
1830
740
741
742
1478
1889
745
6678
747
748
749
750
751
2539
753
754
755
6326
4272
758
759
760
761
762
5190
764
4210
2736
767
768
769
770
5497
1879
773
774
775
776
777
2883
8297
6152
8947
7749
8614
784
785
8620
9372
5800
789
790
791
792
793
794
795
796
797
798
2948
800
801
1679
803
804
8708
2463
807
808
809
3991
811
6861
9261
8520
2907
816
817
8961
819
820
1149
822
823
824
4693
826
8576
828
829
2725
831
7915
7543
834
4598
836
2454
64
4436
4551
841
842
843
7413
8940
846
2341
848
45
850
851
852
853
854
855
9638
2700
858
7524
3022
861
9993
863
8100
865
866
867
2576
869
870
871
5167
4048
874
875
391
4904
878
8351
5208
9070
882
883
884
885
886
1056
888
889
890
7510
2078
893
894
8367
2840
897
898
7791
6341
901
6551
9745
904
905
906
7962
908
909
910
911
912
913
3079
322
8236
917
918
919
8172
6411
922
8429
924
925
926
927
928
7214
930
4347
932
2916
4707
935
936
937
938
4615
940
9861
942
943
944
945
7838
3529
948
949
1629
8825
145
953
4236
1445
969
6780
958
6415
2749
961
962
963
964
4993
966
967
7052
7098
9620
3285
9479
973
4741
5353
976
977
978
4706
980
5795
982
983
830
164
1345
7898
988
1920
990
991
4477
993
2773
2680
7308
9654
3605
999
1000
9245
1002
2177
6648
8061
1006
1007
3610
3948
1010
1011
158
1013
5080
6859
1016
1286
1018
5969
1020
4763
2753
1023
1024
1025
1267
1027
7984
1029
1030
1031
8625
1033
1034
3899
1036
1037
1038
3528
7635
6303
1042
1043
8772
1045
246
1047
2298
1049
3340
9990
1052
1053
1054
1055
887
1057
1058
1059
4443
1606
1062
1063
1064
1065
1066
9598
5430
1069
5222
1071
1072
1073
3704
2881
6768
1077
1078
1079
1080
1081
1082
3866
1084
984
7831
1087
1088
8732
5309
941
1092
172
1094
5096
5039
2146
8793
1099
6778
1101
6157
412
556
1105
1106
1107
1108
1401
3257
1111
1112
4575
856
7985
3317
1117
1118
1119
1120
1121
1552
2147
1124
1125
1126
7932
1128
1129
1130
1131
1132
1133
1134
4433
1136
2698
4235
1068
1140
2244
1142
2263
3441
1145
1146
1147
1148
821
4258
1151
6186
2297
1302
1155
9507
1157
6881
786
1160
8531
1162
559
3413
1165
1166
1167
1168
1169
1170
1171
1172
273
1174
7202
1176
6189
873
1028
1180
1181
1182
7712
4259
1185
1186
1187
1188
2540
1190
6888
4115
1193
6978
5794
1196
1197
1198
161
1200
1201
1202
7481
8397
1205
1206
1207
9048
3338
1210
8510
939
1213
756
1215
1216
3854
1218
3313
1220
1221
1222
1223
1224
1225
1226
1227
1228
1229
7547
1231
9050
5908
1234
1235
1236
1237
7001
1239
4817
414
7604
1243
1244
7018
9103
1247
1248
1249
6634
61
1641
7455
1254
1255
3702
7882
1258
1259
1260
1261
2538
1263
1264
9673
8701
1048
1268
3316
1270
9251
6707
5820
1274
1275
9036
3119
1278
8605
6014
244
9664
1283
4135
1285
1017
9891
7883
7064
1290
1291
1292
1293
9529
1295
1296
4014
1298
1299
1300
6149
2158
9866
1304
1305
1306
1307
1308
5077
1310
1311
1312
1988
1314
256
1316
1317
9946
5642
1320
3013
1282
1323
1324
1325
1326
4602
1328
8756
1330
1331
1332
6000
3078
1335
1336
9971
7444
442
1340
1341
8888
1343
1344
986
9800
4065
1348
1349
2252
9870
1352
183
4948
3711
4705
1357
3489
1359
900
1361
7952
2154
1364
1365
1366
1367
1773
4544
1370
1371
1372
1373
9110
998
1376
1377
1378
1379
7893
1381
1382
5579
4106
9581
3833
1387
1388
7015
6802
1391
1392
8551
1394
6167
1396
2604
1398
1399
4217
8577
4444
1403
1404
7305
1406
1407
4957
1409
3169
1411
1412
1413
1414
1415
1416
1417
1418
1419
1420
1421
7938
1423
9053
4162
1426
6389
7123
1429
1430
1431
7851
1433
1434
1435
7475
1437
7607
2872
5054
1441
1553
1443
5987
6569
1446
1447
6399
2780
5116
1451
1452
1453
5028
557
1456
1457
1458
7234
9309
1461
1462
6974
1464
5659
1466
9584
6092
1469
1470
2880
1472
2744
1474
1475
1476
1477
743
4315
1480
4068
1482
1483
5991
1485
1486
1487
1488
9636
1490
1491
881
1493
362
6244
1496
6624
1498
1499
1500
236
1502
1503
4881
6564
1506
1507
1508
7556
1510
1511
1512
1513
6983
1515
1516
5211
1518
3219
7223
8560
1522
5479
7200
5173
3877
2213
8790
1529
231
2088
1532
1905
1534
1535
1536
4409
4765
1539
3491
1541
1542
1543
7036
1545
1546
1547
1548
1549
5627
1799
1122
1442
2783
1555
4245
1557
1558
7249
3786
2794
2685
1563
1564
1565
2705
9390
6665
1569
2639
1571
1572
1154
2426
1575
1576
6365
1578
2128
1580
663
1582
9290
1584
9543
1586
1587
1588
6065
1590
1191
1592
7235
4375
1595
1596
1597
1598
1599
6929
3757
1602
1173
6733
1605
5102
1607
1608
1609
1610
1611
5347
5955
1614
1615
9352
5175
6951
1619
1620
1621
1622
1623
2299
1625
8217
1627
1628
950
1630
1631
5920
1633
6038
6469
9021
1637
7706
5625
1640
4614
1642
6354
332
1645
9963
1647
1648
9117
9508
1651
1652
1653
1654
1655
3090
1657
1658
6481
7856
1661
7313
877
1664
1665
1666
1667
1668
4044
1670
1671
5359
1673
1674
1675
1676
7605
7763
802
1680
1681
3303
1683
1684
1685
4626
1687
528
1689
1690
1691
9263
1693
1694
1695
6544
5548
6886
3216
1700
1701
6542
2598
1704
1705
1706
8206
1708
5878
1710
1711
1712
1713
1714
9852
1716
1717
1718
1719
3697
6221
1722
2600
1724
1725
1726
5864
1728
1729
9671
4083
1732
8649
8964
1735
1736
1737
1738
5376
1740
3095
1742
1743
847
1745
1746
1747
1253
1749
2552
1751
1752
1753
5667
6957
1756
1757
1723
7781
1760
1761
1762
1763
1764
1765
8482
7975
1768
2950
1770
1153
1772
1368
1774
1775
1776
1777
6381
840
1780
9582
1782
1783
1784
1785
222
8873
7378
1789
1790
1791
7227
1793
1794
1795
4500
1797
1798
5297
1800
9418
1802
1803
1804
2039
6637
1807
633
1809
1766
1811
1812
9486
1814
3721
1816
1817
7103
2614
730
1821
327
1823
1824
2130
1826
1827
1828
2291
3951
9640
1832
58
1834
484
1836
1837
5725
2069
1840
1841
1842
1843
2894
8544
1846
1847
9734
9312
1850
6409
1852
1853
9186
567
1856
4401
1858
4884
1860
1861
2023
1863
1864
1865
1866
1867
1868
1869
4185
1871
1872
8693
6662
1875
6892
1877
561
7376
1880
9824
1882
1883
1884
1885
1179
1887
1888
3966
1890
9001
1892
3143
9007
9095
4200
1897
1898
3099
1900
1901
1902
1903
4609
9322
1567
1907
2053
1909
1910
1911
1912
9705
3793
1915
1916
1917
1918
9573
989
1921
1922
1923
600
8300
1926
1927
5422
1929
1930
239
6161
1933
1934
1935
1184
1937
1938
1939
1940
7366
6930
1943
1944
1945
1946
1947
1948
3823
1950
2266
6489
1953
5218
3341
1956
1957
1958
1959
8729
4381
308
5868
1964
5609
2477
1967
8887
5049
5946
2151
2805
277
5144
1975
1976
1977
4238
1979
1980
7637
1982
6417
1984
245
3487
7419
578
1989
1990
5617
1992
1993
3844
3590
691
3001
8913
1999
2000
2001
2002
2003
6790
5804
4695
2834
2008
2009
2010
4058
6378
3800
2449
2015
2047
2236
2018
5763
2007
4651
9293
1862
3337
2025
3490
2027
9307
7576
2030
5812
6925
2274
2034
4679
7884
5404
2038
2279
7587
7087
8134
5739
2044
2045
2046
4624
2048
2049
2050
2051
9619
1908
2054
7959
2056
6268
1702
2059
6113
2061
9718
4623
2064
2065
2066
6737
5918
1839
2070
9113
2072
2073
7721
2075
2076
2077
8235
4597
6294
3850
2082
2083
1380
3033
8743
8275
1531
2089
5504
2091
2092
2093
5549
4718
7618
8696
2098
2099
2100
9191
8884
6212
2104
2105
2106
7491
4622
2109
5298
2111
3918
2113
3780
2115
3624
2117
2118
2119
2120
2121
1405
2123
8176
2125
9269
2127
5176
2129
2870
2131
2289
6275
2134
2135
9056
2137
2138
7546
2140
2141
2142
2143
2555
2145
1097
5063
6903
7084
6392
9799
2152
8831
1363
2155
1061
2157
2762
2159
3597
2161
2162
2163
2164
2165
1818
6948
2168
392
7458
2171
2172
2173
8389
2175
137
1003
2178
1246
2180
2181
2254
9145
5332
2185
2186
5231
1966
972
2190
2191
2192
2193
2194
2195
2196
8855
6155
9180
1269
7106
2202
2203
2204
2205
5141
2207
5302
6147
2210
2211
2212
8289
2214
2215
3472
2217
1060
2219
2220
6482
2222
2223
2224
2225
2798
5684
2228
2517
2230
3250
2418
2233
2234
3975
2017
7511
2238
2239
2240
2241
2242
7636
6805
2245
3051
7212
2248
2249
2250
2251
1873
97
2182
2255
7501
2257
7824
2259
2260
2720
2262
1143
8821
2021
1951
2267
4261
2269
2270
2271
2272
9375
2033
2275
4903
2277
2278
1805
2280
7423
5083
2283
3483
2285
3050
2287
2288
2132
2290
1829
4130
2293
2294
2295
7574
1771
1026
1624
2300
2301
2183
2303
2304
2305
2306
2307
2308
9758
3842
9168
2312
2313
2314
5677
2316
2317
6380
2319
8585
5036
7768
2323
2324
5018
2326
952
9008
2329
2330
2331
2332
7557
2334
2335
5355
2337
2338
2339
2340
5985
7998
6782
6449
2345
2346
2347
2348
2349
3612
2351
2352
8409
1322
701
2356
2357
3956
8784
6004
8538
8837
2363
2364
8310
1617
4665
6645
7082
33
2371
2372
419
2374
2375
2376
2377
3182
8218
2380
6179
2382
2383
2384
2385
2386
8833
2388
2389
9330
9262
6248
2393
5819
434
2396
2397
1039
7050
2400
3234
4319
473
2404
3262
2406
2407
2408
2409
2410
2411
2412
2413
2414
2415
6084
7251
4346
2419
2420
2421
2422
2423
2424
2425
1574
8430
2428
2429
2430
9064
2432
2433
8864
2435
2436
2437
2438
2439
8976
2441
2442
4362
587
1001
2647
3248
2731
9233
4139
4968
1096
2453
3794
2455
1678
2457
2458
2459
2460
2461
2462
806
2464
5984
603
2467
2468
8460
2470
2471
2472
2473
491
6858
6759
2188
2478
3989
9881
2481
7981
2483
2484
996
2486
2487
1008
2489
9493
6391
1074
2493
3174
5543
4542
2497
2498
2499
3259
2501
2502
2503
2218
2505
2506
2507
2508
6657
2510
5016
9240
2513
2514
2515
2516
3223
9579
2519
2520
8102
2522
2523
2524
2525
2526
2527
2528
6523
4883
2531
2532
2533
2534
4925
5767
2537
7054
9327
1189
3014
2542
2543
2544
5865
2546
8295
2548
5320
2550
2551
9272
2553
2554
2144
7785
1050
2558
2149
2560
2561
2888
2563
4302
2565
2566
2052
2568
4015
6367
2571
9512
2573
2574
5513
5313
2577
2578
7452
3217
8175
2582
2583
3992
2585
2586
2587
2588
2589
2590
2591
2592
2593
2594
2595
2596
2597
1703
2599
3871
3218
2602
2603
6572
2605
315
5456
2608
9888
7362
2611
2612
9905
316
2615
2616
8032
2618
4128
2620
2621
6587
8355
2624
8545
2626
2627
2628
2629
2630
2631
2632
2633
2634
2635
2636
2637
2638
3178
2640
6650
2642
281
7245
2645
2646
2446
2648
2649
2650
2651
2652
2653
2654
9190
2656
2657
2658
5749
2660
2661
2662
9625
2664
2665
2666
2667
2668
2669
2670
6056
6521
2673
2674
2675
2676
2677
2678
177
995
2518
9555
2683
2684
1562
6239
5050
2688
2689
4532
6363
8215
2693
2694
2333
2696
2395
1825
2699
4061
779
2702
2703
7105
5021
2706
7827
4786
2709
2710
8266
7647
4326
2714
711
407
2717
2718
2719
9669
2721
2722
4437
2724
4351
2726
2727
2728
2729
2730
2448
2732
2733
2734
2735
3512
2737
2738
2849
7965
9183
2742
2743
463
9885
2746
2747
8050
9567
8084
2751
5373
1022
2754
7447
2777
2757
8846
2759
2760
4617
5919
8819
2764
2765
2766
6111
2768
2769
2770
8299
4056
994
5293
2775
5869
7259
2778
2779
1449
6838
2782
1554
2784
2785
2786
4371
1497
2789
2790
2791
2792
2793
6319
2795
2796
2797
3156
2799
2800
2801
3836
2803
2804
1972
7204
9452
2808
8127
2810
2811
3950
2813
563
8925
2816
2817
4661
2819
2820
8642
2822
2823
4243
8817
2826
546
2828
4382
6561
2831
2832
2833
2020
2835
3326
4180
4990
2839
6968
5399
2842
2843
700
2845
2846
2847
2848
4886
6019
2136
5012
471
2854
2855
2856
2857
2858
2859
2860
2861
2862
2863
1116
2865
4285
2867
2868
2869
1137
5723
7034
2873
2874
2875
2876
2877
6107
5894
9713
8024
2882
6839
2884
6959
8700
2399
2562
2889
7660
2891
46
2893
1844
9249
2896
2897
2898
2899
2900
2901
7272
3688
1455
9964
2906
5236
3841
5114
2910
537
5541
2913
624
2915
933
3741
2918
2919
2920
464
8237
34
2924
8004
2926
2927
2928
3152
4407
2931
3716
2933
2934
2935
2936
2937
2938
2939
5477
8811
2942
2943
4271
2945
2946
1281
799
2949
8020
2951
3513
2953
7443
2955
4890
2957
2958
312
4717
2961
2962
2963
2964
2965
9401
2967
2968
2969
2970
2971
2972
2973
298
2975
2976
7424
3207
5014
2980
2981
2982
8052
4338
3062
3241
6857
2988
4349
6627
2102
2992
2993
1707
2995
2996
2997
5708
2999
3000
1997
3002
3003
3004
3005
3006
3007
3008
9978
3010
8615
8229
6532
1891
3015
3016
3017
8288
3019
3020
2243
860
3023
3024
5315
9772
9920
2932
3029
3030
3031
3032
8256
3034
3035
3036
3037
3038
3039
5232
3514
7713
3043
3044
9505
3896
7107
3048
9024
2286
832
3052
3053
3054
3055
4804
3057
3059
3058
3060
1759
2985
81
7024
3803
6104
3067
3068
4121
3070
3071
3072
3073
8949
3075
3076
3077
1334
28
3080
3081
3082
8063
3084
3085
4782
3087
3088
3089
4535
3091
3092
3093
3094
1741
2450
4495
3098
1899
3100
3995
3764
3103
3104
915
3106
3107
8471
3109
7464
3111
4482
3113
2107
6062
5676
3117
3118
1277
3120
3121
3122
3123
3124
3125
3126
2564
3128
8189
5857
3131
259
3133
79
65
9975
3137
3138
3139
3140
3141
3142
1893
3144
3145
5746
4438
3148
9306
3150
3151
2929
4269
3154
3155
9286
3157
5423
3159
4525
3161
3162
3163
3164
3165
6139
3167
3168
540
3170
8785
3172
3173
2494
2284
3176
3177
8269
3728
8122
5621
9653
4812
3184
6142
3186
547
3188
3189
7992
3191
3591
3193
3194
3195
2156
3197
3198
3199
3200
8467
3202
3203
3204
6459
3206
2978
3208
5008
3210
7738
3212
3213
3214
3215
6302
2580
2601
1519
3220
3221
3222
2229
3224
3225
1422
3227
2682
8546
6834
3231
3232
3233
2401
3235
6277
5183
3238
849
3240
6851
5372
3243
3244
3245
2756
3247
2447
3604
6168
8335
3252
3253
5859
3255
3256
2609
6563
2500
3260
3261
2405
3263
1697
3265
3266
6936
8542
3269
3270
8868
3272
3273
3274
3275
3276
9850
3670
6233
3280
3281
3282
6584
3284
971
3286
8330
3288
3289
2343
4691
3292
3293
9281
9206
9296
3297
3298
3299
7978
3301
3302
1682
3304
3429
3306
5030
3308
7400
3310
3311
3312
1219
3314
3315
5658
8927
3318
3319
8889
3321
9301
8972
3324
3325
2836
5284
4683
3329
3330
3331
683
92
3334
7732
219
2024
1209
9570
2440
8386
3342
5674
3344
9561
3346
3347
3348
9554
3350
3351
3352
3353
8278
914
4158
3357
3358
2176
3360
8010
3362
4789
3364
3365
6709
7606
3368
7270
3422
3371
3372
3373
3374
5524
9816
3377
3378
1257
3380
8934
3382
7857
3384
8182
3386
3387
3388
3389
2750
3391
3392
3393
3394
3395
3396
3397
3398
3399
3400
3401
3402
3403
3404
3405
3406
3407
3408
3409
3410
3411
3412
1164
3414
3415
3416
3417
3418
3419
3420
3421
3370
3423
3424
3425
3509
401
3428
3664
1913
3431
6252
3433
5612
9695
3436
5887
6182
3439
8882
9382
6192
3443
1138
6985
3446
3447
3448
113
3450
5952
3452
3453
6499
155
3456
3457
3458
3459
3460
3461
3074
6631
3464
4296
3466
5576
3468
6659
3470
3471
2216
3473
3474
384
3476
3972
7835
3479
3480
5281
6541
9688
3484
4300
3916
5044
6402
8280
2026
358
3492
7777
8067
2221
3496
3497
1085
4800
9218
7111
6320
8626
9319
3505
2529
3507
8286
8931
3510
3537
4772
2952
2521
3515
3462
3517
4399
3519
3520
3521
3522
3523
3524
3525
3526
3527
8985
211
3530
9790
3532
2763
3534
4167
3536
294
3538
3539
3540
3541
3542
3543
4554
7030
3546
3547
3548
8774
3550
3551
3552
3553
3554
4808
3556
3557
3558
5254
3560
1561
3562
3563
3564
9524
3566
9323
9977
3569
5607
3571
985
5671
3574
4073
864
2960
3578
3579
3580
8042
3582
3583
5854
3585
9597
3587
3588
7719
1995
3192
3592
3593
6855
3595
3596
1410
3598
3599
3600
3601
1949
625
3300
1375
3606
3607
3608
3609
6121
3611
2350
3613
1468
3615
3531
3363
3618
7839
3620
7816
5023
3623
2116
3625
3626
324
3628
3629
3630
506
3632
385
4047
5445
3636
7392
8637
9787
3640
7343
3642
3643
3644
9248
3646
3647
3648
3649
3879
3651
3652
3653
4988
3655
5553
5438
8835
9123
3660
3661
3662
8120
3305
3665
7682
8639
1203
8007
1859
3671
3672
3673
3674
3675
3676
3677
3678
3679
3680
7291
7055
4992
3684
8970
3686
7153
4045
3689
1479
6779
9791
3693
3694
5146
3696
1720
3698
7406
3700
3701
4754
3703
2739
8780
3271
6721
3708
3709
3710
1355
3712
4987
3714
6493
3028
3717
3718
270
3720
1815
1369
3723
3724
3725
9342
3727
6027
3729
5974
6946
4896
4744
3734
3735
3736
3737
3738
3739
3740
2917
8186
5407
3744
3745
6162
5983
5586
3749
3750
3229
3752
3753
3754
3755
3756
8570
3758
5352
5348
3761
3762
438
2806
5979
3771
3733
6632
3730
3770
9068
3772
3773
3774
3775
3776
2830
3778
2391
2114
3781
3782
8226
3784
3785
1560
3787
3788
9803
3790
3791
3792
4950
837
3795
1199
3797
3798
3799
2013
9897
8037
9729
4029
3805
3806
3807
3808
3809
3810
1906
3812
3813
3814
7292
3816
3817
3818
6705
3820
3821
3822
3602
3824
3825
3826
5224
4275
5307
5074
3831
3832
1386
3834
4865
2802
2922
3838
3839
3840
2908
5787
3843
1994
6343
3846
3847
3848
7409
2081
4127
3852
3853
1217
5300
3856
3857
3858
8463
3860
3861
5951
9530
3864
9833
5656
8548
9276
3869
3870
845
7438
6421
6033
3875
7746
1526
5388
3650
3880
3242
3882
3883
2427
3885
8017
3887
3888
3889
6169
3891
707
3893
3894
3895
3046
1960
3898
7969
3900
2153
3902
4471
3904
3905
2402
3907
3908
3909
9750
9841
3912
6195
6845
3915
4191
3917
7988
8185
3920
3921
3922
3923
3924
5824
7357
3927
3928
3929
3930
7312
3932
3933
3934
127
2752
3937
3938
3939
9820
9448
7090
3943
810
3945
3946
1692
1009
6257
5958
650
6165
3953
3954
3705
2358
3957
6747
3732
2530
3961
3962
1870
3964
3965
1014
7655
3968
3969
3970
9614
9992
5041
3974
3279
6533
3977
3978
3979
4900
7901
3982
3983
3984
423
3986
7352
3988
6994
5962
3944
9968
3993
3994
6552
3996
3997
3998
3999
4000
4001
4002
4270
4004
4005
4006
4007
4008
4009
4939
8640
9231
7056
5717
2569
7695
4370
9940
9141
4020
4021
4022
646
1955
4025
4026
4228
9890
7590
4030
4031
4032
4033
4034
4035
479
2788
6536
6205
4040
5317
373
8867
1669
2903
7634
3634
1178
4049
4050
862
4052
6370
5871
450
2772
4057
8912
4059
5527
857
4062
4063
5221
3442
4066
4067
8192
4069
4070
4071
4072
3575
4074
4075
5306
4077
3432
4079
4080
4081
4082
1731
8372
500
4086
4087
4088
4089
4090
4091
4092
4093
4094
4095
4096
8895
4098
4099
4100
4101
3127
4103
6939
4105
6696
4107
4108
7644
8262
4111
4112
4113
6196
6158
4116
4856
4118
9793
4120
5248
4122
4123
4124
8497
8119
3851
2619
4129
17
4131
4132
4133
4134
9316
4136
6608
9099
8492
3146
4141
4142
4143
4144
4145
4146
4147
4148
4149
4150
4151
4152
4153
4154
4155
4156
4157
3356
4159
4160
7350
5035
4220
6247
4165
1115
4731
4512
4169
4317
4171
4172
3267
341
4175
4176
4177
8599
6522
2821
4181
4182
4183
4184
3963
7486
4187
4188
4189
5331
8684
170
9546
4194
4195
4196
4197
4198
4199
1896
4201
4202
4203
4204
4205
4206
4207
4208
8352
7583
368
4212
8769
4214
4215
8281
2748
4531
4219
4327
4221
4222
4223
8537
4225
3102
3645
3355
115
4230
4231
4232
9370
4234
5515
954
7081
1978
4239
3868
4241
4242
2824
4244
6954
2567
5467
9359
9887
4250
4251
4252
2956
4254
7296
4256
4257
1150
1581
4260
2268
4262
7725
4264
4265
4266
1663
8942
3153
9111
8318
757
9492
4274
8113
9209
4277
4278
4279
501
4281
4282
4283
9566
6029
4286
4287
9528
5512
4353
7185
3237
4293
4294
6337
9780
4396
4298
872
3485
8862
4102
4303
8378
4305
7758
5257
7285
4309
4310
4311
4312
4313
4314
1195
4316
1076
4318
3906
4320
4321
812
4323
4324
9236
5032
8578
4328
4138
4330
4331
6716
4333
4334
4335
4336
4337
6916
4339
4340
4341
7322
4343
4344
4345
2232
5342
9805
2989
3495
6430
4352
4290
4354
4355
4356
669
4358
8922
4360
4361
2443
4363
7191
4365
4366
4367
4368
4369
4916
2787
4372
4629
7905
9838
4376
4377
4378
4379
382
9945
3654
4383
4325
4385
7813
4387
4388
8249
6516
4391
4392
4393
4394
4395
8411
8702
7472
3518
4400
7527
4402
4403
4404
4405
4406
2930
576
1537
4410
4411
4412
5781
6580
8627
4416
4417
4418
4419
4420
4421
4422
4423
4424
4425
4426
4427
4428
4429
4430
4431
4432
6820
4434
4435
839
9463
3147
3627
6540
184
4442
1086
1402
7733
4446
6810
4448
4449
4450
4451
8928
6944
4454
4455
4456
4457
4458
4459
5886
4461
4462
4463
3383
4465
4466
5715
4468
4469
6670
3903
8557
457
5400
23
4476
1360
4478
4479
4480
4481
3112
5707
5506
4485
7991
4487
3501
4489
1646
4491
220
4493
4494
3097
40
4497
6021
4499
1796
4501
5832
4503
4504
4505
1604
4507
4508
5225
4510
4511
4168
4513
4514
4515
5280
6101
4518
7114
4520
4521
4522
9983
4524
8493
4787
4527
4528
5861
4530
9676
2690
4533
4534
1656
5829
4537
7219
4539
6137
4541
6440
1585
3722
4545
289
6254
4548
4549
8041
1779
5261
4553
1091
4555
4556
4557
9611
4559
4560
4561
4562
4563
6060
4565
6138
4567
2711
4569
4570
1252
4572
9827
4574
1113
4576
7684
8316
3056
4580
4581
4582
7570
4584
8419
4586
513
4588
6628
4590
4591
4592
6844
5784
6132
4596
9343
835
4599
4600
4601
5960
9304
8129
4605
4606
4607
4608
1904
8857
4611
4612
4613
6355
1505
4291
9371
5647
6349
8323
4621
4249
4579
8369
5417
7428
5551
4628
9952
5686
4631
6680
4633
4634
4635
7184
4637
4638
4639
4640
4641
4642
4643
4644
4295
4646
4647
4648
4649
4650
2265
4652
199
4654
7494
4656
6931
6704
8438
4660
2818
4662
4663
6282
6151
4666
4593
4668
4669
26
4671
9586
589
4674
4675
4676
4492
4678
153
6686
4681
4682
6539
4684
4685
7683
333
8092
9297
4690
9280
4692
825
4694
2006
4696
4697
4698
4699
4700
139
4702
4703
4704
1356
979
934
4708
4709
4821
3493
6433
5599
4714
5337
4716
3577
6214
6714
4720
4721
3228
4723
7755
4725
553
4727
6842
4729
6791
3535
8508
4733
9237
2246
4736
8933
4738
4739
37
6725
4742
4743
3767
3690
84
4747
7747
8612
4750
4751
4752
4753
1256
6606
4756
6488
9454
4759
4760
4761
3616
1021
4764
4832
4766
4767
6031
4769
4770
4771
766
4773
4774
96
4776
4777
4778
8704
4780
4781
3086
4783
4784
4785
7924
4526
4788
3617
4790
1521
4792
3345
4794
907
4796
4797
5909
4799
3499
6700
6331
4803
2781
4805
4806
876
7912
4809
4810
4811
3183
7233
8033
4815
4816
6655
4818
5085
4820
9761
4822
4823
4824
4825
4826
4827
4828
4829
4830
4831
1538
9884
4834
4835
4836
4097
4838
4839
4840
6008
4842
5779
6172
6586
4846
9955
4848
2852
1881
4851
7426
4853
413
4855
4664
4857
4858
4859
6063
4861
4862
9434
4864
3835
4866
4867
8617
4833
4870
6498
4872
6786
4874
4875
5896
4877
4878
4879
4880
1504
4882
2851
182
6799
2672
4887
4888
4889
4253
4891
4892
4893
6787
4895
6067
4711
4898
4899
5977
4901
4902
9223
8466
4905
4906
6316
4908
4909
7937
2905
7031
4913
4914
274
4017
4917
4918
9973
4920
4921
4922
1192
4924
6897
7654
7075
8307
4929
4930
4931
2959
4933
7861
9094
4936
4937
9700
4010
4940
6039
8461
4943
4944
5995
7918
4947
1644
4949
8250
8118
6922
4953
4954
4955
4956
1408
4958
4959
4960
5139
4962
5529
4964
4965
4966
4967
2451
345
4970
9845
4972
4973
8068
39
4976
8728
4978
4979
4980
4981
3589
8660
4984
5243
6096
3713
8663
4989
4577
4991
2837
965
4994
5634
8267
4997
4998
2122
5000
5001
5002
8731
5004
5005
5006
5007
640
5258
5010
5011
951
9430
7299
5095
2885
5017
6293
5019
5020
1566
5022
645
6262
6661
223
5027
1454
8561
3307
5031
2713
5033
5034
9023
8082
5037
9894
8220
5040
3973
6030
6143
3751
395
2475
5047
5048
1969
217
5051
5555
5727
1440
5055
5056
6865
5058
5059
5060
5061
5062
9379
5064
5065
5066
5067
2878
5069
8621
5071
5072
5073
9892
2864
5076
7310
8291
7714
744
7399
7775
7099
6269
4819
5558
5087
5088
14
9170
5091
5092
5093
5094
494
9313
5097
6809
6408
8683
5101
9363
5103
7300
9613
9860
8706
5108
7211
5110
5111
8243
5113
2909
3116
1211
5117
5118
9196
8383
6801
6909
5123
5124
2966
7132
3426
6344
3277
6566
5131
5132
5133
5134
5135
9898
7092
3573
586
7155
2206
5142
8781
1974
5145
2074
5147
5148
5149
5150
5151
5152
5153
6114
5155
4053
5157
5158
5159
8616
511
5162
4529
5164
5165
8354
4299
5168
5169
5170
5171
5172
4619
7157
2366
1579
5177
5178
5179
5180
7852
5182
2902
5184
334
5186
5187
5188
5189
7787
8993
7910
5193
5194
5195
5196
6255
5198
5199
5200
5201
5202
8566
5204
5205
5206
8202
3789
7230
4728
1686
5212
5213
5214
5215
16
9247
9043
5219
5220
4064
2490
221
3827
4583
7324
9457
667
5229
7681
2187
3040
5233
5234
235
815
6767
5238
5239
7589
6183
5242
180
7736
697
5246
5247
6880
5249
5489
5251
5252
5253
3559
5255
5256
5310
5009
5259
5260
4552
5262
5263
5475
5265
5266
5267
5268
7482
3209
6129
5272
5273
3768
5275
5276
5847
5106
5279
4516
3481
6836
9464
3327
5285
5286
5287
1848
9822
4273
5291
5292
4719
5294
7224
5296
5128
2110
5299
3855
5301
2208
6531
5304
5305
4076
3829
5308
1090
4027
5311
7970
9444
5314
3025
5316
6811
154
5319
2040
5321
5322
9661
5324
5440
5326
5327
7451
5329
5330
514
2184
5333
2695
5335
5336
2556
5338
4795
5340
5341
2327
5343
5344
5345
9055
1612
3760
8687
5350
5881
3759
3381
5354
2336
5356
8921
5358
7812
5360
5361
6559
5363
5364
5365
5366
7599
6215
5369
5370
5371
3881
3936
5374
5375
1739
5377
7764
5379
5380
5381
157
5383
5384
5385
5386
5387
4843
5389
5390
5391
5392
5393
5394
5395
5396
5397
5398
2841
6732
5401
5402
5403
2037
5405
5406
955
5408
5409
6727
4036
5412
868
5414
5415
5416
4625
5418
5419
5420
5421
9069
3158
5424
5425
5426
5427
60
5429
1139
5431
5432
5433
6509
5435
5436
5437
1941
7922
5325
5441
2416
5443
5444
3635
1672
2716
6642
5449
5450
5451
5452
5453
5454
5455
655
5457
5458
5459
5460
5461
5761
5463
9152
5465
8124
4247
9692
5469
4484
5471
5472
5473
1733
5264
5476
2940
6261
1523
8436
653
5482
6280
5484
5485
5486
5487
5488
5250
5490
5491
5492
5493
5494
5495
5496
7643
568
5499
5500
5501
5502
8301
2090
8656
5470
560
5508
5509
5510
5511
4289
2575
1250
6582
359
6681
5518
5519
5520
5521
9080
5523
3375
9643
5526
9336
5528
4963
5530
1351
5532
5533
5534
5535
9994
4571
5538
5539
5540
8697
5542
44
6424
5545
5546
5547
4604
2445
5550
5090
5552
3656
5554
5089
5556
6416
136
1813
5560
5561
5562
5563
8123
5565
5566
5567
5568
5569
5570
5571
3296
3294
5574
5575
4566
5577
9279
6146
6187
5581
5582
5583
5584
8145
3748
5587
8899
4969
4301
5591
7930
7108
5594
5595
5596
6134
5598
4546
5600
5601
5602
5603
5604
4712
5606
3570
6487
617
8523
8002
3434
5613
5614
7318
7468
1991
5618
5619
5620
8255
5622
5623
5624
7540
3731
5136
5628
5629
5630
5631
5632
5633
4995
4037
9601
7566
5638
9400
5640
5641
981
5643
5644
5645
7246
4618
5648
5649
5650
8787
5652
5653
5654
5655
1083
5657
2200
4496
2310
6776
665
5663
5664
5665
5666
1754
5668
3967
8038
5138
5672
5673
3343
9241
5710
6466
5678
6470
5680
5681
5682
5683
2227
5685
3619
5687
5688
5689
5690
5691
7974
5693
5694
5695
8713
6797
5698
5699
6145
5701
7875
5703
7754
5705
1838
124
2998
7929
5115
5711
5712
5713
5714
8440
5716
3179
5718
5719
5720
5721
5722
8205
4467
7986
5726
7434
5728
5729
5730
5731
5732
5733
6429
5735
5736
5737
8593
2043
5740
5741
5742
9747
5744
7935
4140
5747
5748
6471
5750
5751
5752
5753
5572
5755
5756
2707
5758
5759
5760
6526
5880
7934
5764
5507
5766
2536
5768
5769
5770
5771
5772
5773
5774
5775
4732
5777
9300
1806
5780
8553
5782
5783
4594
5785
8761
7614
5788
5789
5790
5791
5792
5793
5105
1266
5796
5797
5798
5799
788
5801
5802
5803
2005
5805
5806
5807
5808
5809
5810
5811
2031
9782
5814
5815
5816
9541
3287
8777
1273
5821
7825
5823
3925
5825
5826
5827
5828
4536
5830
5831
4502
3061
5834
5835
5836
6547
5838
5839
5840
7154
5842
5843
5844
6300
2838
5277
8869
5849
7698
5851
7110
5853
3584
5855
9369
3130
5858
3254
7210
5163
5862
5863
1727
2545
5866
8799
1963
2776
5870
7049
5872
4923
5874
5875
6984
7138
1709
5879
5762
2189
5882
5883
5884
5885
5580
7330
5888
5889
5890
5891
5892
5893
3828
5895
4876
5897
5898
8707
5900
6730
8755
5903
5904
5905
5906
5907
5989
9002
3469
564
5912
5559
5914
5915
5916
5230
9137
1573
4587
7760
5922
5923
5924
5925
5926
5927
5928
5929
5930
8671
8000
5933
5934
1319
5936
6833
9360
5939
2344
5941
448
523
6163
8776
1970
3278
5948
5949
5950
3862
3451
5953
5954
7770
5282
5957
2812
5959
1327
4737
3990
5963
5964
7613
5966
5967
5968
1019
5970
5971
6745
5973
3769
5975
5976
8072
7449
286
5980
5981
5982
6371
1194
6477
5986
5636
5988
453
5990
1484
3779
5993
5994
5349
5303
8762
5998
5999
1333
6001
6002
6003
3872
6005
4084
6007
4841
6009
6010
6011
5318
9599
1280
596
6016
6017
440
2850
9253
4498
6022
6023
6024
6025
6026
1297
6028
2866
2390
4768
6032
6889
6034
2063
6036
6037
8900
4941
6040
6041
6042
8820
6568
9421
7315
6047
6048
6049
6050
6051
6052
6053
6054
6055
7967
6057
6058
6059
4564
6061
8666
4860
6064
1589
125
3959
5873
6069
8224
6071
6072
6073
6074
6075
6076
6077
6078
6079
6080
6081
6082
6083
5442
344
6086
9480
6088
6089
1965
6091
3614
6093
6094
6095
8294
6097
3958
9868
6100
4758
6102
6103
3066
8009
9066
5068
6108
6109
7529
5597
1089
4161
5154
6115
6116
6117
8975
6119
6120
2488
6122
6123
6124
6125
6126
6127
6128
8161
6130
6131
4595
2258
1265
6135
6136
8767
7086
3166
7236
666
2923
5043
6144
9210
3115
5104
6148
1301
5639
7717
780
6153
7815
2198
6156
1232
7945
6159
6160
4934
9187
8915
6164
8715
6166
1395
2231
3890
6170
6171
8208
6995
6174
6175
6176
6177
6178
2381
6180
9466
3438
5241
7678
6185
1152
783
6188
1177
6190
6191
570
6193
7093
2643
2315
6197
6198
6199
6200
6201
6202
6203
9523
9539
6206
6207
3359
6209
6210
6211
6456
7887
2095
5368
6216
6217
6218
6219
6220
1721
4907
6223
6224
6225
6226
6227
6228
6229
6230
7769
6232
2235
6234
6235
6236
6237
6238
2686
6240
6241
7871
6243
3354
6245
6246
844
6867
6249
6250
6251
8815
6253
4547
5197
6256
3949
8930
6259
2253
5478
5024
6263
6264
6265
6266
6267
2057
5084
6908
2016
6272
6273
6274
2133
6276
3236
8830
6279
5483
536
4117
6283
6284
6285
9848
9854
6288
6289
6290
6106
6292
9982
8914
6295
3897
6297
6895
6299
9366
6301
1699
7711
4655
6305
6306
6307
6308
6309
4775
7471
6312
6313
6868
6315
6467
6317
6318
3561
3502
6321
6322
6323
7408
5126
2617
6327
6328
6329
6330
4802
6332
6333
6334
9837
6336
4645
6338
6339
6340
8374
6342
3845
4460
6345
6346
6347
6348
1525
6350
8674
3503
6353
1643
5537
5127
6357
6358
6359
8832
6361
6362
787
6364
1835
6366
2570
489
6369
8029
8604
6372
6373
6374
6375
6376
6377
2012
6379
2318
5411
6382
6452
6384
4170
6386
8016
9046
5670
960
2491
2150
6393
9348
6395
6396
6397
6398
8753
6400
6401
3488
6403
6404
4961
1952
6407
5099
1851
3658
7666
8148
7679
6414
6423
2890
7730
6418
6419
6420
6918
6422
9487
5585
6965
6426
6427
9225
5734
288
7811
6432
5605
6434
6435
6436
1303
6438
552
2496
6441
6442
8313
6530
6445
6446
6447
6448
6756
6450
2925
6383
8223
601
6455
2103
6457
6458
3205
6460
166
6462
6463
6464
6465
4114
6222
6468
1635
5679
9600
6472
6473
4673
8178
5965
1744
6478
6607
6480
1928
9339
6483
6484
6485
6486
9559
4757
6406
6490
9918
6492
3715
6494
4439
6496
6497
4871
3454
6500
6698
6502
7346
6504
6505
6278
6507
6508
5434
6510
6511
6512
6513
6514
6515
4390
6517
6518
6519
6520
9880
4322
9958
8302
6525
5462
6527
6528
6529
118
1509
1321
3976
6534
7498
4038
6140
6538
167
372
8248
8003
6543
2687
5143
6546
6671
6548
6549
3783
902
4688
9175
2367
6555
6556
6557
6774
5362
6560
3777
6562
6973
1212
6565
5130
6567
6044
6975
6570
21
2321
6573
6574
6575
6576
6577
6578
6611
4414
6581
443
9703
3283
6585
4845
6911
2559
6589
6590
6591
74
6593
6594
6595
6596
6597
6598
6599
8926
6601
6602
6603
6604
6605
8356
8074
4137
541
6013
6015
6612
6613
6614
6615
5269
6617
6618
6619
7667
6621
6622
6623
8390
8070
6626
9365
4342
6629
6630
3463
7906
6633
5514
6635
6636
3878
6638
6828
6640
8988
7921
6643
8191
2368
8135
186
1698
6649
2641
6651
8676
6653
6654
1240
2758
5754
6658
6763
6660
5025
1874
6663
7539
1568
2062
9873
6668
6669
4470
268
6846
7694
6674
8718
6676
7670
746
9922
4632
5517
6682
6683
6684
6685
9195
7164
6688
8375
6690
6691
6692
6693
3865
6695
771
6697
3747
6699
7741
151
6702
6703
4658
9821
6706
1272
6708
3366
6710
6711
9072
6713
2774
6715
4332
6717
6718
6719
2126
7662
6722
6723
6724
7718
6726
5410
6728
6729
5901
6731
580
4506
6734
6735
6736
7277
1393
6739
6740
6741
8829
6743
8742
4041
6746
6098
6748
109
6750
7197
6752
6753
347
7021
4348
6819
6758
5702
6760
6761
1819
5910
6764
7283
6766
5237
6967
6769
6770
6771
6772
6773
7176
6775
6781
6777
1100
3691
957
2623
3290
6783
6784
6785
3874
4894
278
6789
2004
4730
6792
9532
6794
6795
6796
5697
4986
4885
6800
9802
7753
7339
6804
1141
6806
6837
6808
5098
9602
6610
6812
6813
6814
6815
6816
6817
6818
6757
8791
2311
6822
6823
6824
9450
6826
6827
6639
6829
4807
6831
3622
5070
3230
6835
5956
2659
6035
778
3659
8918
188
6843
4667
7564
6672
5669
7638
6849
22
2986
6852
6853
6854
8758
6856
2987
3506
8598
6860
3726
6862
6863
7868
7657
6866
2392
9490
6869
6870
9679
6872
7890
717
6875
6876
7708
6878
6879
1983
9411
8875
6883
6884
6885
116
6887
203
4952
6890
6891
5696
6893
6894
6298
6896
2535
6898
6899
6900
6901
6902
2354
6904
6905
6906
6907
6270
5122
6910
2622
6912
6913
6914
7829
2984
6917
5921
6919
6920
7000
4873
201
6924
9853
6926
6927
6928
8823
7830
4657
7131
5778
6934
6935
4173
6937
6938
4104
6940
6941
6942
2456
4453
6945
5626
6947
2167
6949
6950
1618
2273
6953
1556
6955
6956
1755
6958
2511
6960
6961
6962
3910
6964
1284
6966
7450
896
6969
6970
6971
6972
4670
9909
7528
6976
7579
1876
6979
6980
6981
6982
1514
5876
4999
4003
6987
6988
6989
9972
3549
8499
6993
2479
6173
6996
6997
6998
6999
8893
1238
7002
7003
7004
8764
7006
3249
7008
7595
7010
7011
7012
8994
7014
1389
7016
7017
1245
9380
7020
6755
7022
7023
3064
7025
7026
7027
7028
7029
3545
7833
7032
7033
1551
8304
1544
7037
7038
348
7040
7041
7042
7043
7044
7045
7046
7047
7048
4054
2887
7051
968
7053
1262
3682
485
7057
7058
9720
7060
9468
7062
7063
4163
7065
7066
7067
7068
7069
6271
7071
7072
7073
7074
4927
7076
8536
7078
7079
7080
3555
2369
7083
6588
7085
3467
2041
7088
7089
1288
7091
5137
8978
7094
7095
7096
1914
956
2282
7100
7101
7102
2166
7104
2704
2201
3047
5593
7349
375
8611
7112
451
4519
9768
7116
7117
7118
7119
8403
7121
7122
111
689
7125
7126
7127
7128
7129
7130
6932
6325
7133
8721
7135
7162
659
5877
7139
7140
2084
7142
7143
7144
7145
7146
7147
7148
7149
134
7151
7152
3687
4280
5140
7156
5174
7158
7159
7220
7161
7136
7163
6394
7165
7166
159
7243
7169
7170
7295
7172
7173
7174
4847
6558
7177
7178
7435
90
7181
7182
8479
7846
4616
5589
7187
7188
7189
7190
4364
7192
7193
7194
7195
7196
6751
7198
7199
5833
7201
1175
7203
2101
1570
7206
7207
7208
7209
5860
1632
2247
531
929
7215
320
7217
7218
4538
7160
7221
7222
1520
8987
7225
7226
1792
7228
7229
5209
7231
4603
4813
1459
1593
6537
5911
7238
7239
7240
7241
7242
9407
7244
2644
5646
7247
7248
1559
7250
2417
7252
7253
7254
355
7256
7257
7258
5100
7260
7261
7262
7263
7264
7265
7784
7267
7268
8872
3369
7271
5086
675
7274
7275
7276
2067
7278
7279
9265
7281
7282
6765
7284
4308
7286
7287
7288
7289
7290
3681
3815
7293
8929
8391
4109
7297
7298
9651
8905
7301
7808
7303
7304
1591
7306
7307
2485
7386
5217
105
3931
1662
7314
6046
7316
7902
5615
8622
7320
7321
2276
7323
5226
7325
7326
7327
7328
7329
3437
9907
7332
7333
7334
7335
7336
7337
7338
6803
7340
9948
7342
3641
7344
409
6503
2452
7348
9482
2060
7351
5192
7353
7354
7355
7356
3926
9650
8478
7360
5818
2610
7854
7364
417
3657
7367
7368
7369
7370
7375
7372
7373
7374
7371
772
7180
1788
7379
7380
466
7382
7383
539
7870
7309
7387
7388
7389
7390
7391
3637
7900
7394
9419
8638
9121
7398
5081
3309
4578
2360
6451
6554
7405
641
7407
6324
3849
7410
7411
6388
4164
7414
7415
7416
7417
7927
1987
7420
7421
7422
2281
2977
7425
4852
7427
2444
7429
7430
9699
7432
8405
1822
216
7436
7437
7402
7439
7440
7441
7442
8099
1428
7445
9478
2755
7448
5978
7474
5328
2579
7453
7454
7964
7456
5709
1163
7459
7460
7461
7462
5706
3110
7465
7466
7467
5616
7469
7470
661
4398
1448
6385
1436
7476
7477
7478
2325
7480
9285
6616
6620
9459
7485
9310
7487
7488
7489
7490
3114
7492
7493
3985
8441
7496
8498
6535
7499
2197
2256
7502
7503
8519
7505
7506
7507
7508
7509
891
2237
5439
7513
7514
7515
5245
7517
7518
7519
7520
7521
7522
6479
859
7939
7526
1857
3743
266
7530
7531
7532
7533
7534
7535
7536
7751
7538
6664
1639
7541
7542
833
7544
7545
2139
1230
7548
7549
8413
7551
9846
7553
7554
7555
285
5334
643
7559
7560
7341
7562
7563
3914
7565
5637
9420
7568
7569
4509
7571
584
7573
5120
674
2029
7577
7009
6977
7580
7578
5692
7633
7584
7585
7586
2549
7588
5240
3804
7591
9063
7593
9771
9545
7596
7597
7598
6793
7600
7601
7602
7603
2871
1677
3367
1438
7608
7609
7610
7611
7612
6476
5660
8491
2655
7617
2096
7619
7620
7621
7622
7623
7624
7625
7626
7627
7628
7629
7630
7631
7632
9410
4046
1040
3021
1981
6848
7639
7640
7641
7642
1384
4013
7645
7646
2712
7648
4762
7650
7651
7652
7653
4926
6847
7656
8428
9950
7659
5557
6181
9727
7663
7664
7665
921
7483
781
7669
6677
7671
7672
7673
7674
1051
7676
3500
699
6413
7680
5917
3666
4686
5846
7685
7686
3621
7688
7689
7690
4190
9475
7693
6673
3264
7696
7697
5850
7699
7700
3427
7702
7703
8661
7705
2353
4126
7005
7709
7710
1041
1183
3042
5079
9367
7716
152
2990
4982
8173
4755
7722
7723
7724
4263
7013
9522
7728
7729
9130
7731
3335
4445
7734
7735
5244
7737
3211
7739
7740
4801
3187
7743
8822
7745
3876
4748
7748
782
7750
7537
7752
1390
5704
4798
7756
7757
4306
7759
3873
9442
7762
6943
5378
7765
7766
7767
2322
9709
1613
7771
7772
7773
7774
8903
7776
4897
7778
1517
7780
1524
7782
7783
1603
462
7786
763
604
7789
7790
899
7792
7793
1489
7795
7796
7797
7798
7799
7800
9288
7802
7803
7804
7805
7806
4946
7876
7809
7810
6431
4540
6501
7814
6154
7687
7817
7818
7819
5817
100
7822
7823
6133
3940
7826
9910
9537
9628
3026
3444
7832
4912
1444
3478
7836
7837
946
4630
7840
7841
7842
7843
7844
7845
461
7847
7848
7849
7850
1432
5181
7853
7363
7855
2827
4464
7858
7859
7860
1932
8850
7863
7864
7865
7866
7867
6864
7869
7385
66
7872
7873
7874
2058
7302
7877
7878
7879
7880
7881
2359
3942
8005
7885
7886
8315
7888
1750
6873
7891
7892
7393
8584
7895
7896
9254
987
5161
7141
3981
7317
7903
7904
4374
6311
7907
7908
5845
3987
7911
2886
7913
7744
4735
6762
7917
1942
3449
7920
3603
7512
7923
2708
7925
7926
7418
7928
7457
5592
9564
1127
7933
2019
5745
5931
4910
3226
7525
7940
7941
7942
7943
9553
7862
7946
7947
4384
7949
7950
7951
4740
7953
7954
7955
9760
7957
7958
2055
7960
7961
5339
7963
1748
2740
7966
8179
7412
1601
5312
7971
7972
7973
350
1767
7976
7977
5474
7979
8746
2482
7982
7983
8783
4166
7463
6933
2112
7989
7990
4486
3190
7993
4018
7995
7996
7997
2342
7999
5932
8001
5611
2476
7403
2036
8006
3669
8008
6105
3695
8011
8012
8013
8014
3955
3349
3886
8018
8019
1769
8021
8022
8023
1075
8025
8026
8027
8028
533
8030
8031
1214
4814
8034
8420
8036
2261
1427
8039
8963
4550
3581
8043
8044
8045
56
8047
8048
8049
1400
8051
2983
8845
8054
3096
8056
8984
8058
8059
8060
8945
8062
3083
8064
8065
8066
8759
593
8069
7980
8623
1095
7701
7523
8075
6437
8077
8078
8079
8080
3322
1397
8083
3390
9615
8086
1110
8088
8089
8090
8091
3101
8093
8094
4447
8096
3746
8098
2954
3576
8101
3041
8103
8104
8105
8106
8107
8108
8109
8110
8111
8112
7594
8114
8230
8116
8117
4951
7707
3663
8121
3180
5564
6749
8125
8126
2809
8128
4016
8130
8131
8132
8133
2042
6646
2379
8137
8138
8139
8140
8141
8142
8143
8144
1659
8146
8147
6412
8149
8150
8151
8152
8153
8154
8155
8156
8157
8158
8159
8160
5271
8162
8163
8164
8165
8166
7237
8168
8169
8170
9044
3683
7720
8174
2581
2124
8177
6475
1854
8180
8181
3385
8183
8184
3919
8606
8187
8188
9731
8190
6644
9652
8193
8194
8195
8196
8197
8198
8199
7361
8201
5207
8203
8204
7171
6291
8207
4844
8989
8210
8211
8445
8213
275
9796
8216
1626
8136
8219
7516
8221
8222
6453
6070
8225
6550
8227
8228
3012
8115
8231
8232
8233
8234
6213
916
3837
8238
8239
8240
9220
8242
5112
8244
8245
228
8247
3482
5757
7097
9840
8752
8459
8254
5078
2085
8257
8258
8259
8260
8261
4110
8263
8264
2431
4568
4996
8268
7205
8270
8271
2373
8273
8274
9670
8276
8277
3568
8279
1358
696
8282
8283
8284
30
3508
8619
3018
1527
8290
5651
8292
8
6798
2547
8296
2701
8298
1473
1925
5503
9797
8303
7035
8305
6963
4928
8308
8309
2365
8311
8312
6443
8314
892
7401
8317
2944
8319
8320
8321
8322
8749
8324
8325
8326
8327
5480
723
8200
8331
8332
8333
8334
3291
8336
8337
6018
8339
8071
8341
8342
8343
8344
8345
8346
8541
8348
8349
8350
879
4209
8353
5166
5661
3361
8959
8358
8359
8360
8361
8362
8363
8364
8365
8366
895
8368
7070
8370
8371
8902
8373
1287
6689
931
8377
4304
8379
8380
8381
8382
7232
8384
8385
4983
8387
8388
2174
5635
1528
4726
8393
8394
8395
8396
1204
1015
8399
8400
8401
8402
7120
8404
7433
8406
8407
8408
1638
8410
6390
2011
7550
8414
8415
8416
8417
8418
6874
8035
3477
8422
8423
6444
8425
8426
8427
702
923
3884
8431
9872
8433
8434
8435
8328
8437
4659
9341
490
7495
8442
8443
8444
8212
9243
8447
8448
8449
9260
8451
8452
8453
8454
8455
8456
8457
9181
8253
2469
4942
8462
3859
8464
8465
4267
7280
8468
8469
8470
3108
8472
8473
8474
8475
9996
8477
7359
7183
8480
8481
8798
8483
8484
8485
8486
8487
8488
4192
8490
9953
8055
3160
8494
8495
8496
6286
7497
5913
8500
1005
8502
8503
8504
8505
8506
8507
5776
5610
1450
8511
192
9785
8514
8515
1109
8517
8518
7504
814
8521
8522
8509
8524
317
8526
8527
8528
241
8530
9726
8532
8533
8534
8535
7077
4224
2361
8539
8694
8347
3268
8543
1845
2625
4350
8547
3867
8549
8550
6738
8552
4413
8554
8555
8556
4472
8558
8559
4791
9899
8562
8563
8564
8565
5203
8567
8568
8569
1035
8571
8572
8573
8574
8575
827
639
1289
8579
8580
5052
8582
8583
7894
2320
8586
8587
5278
7727
8590
8591
9423
5738
8594
8595
8596
8597
6335
4178
3763
5944
8602
8603
9188
1279
3742
9446
8608
8609
8610
8209
4749
8613
8724
3011
7807
4868
8618
8287
1159
5937
7319
8340
8624
1032
6352
4415
8628
4701
7150
8631
8632
8633
8634
8635
8898
6571
7396
3667
7266
8641
488
8643
8644
8645
8646
8647
8648
8878
8650
8651
8652
8653
2745
8655
6090
5544
8658
8659
4024
7704
8662
2829
8664
8665
1383
8667
8668
8669
8670
7834
8672
8673
6351
8675
9394
8677
8678
8679
8680
8681
8682
8167
3486
8685
8686
4945
8688
9027
8690
8691
8692
1350
8540
8695
1540
2912
8698
8699
4237
2387
4397
8703
4779
8705
5107
5899
805
8709
8710
7575
565
9605
8714
3952
8716
8717
6675
8719
8720
7134
9516
8723
8849
8725
8726
8727
4977
6296
8730
5003
6112
8733
8734
8735
8736
8737
8738
9142
8740
8741
6744
25
8744
8745
120
8747
8748
9062
9988
8751
3668
8097
8754
5902
1329
8757
3594
374
8760
5786
5997
8763
6877
8765
8766
5446
8768
4213
8770
8771
1044
8773
6991
8775
5945
2394
8778
8779
8015
6545
8782
1886
3379
8657
8792
5160
8788
8789
4297
9823
8786
9903
8794
8795
8796
9255
1810
5867
8800
8801
8802
8803
947
8805
8806
8807
8808
8809
76
2941
8812
8813
8814
4078
8816
2825
8818
3533
6043
2264
7914
1600
8824
4849
8826
8827
8828
1353
3239
3901
6360
5935
8834
2613
8836
2362
8838
8712
8840
8841
8842
8629
8844
1347
6656
9202
5351
4011
6068
8851
8852
8853
8854
7500
8856
4610
8858
8859
8860
8861
5590
8863
2434
8865
8866
4043
3706
5848
8870
8871
7269
1787
403
6882
8876
8877
7007
8879
8880
8881
3440
9298
263
8885
2512
1968
1342
3320
8890
8891
8892
6921
8894
4837
258
8897
8636
5588
98
8901
9337
5082
8904
3149
9077
599
8908
8909
8910
8911
8412
2771
2080
8601
8916
4186
6841
8919
8920
2094
4359
8923
8924
2895
6600
5075
4452
7294
6258
8081
8932
5961
975
8935
8936
8937
9073
1781
1758
9871
4268
7216
8944
3941
8592
7668
8948
3516
1971
8951
8952
8953
8954
8955
8956
8957
8958
9458
8960
818
8962
8040
48
8965
8966
8967
8968
8969
3685
8971
3323
9412
8974
6118
2557
8977
6194
8979
8980
8981
8982
8983
8057
9329
8986
9057
6641
4119
8990
8991
8992
5191
415
8995
8996
8997
1778
8999
9000
2541
2028
5447
9004
9005
9006
1894
2328
9009
9010
9011
9012
9013
9014
9015
9016
9017
9018
9019
9020
1636
9022
1425
3049
9025
9026
8689
9028
9029
9030
9031
9032
9033
9034
6821
1276
9037
9038
9039
9040
9041
9042
1954
8171
9045
7968
9047
1208
248
1102
9051
9052
1424
9054
5346
5940
9474
9058
9059
9060
9061
8053
7592
8265
9065
2994
9067
3766
3171
1492
9071
6712
8938
9074
9075
8600
8906
9256
9079
63
9081
9082
9083
5121
733
9086
9087
9088
9089
9128
9091
9092
6356
4935
1895
9096
9097
9098
4329
9100
9101
9102
6304
9104
9105
9106
9107
9108
9109
1374
6986
9112
2466
9114
9115
9116
1649
9118
9119
9120
7397
9122
6840
9124
9125
9126
9127
9090
9129
3069
9629
9132
9133
9134
9135
9136
2068
9138
9139
9140
4019
8739
9143
9144
685
9146
9147
9148
9149
9150
9151
5464
9153
9154
9155
9156
9157
9158
9159
9160
9161
9162
9163
9164
9165
9166
9167
9035
9169
4627
9171
9172
9173
9174
6553
9176
9177
9178
9179
2199
8458
7794
2741
9184
9185
38
7473
9944
9189
7616
4226
9192
9193
9194
4680
5119
9197
9198
9199
9200
9201
8847
9571
9204
9205
3295
143
9208
4276
5700
9211
3105
9470
9214
9215
9216
9217
7677
9219
5015
9221
9222
3765
9224
8516
9226
621
9228
9229
9230
4012
9232
2014
9234
9235
5357
4734
9238
9239
8886
5675
9242
8446
9244
7948
9246
1309
4227
2815
9250
1271
9252
6020
9974
8797
9078
9257
9258
9259
5235
813
5992
3544
9264
631
9266
9267
9268
1962
688
9271
7889
2879
9274
9275
4240
9277
9278
5578
3251
5573
9282
9283
9284
8252
8581
9287
7801
9289
1583
9291
9292
2022
9294
9295
2509
4689
8883
9299
7987
364
9302
9303
2296
9305
7828
8272
9308
1460
8917
9311
1849
4440
9314
9315
1730
9317
9318
3504
9320
9321
1533
3567
9324
9325
9326
752
9328
2398
5042
9331
7742
59
9334
9335
4060
6006
8525
3892
5428
8439
920
2079
9925
370
9346
9347
6687
9349
9350
9351
1616
9353
9354
9701
9356
9357
9358
4248
5938
9361
9362
3196
9364
1650
306
7715
9368
5856
4233
2761
2691
9373
9374
6952
9376
9377
9378
1123
7019
9381
1144
9383
9384
9385
9386
9387
9388
9389
3811
9391
9392
729
6652
9395
102
9397
9398
9399
6150
5125
9402
9403
9404
9405
9406
7168
9408
9409
765
9332
8973
9413
9414
9415
9416
9417
1801
7395
7567
6045
9422
8946
9424
9425
9426
1660
9428
9429
5013
9431
9432
9433
4863
9435
9436
9437
9438
9439
9440
9441
447
9443
89
9445
8607
9447
8501
9449
6825
9451
2807
9453
4517
9455
9456
5129
8357
7484
9460
9461
9462
2723
5283
9465
7661
2495
7061
9469
9213
7944
9472
9473
5295
7692
9476
9477
7446
9084
6087
9481
7109
9483
9484
9485
6992
959
9488
9489
9935
9491
338
1070
9494
9495
10
9724
9498
9499
9500
9501
9502
9503
9504
3045
9506
1156
974
1103
9510
9511
2572
3332
9514
9515
8073
9517
9518
9519
9520
9521
9744
6204
5662
9525
9526
9527
4288
1294
3863
9531
5367
9985
9534
9535
9536
2209
9538
5323
9540
7820
9542
4543
9544
7581
4193
9547
9548
9549
9550
9551
9552
2853
6387
4620
9556
9557
9558
5608
6506
4793
9562
9563
7931
9565
4284
1242
9568
9569
3339
9203
9572
1919
9574
9575
9576
9577
9578
2681
2148
611
8939
9583
1467
9585
4672
9587
9588
321
715
9591
9592
9593
9594
9595
1577
3586
2108
5972
1973
7936
8095
9603
9604
2465
9606
9607
9608
9609
9610
4558
9612
4745
3971
660
9616
9617
9618
4246
970
9621
9622
9883
9624
2663
9626
656
6915
469
9630
9631
9632
9633
9634
9635
9182
9637
1114
9639
1831
9641
9642
50
9644
9645
9672
9647
9648
9649
7358
2979
1481
2302
997
9655
9656
9657
9658
9659
9660
9769
9662
9663
9580
735
9666
9667
9668
7779
2087
6425
9646
2921
9674
9675
4218
9677
9678
6871
9680
716
9682
9683
9684
9685
9686
9687
3175
9689
9690
9691
5468
9693
9694
3435
9696
9697
9698
7431
4938
9355
9702
6583
9704
3430
9706
340
9708
6231
9710
9711
9712
1471
9714
9715
9716
9717
6666
9719
7059
9721
9722
9723
9497
9725
1161
3707
9728
3065
9730
3129
4292
9733
5288
9735
9736
9737
9738
9739
9740
9741
9742
9743
7213
903
9746
5743
9748
9749
19
9751
200
9753
9754
9755
9756
6832
574
9207
7956
4710
9762
9763
9764
9765
9766
2947
7115
4039
9770
9273
3181
9773
9774
9775
9776
9777
9778
9779
3465
9781
5813
9783
9784
8513
9786
3639
9788
9789
7649
3692
9792
543
9794
9795
2692
6524
9798
8950
3132
9843
8848
880
9804
3960
9806
9807
9808
9809
9810
9811
9812
9813
9814
9815
3376
9817
9818
9819
5822
3819
7916
1135
4850
9825
9826
4573
9828
9829
9830
9831
9832
6694
9834
9835
9836
8087
1594
9839
8251
3911
9842
9801
9844
4971
7552
9847
4125
9849
5227
9851
1715
2032
6287
9855
9856
9857
9858
9859
8588
2160
6474
9863
9864
9865
8076
9867
6099
9869
5531
8941
9345
6667
6495
307
9876
9877
9878
9879
2492
2480
9882
9623
9767
394
9886
1067
7691
9889
4028
992
3830
9893
5038
9895
9896
3801
1550
5029
9900
9901
9902
1098
9904
6410
9906
7331
9908
1463
4389
9911
9912
9913
9914
9915
9916
9917
6491
9919
3027
9921
6679
9923
9924
9344
9926
9927
9928
9929
9930
9931
9932
9933
9934
6314
9936
9937
9938
9939
7994
671
9942
9943
4386
1961
1318
503
5053
9949
7658
9951
7479
7615
9954
7175
9956
9957
5046
9959
9960
9961
9962
4490
4911
9965
9966
9967
8654
9969
9970
1337
6990
4919
7897
3136
9976
1495
3009
9979
9980
9981
437
4523
9984
9533
9986
9987
8750
9989
7675
9991
7572
4051
5536
4653
1501
9997
9998
9999
10000
