749
2
3
4
543
6
7
294
465
697
11
54
651
14
117
16
17
18
19
341
938
34
414
24
241
26
222
133
29
234
966
605
608
278
35
643
37
38
910
40
110
633
43
155
45
46
47
31
49
50
217
52
53
394
941
892
736
58
59
60
669
182
63
232
514
66
67
68
32
373
880
72
73
74
75
76
77
388
79
80
81
82
83
84
85
771
952
929
89
90
271
977
93
522
95
96
97
98
99
716
101
102
103
104
105
711
107
569
109
41
111
112
113
114
163
116
8
118
119
120
121
122
767
124
125
448
127
357
129
370
131
132
28
134
135
301
137
138
139
236
463
744
143
144
145
146
844
539
990
150
151
152
153
154
864
555
157
781
159
160
161
849
115
164
897
166
167
674
169
807
171
172
387
174
175
176
718
178
179
180
181
62
183
184
185
186
375
511
189
190
374
192
193
932
344
340
377
198
199
200
201
202
203
204
205
206
999
944
209
939
731
212
213
214
606
630
814
687
219
220
221
27
223
678
267
226
227
228
229
230
231
695
233
561
972
140
237
238
239
240
800
730
479
244
245
246
477
248
249
250
251
252
253
701
255
256
257
685
259
260
261
784
263
264
265
823
225
268
269
270
91
272
273
274
275
867
277
431
23
280
281
282
283
284
285
868
287
288
289
622
291
486
293
918
536
858
297
298
551
300
136
302
825
304
571
306
307
308
437
310
311
312
670
314
315
316
57
130
319
320
208
322
328
860
513
326
481
988
337
330
30
441
333
406
335
882
329
338
339
475
55
379
343
195
820
346
347
348
946
331
845
352
353
798
355
802
128
358
382
653
361
757
363
364
969
366
720
840
65
318
706
591
739
191
187
971
197
378
10
380
484
541
383
384
601
386
61
78
389
565
391
392
393
12
395
396
385
398
399
623
401
402
403
404
405
334
407
408
409
410
558
782
173
717
415
416
417
692
313
420
642
540
423
424
425
426
168
778
429
430
15
975
433
147
821
436
309
438
439
440
332
958
443
578
737
446
447
126
700
450
451
452
453
454
455
456
457
458
834
460
461
629
141
464
9
531
467
468
469
478
412
470
473
474
196
801
247
472
20
480
635
482
973
381
485
5
487
981
489
775
547
492
493
494
336
496
444
498
499
500
501
502
503
471
505
506
71
508
56
566
188
512
325
369
515
516
517
518
645
995
521
951
523
13
525
865
527
637
827
530
466
532
594
534
535
295
810
538
974
909
359
721
1000
707
545
572
996
548
549
162
299
552
806
554
156
556
557
411
559
811
350
562
563
785
570
510
883
568
809
979
305
419
573
574
575
445
577
497
579
580
913
769
625
682
356
586
587
620
832
590
953
592
593
123
595
596
597
598
965
600
887
602
509
604
69
215
442
905
742
776
901
612
613
614
815
616
617
618
619
588
621
290
400
624
64
626
627
628
462
216
631
170
42
634
748
636
900
903
639
640
641
544
36
644
48
646
647
648
418
650
524
504
851
709
655
656
657
658
659
660
804
662
791
664
665
666
921
529
413
243
671
142
673
427
675
676
677
224
679
680
681
584
683
684
822
686
218
688
689
690
691
649
693
763
434
926
764
698
699
449
254
33
997
704
705
371
266
708
100
710
106
712
713
714
715
654
279
177
211
367
542
722
723
724
725
726
727
728
729
242
719
732
733
734
44
317
276
738
296
740
842
609
743
672
745
746
747
327
360
750
848
752
753
754
194
756
362
758
759
760
761
762
954
491
765
766
533
839
88
770
86
772
773
774
490
610
777
874
779
987
158
667
783
262
564
786
787
788
789
790
663
792
793
794
795
935
797
354
87
25
519
585
803
599
805
553
632
808
321
537
560
812
813
51
615
816
817
818
819
345
435
888
421
824
303
826
668
751
829
830
831
589
833
459
835
836
837
838
768
368
885
741
843
546
351
652
22
292
550
850
847
852
853
854
855
856
857
70
859
324
861
862
863
735
576
866
526
286
869
870
871
872
873
428
875
876
877
878
879
507
881
495
567
884
841
886
397
258
889
890
891
603
893
828
895
896
207
390
899
528
611
902
638
904
702
906
907
908
422
39
342
912
581
914
915
916
917
1
919
920
846
922
923
924
925
696
927
928
955
930
931
911
933
934
796
936
937
21
210
940
583
942
943
108
945
349
947
520
949
950
92
799
372
694
582
948
957
607
959
960
961
962
963
964
661
476
967
968
365
755
376
235
483
148
432
976
94
978
898
980
488
982
983
984
985
986
780
323
989
149
991
992
993
994
956
970
703
998
165
894
