769
2
829
631
5
648
220
657
9
714
11
12
13
14
15
16
17
18
672
20
21
22
23
24
409
386
951
28
29
824
536
580
33
34
35
36
37
38
39
652
41
803
309
320
533
46
47
48
433
988
51
52
53
54
348
839
57
58
484
60
61
62
63
64
65
505
467
8
283
625
805
72
73
74
75
959
77
961
79
424
81
82
176
84
667
86
87
254
690
90
91
92
229
94
308
31
97
843
99
100
975
612
103
893
857
106
964
927
303
301
111
543
113
114
544
116
117
118
664
172
121
122
444
502
125
140
373
148
129
130
131
132
133
866
256
110
137
517
139
126
856
142
143
144
68
146
299
128
706
150
151
217
355
394
155
156
804
158
159
66
161
1
163
80
861
166
167
168
169
966
487
421
173
174
175
83
841
178
179
180
833
182
183
165
185
186
187
188
847
190
860
192
764
194
195
196
540
943
199
200
201
202
836
204
379
206
207
208
789
688
211
212
213
318
215
486
593
218
255
7
221
141
344
224
585
226
238
228
93
417
231
547
249
234
235
282
237
669
239
240
241
242
243
244
245
365
997
248
233
250
251
473
253
88
219
135
527
258
712
671
261
262
263
264
265
266
911
268
269
270
197
549
273
274
275
157
456
278
279
491
604
236
69
284
285
286
287
335
154
290
291
292
293
294
295
296
363
332
147
300
136
346
478
304
4
589
307
95
811
310
216
312
313
618
315
316
317
214
319
507
471
322
323
324
325
501
289
405
329
654
779
298
333
127
288
659
337
338
970
613
341
342
581
223
345
302
347
55
349
350
820
352
353
920
306
559
357
358
359
437
361
716
297
557
246
366
367
368
153
370
371
372
334
374
960
6
267
30
205
149
381
32
383
384
385
26
387
731
550
929
391
678
393
327
801
396
397
787
399
400
115
948
403
958
328
406
813
408
25
410
411
412
413
458
404
416
230
418
419
420
164
577
497
560
980
426
427
428
969
430
431
432
49
434
435
436
360
438
439
440
441
442
443
123
622
446
447
448
449
415
697
897
453
177
455
277
457
414
19
460
982
425
463
499
729
466
67
468
469
470
321
472
252
474
475
476
477
109
908
480
845
482
483
59
481
855
171
488
598
490
280
492
493
494
495
496
423
498
464
500
326
124
555
635
710
506
694
740
872
510
643
919
401
514
160
848
138
518
519
520
575
120
771
524
525
526
677
528
529
356
531
532
850
534
812
402
537
538
209
96
541
542
112
926
545
546
232
548
674
336
551
862
553
554
503
452
736
558
645
70
817
562
398
869
565
579
734
568
569
454
571
572
807
225
884
576
614
578
102
675
515
582
583
778
574
586
587
962
27
590
591
950
445
594
272
901
931
459
599
600
601
602
603
281
605
606
607
530
609
610
611
802
340
691
615
616
617
314
853
376
641
535
260
390
461
687
627
628
629
630
56
632
633
932
504
636
637
638
639
673
621
642
511
650
794
646
647
928
649
644
40
651
653
899
655
656
198
658
389
715
661
662
663
119
665
666
85
668
227
670
623
489
640
709
508
676
828
392
679
522
831
407
683
757
739
686
626
210
689
89
78
692
693
44
695
696
992
698
699
700
701
702
703
704
705
380
780
708
837
343
711
259
713
10
660
362
717
718
719
720
485
722
723
724
725
726
727
1000
465
730
388
732
733
567
735
364
737
738
685
864
681
742
743
744
745
746
552
748
825
750
751
752
50
754
755
382
684
758
759
760
588
762
785
3
765
766
767
768
184
770
523
772
773
774
775
776
777
584
331
707
781
782
783
784
763
786
563
788
276
790
791
792
793
608
795
796
797
798
799
800
395
566
42
539
71
806
573
808
809
810
891
76
682
814
815
816
561
818
953
351
821
271
823
378
749
826
479
257
193
830
570
832
181
834
835
963
905
838
968
247
741
842
98
844
979
846
907
516
849
45
851
889
619
854
311
222
105
858
859
191
162
747
863
822
865
134
867
868
564
870
871
509
873
874
875
876
877
878
917
880
881
882
883
521
885
956
887
888
852
890
43
892
104
894
895
896
556
898
965
900
596
902
903
904
595
906
189
827
909
910
377
912
913
914
915
916
879
918
512
354
921
922
923
924
925
513
108
620
624
930
597
634
933
934
935
936
937
938
939
940
941
942
145
944
945
946
947
756
840
592
369
952
819
954
955
886
957
450
152
375
422
761
203
107
330
170
967
305
429
339
971
972
973
974
101
976
977
978
721
462
981
680
983
984
985
986
987
753
989
990
991
451
993
994
995
996
949
998
999
728
