1
240
3
145
270
989
645
901
149
10
11
12
13
14
392
16
769
18
19
20
995
22
7
168
25
722
27
28
213
30
31
32
33
551
35
36
845
38
61
144
332
42
43
44
45
629
47
48
49
709
51
52
53
54
55
107
57
811
187
736
343
517
856
64
65
66
203
68
69
93
71
562
73
74
75
76
77
416
835
966
810
82
918
84
85
86
421
88
89
374
91
92
563
882
604
96
826
98
202
100
800
387
103
104
105
326
221
246
109
110
317
340
435
394
115
116
157
118
119
879
121
122
123
124
429
126
127
401
129
130
911
211
133
907
396
772
137
138
139
140
141
142
143
175
805
914
935
674
9
97
151
152
153
188
155
156
90
158
543
160
154
225
783
424
329
199
101
24
633
355
171
172
173
108
40
407
177
39
745
180
181
182
183
184
292
581
823
161
696
190
191
192
193
194
195
196
197
344
166
200
201
99
817
2
720
206
207
208
610
210
132
850
29
214
134
599
217
218
718
568
808
222
223
224
162
975
313
228
94
230
231
767
233
234
235
236
880
238
239
797
241
242
243
244
245
528
247
248
899
250
833
639
253
63
255
256
257
258
776
660
261
262
263
818
265
812
267
482
269
596
150
613
273
274
555
559
921
278
279
280
676
282
283
284
285
286
890
288
345
309
411
185
293
654
522
552
297
298
299
300
301
302
738
304
305
531
307
469
919
310
702
312
682
958
553
316
117
318
912
712
723
725
323
324
215
106
327
328
271
330
331
41
333
334
335
336
337
17
339
70
840
342
634
592
363
520
347
348
349
350
351
352
353
354
586
896
314
358
359
360
361
362
904
364
365
366
367
368
369
370
371
372
373
237
375
885
377
852
379
380
381
382
383
384
385
386
749
178
849
163
391
15
393
113
395
511
397
398
461
400
128
402
403
816
405
209
455
408
409
410
148
412
413
414
415
78
417
418
419
420
165
560
423
988
425
426
427
740
125
430
290
432
433
434
114
436
437
438
439
440
441
442
443
507
111
446
447
841
449
450
431
452
777
454
858
851
72
499
459
460
399
859
463
464
465
968
881
468
308
470
471
472
498
474
475
476
477
478
894
480
651
268
483
484
485
486
487
488
489
490
491
623
493
445
495
496
497
473
837
62
501
502
503
508
260
974
444
866
509
451
135
999
944
5
515
516
500
943
519
346
521
295
523
524
898
526
527
174
529
530
513
617
981
534
834
536
537
538
539
540
541
542
457
827
545
546
547
548
131
550
34
296
897
554
803
664
792
558
276
422
561
687
112
564
565
980
998
220
569
744
571
572
608
574
575
576
577
325
579
580
186
582
915
584
585
688
587
204
589
590
603
512
593
594
595
905
982
598
216
600
601
602
315
95
605
606
607
573
609
406
611
612
58
518
147
616
717
618
619
620
87
622
492
624
625
626
627
628
205
746
631
632
853
713
635
636
637
8
252
640
641
642
643
311
136
646
647
758
649
838
759
934
653
481
655
656
657
658
659
505
661
662
663
673
277
666
925
668
669
670
671
672
731
734
675
978
677
678
679
680
681
227
683
684
685
102
453
170
689
690
701
458
693
694
695
189
697
698
699
510
691
644
21
704
705
814
707
708
50
710
711
320
567
714
715
716
532
59
719
46
721
26
321
724
322
726
727
728
729
730
788
732
733
23
735
467
737
756
692
357
741
819
254
570
179
630
747
748
686
750
557
752
753
754
755
303
757
525
294
760
761
762
763
764
765
766
648
768
338
770
771
291
773
774
167
259
556
778
939
780
781
782
667
784
785
786
787
79
789
790
791
751
793
794
795
796
588
798
799
775
264
802
964
804
4
990
807
56
809
81
272
275
813
706
815
159
67
801
742
820
821
822
219
80
825
621
544
828
829
830
831
832
942
926
388
836
739
931
839
341
952
389
892
844
665
846
847
848
842
212
456
956
169
854
855
743
857
176
462
860
861
862
863
864
865
578
867
868
869
870
871
872
873
874
875
876
877
878
120
306
60
229
883
884
251
886
887
888
889
287
891
504
893
479
895
356
591
232
249
900
638
902
903
390
514
376
843
908
909
910
549
319
913
533
583
916
917
83
700
920
37
922
923
924
289
535
927
928
929
930
650
932
933
652
906
936
937
938
779
940
941
615
614
494
945
946
947
948
973
950
951
448
953
954
955
378
957
597
959
960
961
962
963
266
965
824
967
466
969
970
971
972
949
506
226
976
977
281
979
566
146
428
983
984
985
986
987
164
6
806
991
992
993
994
703
996
997
404
198
1000
