1220
2
3
4
5
9264
7127
1506
950
10
6822
9596
13
2337
15
7071
9028
18
19
20
21
22
8740
195
5746
26
2517
28
29
6814
7205
32
33
4190
35
3755
37
38
609
2165
41
42
43
44
45
6692
8410
48
49
50
51
52
9522
54
5122
56
57
5283
1787
5508
61
62
7107
3949
7935
7475
67
68
69
9433
71
7976
73
74
75
76
77
78
79
80
81
82
576
84
85
4512
87
791
89
4403
5354
92
93
94
95
4990
4894
98
99
6029
8823
3050
1135
104
105
106
107
8690
9915
110
111
112
113
4178
115
116
117
118
119
120
6067
122
7774
4526
125
6285
127
128
4433
2326
4639
1269
133
766
135
4288
1153
6302
8601
5737
141
142
5183
4316
7238
146
147
148
149
7124
151
152
153
8800
511
156
4657
158
159
9881
161
162
9059
164
165
3510
4348
168
744
170
171
172
3552
174
175
176
8273
2675
8904
180
7241
6876
435
184
185
9661
925
188
189
190
191
192
6801
194
9946
196
197
431
1895
200
201
4219
8488
4132
205
206
7446
208
9889
5495
6976
7379
213
214
8656
216
9598
8009
1280
220
221
7694
223
224
225
226
7998
8439
1564
230
1499
8574
233
234
4531
236
5506
5460
4841
9067
241
361
243
244
245
9192
9925
248
249
5655
5640
252
8262
254
255
5100
2146
5703
259
1673
261
3859
263
8119
2636
2345
5830
268
269
2423
5553
272
273
6110
275
276
277
278
279
280
281
1692
283
284
285
286
287
288
289
290
291
795
293
294
295
296
297
2813
5468
300
301
8860
303
304
305
306
3565
308
309
310
311
312
313
314
685
316
5907
2155
319
320
2644
8615
108
324
8727
326
327
5223
329
330
331
332
5207
334
335
336
337
338
339
7708
341
342
642
8785
345
473
347
348
349
350
4688
352
353
354
355
356
357
358
4666
8595
242
2626
7375
2129
365
366
367
1467
369
7512
6025
372
373
374
375
376
377
378
379
7895
381
382
383
384
385
386
387
6667
4243
390
391
392
6268
394
395
396
397
398
399
400
401
4355
403
404
6849
3237
2087
408
3670
3086
411
9539
7328
414
415
5584
6311
5649
419
6965
3007
2474
423
9717
425
426
2576
8848
6131
430
2176
432
433
434
183
436
3819
438
5288
6791
2269
442
443
9267
445
446
447
7395
1760
4294
451
7586
9119
4577
2703
456
4146
7640
459
460
5532
462
9278
1503
4051
5330
467
468
469
470
4777
472
346
212
475
476
477
478
7173
480
7937
482
1799
484
485
4801
1820
488
489
5219
491
8003
493
494
495
496
497
3761
499
500
7354
502
571
504
505
6767
507
2921
5467
510
9018
5000
513
514
515
5331
2782
7862
519
520
521
522
523
524
858
6101
527
5811
529
530
6468
532
5659
8920
7090
2375
537
538
539
540
3018
5436
543
544
545
8921
547
1921
6539
550
3082
552
3857
554
555
4055
557
558
559
560
561
562
3384
564
833
566
567
8724
569
570
503
572
573
6417
3453
5130
7287
816
579
580
581
9026
2348
5956
585
586
3075
3731
9894
686
591
592
593
594
595
6183
597
9257
731
600
601
6243
4089
2373
3736
2021
607
9905
3631
610
611
3962
8194
2100
896
616
3270
6566
6422
620
8817
622
623
6394
2841
2083
627
4593
3715
630
631
632
633
5507
635
8840
1845
9627
639
222
641
8767
2321
8177
9613
646
647
648
649
1690
651
652
2824
4380
9992
8344
657
658
659
660
2142
662
663
664
1979
6596
667
668
669
6536
4803
672
2293
7323
675
8335
5076
678
679
2196
681
5643
2070
684
315
590
687
688
3616
690
9736
692
693
694
695
696
1778
5256
699
7105
9466
702
8843
704
705
4853
5966
708
8475
710
1413
712
713
714
4006
716
717
718
9659
720
721
722
723
4769
725
726
7598
6553
7548
730
6625
732
6144
734
735
736
737
738
1639
740
741
4159
743
9912
7713
3782
747
748
749
4427
751
6867
753
754
755
756
757
758
759
760
761
762
7760
9443
6350
5031
767
768
769
770
771
772
773
2042
8512
3863
777
778
779
780
1443
782
2363
4596
785
786
787
788
4326
3134
3175
792
100
794
8504
3363
2620
798
1868
7402
3401
5819
7706
2827
3310
1827
807
8622
8171
810
978
812
8606
1623
815
8859
9901
1461
4372
4291
821
822
823
824
825
826
5365
6524
829
830
831
832
625
834
835
836
7509
2647
839
840
841
842
7893
844
3022
846
847
4987
4549
850
851
8692
6537
6719
1706
856
857
525
7652
860
947
3389
3036
5458
5410
866
867
2312
869
5456
1103
9580
873
874
875
876
877
7412
879
880
881
882
883
8382
885
3073
7585
2705
2361
890
2680
892
893
894
895
5320
4338
898
899
6502
8331
1487
4504
904
905
906
907
5357
909
910
7380
1203
6349
914
915
8172
917
918
4156
4605
2283
922
923
2919
187
926
927
928
929
930
931
2870
933
934
935
2213
937
2543
939
274
941
942
943
944
945
1092
6328
948
9311
9
951
952
7053
7910
2490
956
7007
7098
959
8184
2004
5199
963
8343
6721
966
967
968
969
970
8638
5399
973
974
9342
976
977
2122
979
8457
981
5291
983
193
2552
986
8145
988
8195
990
991
992
2749
8165
995
996
997
998
999
1000
1001
7455
86
1004
1475
2556
3465
1008
1009
5232
6981
1012
1013
1014
7128
1016
1017
1018
1019
1020
7972
1022
6807
1024
1025
4193
4040
5845
1029
1030
1031
1032
7508
1034
1035
8437
1299
1038
1039
1040
1041
1042
7366
1044
775
1046
1047
1048
8952
7990
1051
9800
1053
4342
3720
1056
9241
5581
1059
4103
1175
1062
1063
1064
1065
9801
1067
3595
9961
9046
3469
1072
2177
1074
5426
1076
1077
1078
4318
1080
1081
1082
9137
4963
1085
1086
1087
2271
9253
4480
3612
8734
1093
1094
1095
4399
1097
4361
1099
1100
1101
1102
871
1104
3868
7319
406
1108
4191
1110
1111
8514
1165
4045
1115
1116
1117
4655
1119
1120
4850
1122
7818
1124
4426
1126
1127
6909
1129
1130
1131
1132
1133
9953
103
4685
1137
2772
1139
7521
6607
1142
2715
1144
1145
3383
1440
1148
1149
1150
1151
4434
2565
1154
9332
1156
9049
1158
1159
1160
1161
1162
1163
1174
3245
1166
2238
1168
1656
2765
9145
1172
1173
7915
3931
1176
2521
7299
1658
1180
1181
6074
7801
2685
1185
7789
1187
4619
8107
1190
8306
1230
1193
1194
1195
1422
1197
1198
1670
7802
2097
1202
912
1204
1205
3820
1207
3902
7111
9920
1211
1212
9494
6622
3044
6894
1217
2046
8002
1
2076
9795
2833
1224
7590
1226
1227
1228
6666
5689
1231
1232
1233
1234
1235
3965
6628
1238
1239
3227
3745
1242
1243
1244
1245
5673
4966
946
9457
1250
1251
2439
1253
1254
3186
1256
1257
1258
6800
7763
7869
707
2516
1264
9727
2353
1267
8473
2199
5367
1271
5888
1273
8350
1275
1276
1277
1278
1279
6410
7923
1282
1283
1284
2058
8872
1287
5964
8373
1290
1291
3657
1293
1294
4610
1296
1297
1298
3555
1300
9037
1302
1303
9582
1305
1306
1307
5043
1309
1310
4383
9300
763
1314
1431
1316
1317
1318
2166
1320
1321
1322
1323
4633
5798
1326
1327
1328
6669
1330
1331
1332
1333
1334
1335
1336
1337
3414
1339
1340
5939
1342
1343
1344
4366
1346
9370
6335
3298
8549
6380
4148
251
1354
1355
8675
1357
1358
3356
8909
1361
1362
1363
1364
1365
1366
1367
1177
3812
1370
1371
6378
1373
1374
3092
1376
1377
3163
1379
1380
1381
1382
1383
8806
1385
2994
6747
5480
1389
1390
1391
1392
6930
5815
1395
7214
9571
1398
6762
1400
1401
4798
4752
1404
1405
8365
1407
3147
1409
9658
4220
1412
8187
7037
1956
1416
1417
1418
1419
1420
5128
1196
1423
6155
1425
1426
1427
1410
2418
1430
1315
1432
1433
3353
1435
1049
1058
1438
1439
1147
2198
1442
1987
1444
1445
1446
1447
1448
2855
1606
1451
1452
1453
1454
9434
9602
1457
2343
1459
1460
818
1462
3508
1464
1465
1466
1096
1468
9625
8760
1471
1472
1473
8710
4398
1476
5328
8033
4740
1480
665
1482
3020
1484
1485
1486
2602
1488
1489
1490
1491
1098
1493
8584
9150
7742
1497
1498
231
1500
1501
8470
5476
1504
813
8
2554
2724
4491
3619
3047
1512
1513
1514
1515
2574
7468
6337
1519
4218
7003
1522
7070
3537
1525
2886
1527
1528
9882
5668
1531
1532
1533
3647
1535
1536
1537
5943
1539
1540
1541
1542
9706
3057
1545
3111
7110
1548
6961
7655
1551
7041
1553
1554
1555
1556
1557
1558
8040
1560
3477
8401
6163
7800
1565
1566
3118
1568
437
8521
1571
1572
1261
1574
3896
1576
9934
1578
1579
1580
1581
4402
2537
1584
1585
1586
9176
6903
3128
9761
4672
1592
1593
1594
1595
3483
1538
1598
1599
1610
8197
3543
5404
1604
1605
370
1607
1608
1609
1600
1611
1612
6058
2047
4026
1616
1617
1618
1308
4907
1621
1622
9983
1624
1625
1626
7086
1628
4022
8318
5597
1632
1633
1634
7417
9237
4438
1638
6580
1406
9674
9008
1643
1644
6879
1646
1647
1648
7843
1650
2823
1652
6430
1654
2508
1169
1657
1179
1659
1660
1661
1662
4461
3034
1665
1666
1636
6913
1669
1199
1671
1672
2811
9232
1675
1676
9293
9392
4395
1680
1681
1682
1683
9335
1685
1686
1687
1688
1689
9484
6645
4874
1693
1694
1695
1696
1697
1698
1699
1700
3583
1702
1703
801
1705
9417
1707
1708
1709
7918
3033
1712
868
1714
1075
9589
2897
9108
1719
1720
1721
1722
1723
1724
6081
1726
9548
481
5135
1730
1731
1732
8666
1748
1735
7017
1737
7184
1739
4067
1741
5587
1743
3214
6495
1746
6073
1734
3836
1750
1751
4971
6726
1754
4321
7413
1757
1758
1759
7410
1761
8311
6936
1526
1765
1766
1767
3520
1769
5828
1771
3907
1773
1774
661
6958
1777
1727
1866
1780
9256
1782
47
1784
1785
7340
4392
1788
5535
2415
1791
1792
3729
1794
1795
1796
1797
1798
5812
1800
1801
8416
1803
2053
1805
1806
1807
1808
1809
1810
1428
6526
1813
1814
7122
1816
4680
1818
1819
487
1821
1822
1823
1824
1825
1826
5556
1828
6902
3675
2205
1832
1833
8940
1835
1836
1206
1838
7362
1840
1841
1842
1843
1844
637
8684
1847
1848
1849
8241
1851
1852
1853
2692
1855
1856
1857
5577
1859
1860
1861
2378
1863
7254
3591
1779
6011
799
4525
1870
1871
1872
1873
1998
1875
3833
1877
1878
1879
8476
8931
1882
1883
1884
1885
6391
1887
8739
1889
4553
1891
6746
3530
1894
6942
2581
1897
1898
1899
1900
1901
1902
1903
1904
6457
7826
1907
5991
5710
1910
1911
2388
1913
9021
1915
1916
1917
1918
1919
1920
7501
1922
1923
1924
7511
1775
1927
1928
1929
1930
1931
1932
1590
4735
1935
1936
1937
1938
1939
1940
1941
1942
7094
2876
9716
1946
1947
1948
1562
9840
3031
1952
1953
1954
1955
1415
7860
1958
1959
1960
1961
1962
2262
9673
1965
1966
1967
2952
1969
1970
1971
1972
3487
6333
2653
8244
1977
1978
1481
1980
5735
1591
1983
1984
1985
1986
3354
1988
1989
1990
1991
1992
4168
1994
6817
1996
1997
6594
9141
5254
2001
2002
2003
5158
2005
8103
2007
3627
2009
2010
878
2351
2013
8428
2015
2016
2017
2018
2019
5905
606
2022
2023
2658
2570
2026
8580
2028
2029
2030
2031
2032
6980
2034
2035
2036
2037
3987
4154
2040
5582
774
4770
3088
2045
1218
2930
2048
553
2050
2051
1170
440
2073
2304
2851
2057
1285
2059
2060
2061
2062
1249
9888
9968
2066
9111
2068
2069
8180
2071
2072
2054
2074
2075
1776
2077
2078
8265
2080
2890
5551
626
2084
2085
2086
1414
5636
5274
2090
9428
6915
1667
2094
6445
2096
8545
2098
1740
614
5166
2965
2103
2397
2105
2106
2107
2108
4661
6797
3327
8793
2113
3932
2115
2116
2117
1338
2119
2120
2121
2180
2123
7777
2125
2126
1350
5117
364
2130
2131
2132
2133
2134
9177
2136
2137
2138
7725
8389
2141
9514
2143
6932
2145
5172
3665
2148
3278
2282
2151
2152
2153
2154
4823
2156
6680
2158
2159
2160
2161
9997
2189
3613
7485
9515
8856
9341
2169
2170
2171
5968
2173
2174
9188
2924
1073
2178
2179
811
2181
4019
2183
6493
2185
5259
2187
2188
4868
2190
3688
6271
2193
2194
2195
7426
2197
1441
9668
2200
8102
2202
4166
2204
4217
2381
2207
3029
3760
1033
2211
2212
936
2214
2215
2216
2217
2218
2219
5140
3977
2222
8494
2224
2225
2226
2227
2228
8672
59
3762
2232
7113
2365
2235
2236
8812
7138
2239
2240
7048
2242
3672
2244
2245
1892
2247
2248
2249
4725
7751
2252
2253
5604
9236
2256
2257
2258
3794
2184
608
9859
5887
764
2265
2266
2267
9333
441
2613
1088
8157
2273
2642
2275
2276
3837
2278
7732
4370
2281
5786
921
2284
1189
2286
2287
2288
2289
2290
2291
2024
673
2294
2295
3334
4948
4119
2299
3865
2301
5540
3789
5459
2305
4942
2307
4788
2309
9592
2311
1713
4365
2314
8758
9203
8316
4712
2319
6384
643
2322
5665
2324
2325
130
6597
2385
2329
2330
5001
4031
5095
2334
1050
2336
6479
9811
2339
6731
6917
2342
2761
7371
266
9243
2347
583
5908
2350
7471
2352
7434
2354
3944
2356
2357
2358
2359
2360
889
2362
783
3440
90
4508
3870
2368
2369
2370
2371
1975
6684
9553
536
2376
9849
7841
2379
9973
2206
6306
5850
2384
2328
5525
2387
1288
2389
2390
9413
2392
575
2394
2395
2396
3191
7051
9272
2400
2401
9226
7738
2404
3042
2406
2407
2272
4114
2410
2411
5869
2413
2414
8181
2416
2417
8708
1949
4344
2421
2422
9444
2424
2425
2426
2427
2428
2429
2430
2431
2432
2433
2434
3376
2436
9906
186
1069
2440
2441
2442
2443
2444
2445
2446
4736
2448
4640
4714
2374
9089
2453
2454
7001
2456
2457
2458
5258
2460
2461
6968
2463
6722
7015
2466
2467
9878
2469
2470
2471
2472
3964
7175
2475
2476
908
6330
2479
2480
2481
2482
2483
2484
2485
6095
2487
2488
2489
2587
9739
2492
2493
2494
2495
8905
2497
2498
3299
2500
2501
2502
7565
2504
2505
2506
2507
1655
2509
2510
2511
2512
2513
4290
6397
2707
27
2518
2519
2520
267
2522
2523
5313
2525
2526
2527
2528
5478
2530
2531
2532
4375
2534
163
2536
2767
2538
6389
3264
2541
2542
938
3641
3567
2546
8321
1886
1313
2550
2551
5623
2553
1507
2555
9298
2557
5661
9305
2560
2561
2562
2563
6171
137
2566
2567
2568
2569
2025
2571
2572
2573
1516
2575
427
2577
8746
3766
2580
3529
2582
9642
2584
2585
7856
2902
2588
2589
2590
2591
1510
2593
4442
3839
4440
2597
2598
2599
2600
1301
4200
7222
2604
2605
4032
6969
4702
3488
2610
2611
2612
5726
7542
2615
2616
2617
3727
2619
6249
2621
6826
5214
8633
2625
453
1141
2628
806
2877
2631
2632
7200
299
587
6167
2637
1386
2639
2640
4310
2274
2643
1909
3076
2646
838
2648
4177
2650
2651
3144
2545
2654
1496
2656
2657
2292
5191
2660
8037
2662
2663
2664
2665
5090
2667
2668
3107
3568
4118
2672
2673
7290
7312
2676
6688
5704
2679
891
5564
2682
7232
8873
1184
2686
2687
7260
2689
2690
2691
9685
2693
2910
2695
2696
2697
4456
8899
3127
2701
2702
455
2704
888
1874
1263
2708
5280
8571
577
2712
2038
2714
1143
2716
2717
2718
2719
2720
1221
2722
5951
924
2725
3445
2727
2728
2729
2730
2731
2732
2733
8328
7436
3771
4734
2738
2739
4406
7678
4621
2743
2744
2745
2746
9738
2748
2438
9076
4446
7985
4623
3533
6115
2756
8056
6111
2759
2261
1458
2762
6474
2764
2052
2766
3137
2768
2769
7697
6573
7137
4189
3198
2775
5294
2777
7492
2779
2780
2781
1629
2783
2784
568
2786
2787
2788
2789
7929
4034
6151
6470
2579
2795
2796
2797
7967
2799
5861
6013
8813
2803
7208
2805
6236
4834
1002
2809
9304
260
2812
6317
2814
1615
2816
2817
2818
8017
2820
7488
2822
1651
653
2825
2826
804
2828
7460
2830
9031
2832
1223
2958
2835
2836
2837
2838
2839
2840
565
9497
2843
2844
1653
2846
9781
2848
2849
2850
2056
8886
2853
4696
1449
2856
3825
2858
5755
2860
2861
2862
1411
2864
2865
2866
2867
2868
2869
9072
2871
2872
2873
2874
2875
3193
9118
6975
2879
2880
2881
2882
3232
1360
2885
1764
8532
2888
3070
9549
2891
9078
5197
9051
2895
9254
1717
9952
9547
5904
2901
1631
3343
4276
3160
2906
2907
2908
2909
2694
9302
2912
2913
7552
5178
2916
2917
2918
1508
3890
4588
2922
2923
7142
3936
2926
1436
2928
2929
1614
2931
2932
2933
2934
2935
2936
2937
5106
2110
5876
2941
2942
7166
2944
3801
2946
2947
7043
8035
5454
2951
1968
9510
2954
2955
2956
2957
4215
2959
2960
2961
2962
2963
3713
3065
6823
2967
4558
4126
2970
2971
2972
2973
2974
2975
2976
2977
2978
4011
7735
2981
3481
7997
9575
2985
2986
2987
2988
3078
2990
2991
2992
2993
6314
2995
5461
7863
9250
2999
4542
3001
3002
3003
3004
4603
3006
698
7938
3009
3010
1157
3012
8792
8403
6699
3016
3017
2524
3019
1483
8498
845
1596
7892
3025
3026
1640
3028
2208
3030
7946
3032
1711
1664
7641
4221
3037
3083
5297
3040
3041
5403
4586
1215
3045
3046
1733
3048
3049
102
3051
3052
3053
3054
3055
3056
1544
3058
2953
3060
8530
3062
3063
3064
2102
6174
3067
3068
4422
7338
3071
3072
886
3074
1783
2645
3077
1982
3079
4137
5566
9772
3411
3084
3085
8907
6506
2044
9759
3090
3091
4715
5882
9993
4910
3096
3097
2734
3099
3100
3101
3102
3103
3104
3105
7715
2669
3108
4231
3110
1546
3112
3113
3114
9284
3116
4533
5040
3119
3120
5756
6510
7059
3124
3125
3126
3873
2468
1394
4800
7000
3132
3133
7808
3135
3136
729
3138
3139
3140
6020
3142
3704
2652
3145
3146
1408
3148
3149
3150
3151
3152
3153
3154
3155
3156
7906
3158
4923
2905
3161
3162
1378
3164
3165
4962
3167
3168
8368
3170
9456
3172
3173
3174
6043
4475
3177
3178
3179
3180
8202
3182
1079
3184
3185
1255
8548
3188
3189
4727
209
3192
3730
2998
3195
3196
3197
4363
6764
3200
3201
9042
3203
4583
9148
3206
3207
3208
4016
6283
3211
3212
3213
9560
8233
3216
3217
3218
3219
3220
3221
3576
3223
9866
3225
3226
1588
4644
3229
3230
3881
604
4043
3234
4371
4351
1107
7078
9981
5385
3842
8685
3243
3244
1113
6951
3420
8688
3249
4933
3251
6003
4287
3254
8091
1345
3257
9452
3259
9115
3261
4524
7824
8501
3265
3266
3267
709
3269
362
3271
4169
3273
5978
3275
541
7900
2149
3279
3280
182
3282
3283
3284
3285
2091
3287
3288
3289
9476
3291
3292
3778
6260
8510
1854
4360
1349
2499
8849
5139
3302
3303
3304
3322
2064
1178
7448
3309
805
8665
5573
3313
5282
2792
3316
3317
3318
2968
3320
6429
1209
3323
3324
3325
802
2111
700
7141
9120
3331
4653
3333
2296
3335
3336
8429
6399
3339
3340
8484
3342
9765
3344
3345
789
3347
3348
3349
6204
6179
3352
1434
2435
3355
1359
3357
31
3359
3360
3361
3362
796
619
8725
3366
9279
3368
4790
3370
3371
8219
3373
3374
5937
781
897
8815
3379
4683
3381
3382
1146
6552
3385
2592
3387
3388
862
3390
5922
3392
3393
8441
3395
3396
3397
8021
3399
3400
8519
3402
3403
3404
3405
3406
3407
7119
3409
6150
6789
3412
3413
2118
3415
4537
3417
3418
8050
1266
3421
9754
3423
3159
6837
3426
3427
3428
3429
4950
3431
3432
3433
3434
3435
8541
3437
3438
2355
2364
3441
5029
7441
5270
2726
3446
3447
3448
5599
3450
3451
3901
2393
5263
3455
7515
7912
3458
3459
3460
3461
2671
1846
3464
5339
8085
3467
3468
1071
3470
3471
4389
9426
3474
3475
3476
1561
3478
3479
4617
2982
3482
3023
3484
8418
4708
3692
2609
5160
6132
3491
3492
3493
9758
3495
2386
8239
3498
6953
3500
3501
3502
3503
3504
3505
3506
3507
1463
3546
7676
4260
7546
3513
3514
3515
3516
3517
3518
6889
7302
8442
3522
3523
4889
3525
3526
3527
8235
1896
1893
3531
7054
9780
3534
7733
3536
1524
3538
3539
3540
8857
9172
1602
3544
3545
6050
3547
3548
3549
3550
3551
160
3553
5127
1037
1055
7657
3558
3559
7097
3561
9495
7693
3564
6530
3566
4543
2670
3569
3570
4832
3572
6806
3295
3575
3222
9564
3578
8348
3580
3581
9439
1701
3584
3585
3586
7331
3588
4878
3590
1865
8376
4744
7257
1068
4012
3597
5934
3599
3600
3601
7964
9763
7217
7543
3606
3607
3608
3609
3610
3611
1091
2164
3614
3615
689
3617
3618
3386
3620
7675
6166
7765
3624
3625
3626
2008
3628
7603
1123
6145
9127
3633
3634
3635
3636
3637
3638
3639
7966
2544
3642
3643
3644
3645
3646
1534
6105
3649
5236
3651
1829
3653
5789
3655
3656
7268
3658
3659
344
3661
9463
3663
8190
2147
9014
3667
3668
3669
409
6152
2243
3673
3674
1830
3676
3677
6860
3679
8057
3681
3682
3683
3684
5619
3686
9533
5721
3689
3690
3691
2677
3693
3694
3695
3696
3697
9469
3699
3700
3701
9767
5157
3497
8879
9623
3707
3708
3709
6882
3711
3712
6162
3714
629
8978
7690
2834
3719
7513
3721
3722
3723
3851
3725
3726
2618
3728
1793
2229
588
5622
3733
3734
3735
605
3737
3738
3739
167
3741
3742
3743
3744
5847
9967
3747
3748
3749
3750
4263
3752
3753
3754
36
9670
3854
4614
3759
3998
498
2231
7121
3764
535
6963
3767
3768
3769
3770
6884
3772
8538
4692
3775
3776
3777
3293
3779
4486
3781
746
3783
6181
7867
9554
3787
3788
5527
3790
3791
3792
3793
2259
8771
3796
3797
3798
3799
3800
2945
3802
3803
3804
9472
6710
3807
3808
8446
457
3811
1369
3813
5657
3815
3816
3817
3818
4164
5725
3821
6986
6779
3824
4871
3826
3827
8618
3829
3830
3831
2380
1876
3834
3835
1749
5983
3838
4754
3840
3841
7383
1246
3844
3845
3846
3847
3848
3849
3850
5462
3852
3853
9143
3855
7703
3364
3858
2540
3860
3861
3862
776
3909
4423
3866
3867
1105
3869
2367
3871
3872
3832
3874
3875
8659
3877
3878
3879
8762
3231
5910
3897
4336
3885
3886
5567
3888
3889
9675
3891
3892
4968
3894
9355
1575
4951
3898
3899
8375
599
7060
3903
3904
3905
3906
1772
3908
9083
3910
8862
3912
3913
8591
7496
8821
5885
3918
8729
3920
3921
3922
3923
9695
3925
3926
1945
3928
7580
3930
1061
2114
3933
3934
3935
2815
3937
3938
4076
7421
8592
3942
3943
3439
3945
3946
6080
6857
64
6793
3951
3952
3953
3954
3955
6195
3957
3958
3959
3960
793
612
4048
2473
8408
3966
3967
3968
3969
4733
3971
3972
3973
3974
3975
3976
9956
3978
3979
3980
3981
3982
7797
3984
3985
3986
8643
3988
3989
3990
6045
3992
3993
3994
6532
7407
3997
5531
3999
4852
4001
24
4003
4004
6875
5716
5541
4008
4009
4010
2979
3596
4013
2095
9541
4490
4017
5515
6588
4020
4021
282
4023
5897
5041
2925
4027
9483
7064
2268
2332
2606
4033
4213
4035
4036
4037
4038
5801
1027
1944
4042
3233
4044
1114
4046
6828
6494
4049
4050
7776
3822
4053
8642
556
4056
4057
4058
9926
3856
4061
8720
4063
6543
3664
4066
2099
4068
4069
4070
4071
4072
8991
2254
4075
8144
4077
7553
4079
4080
640
4082
8178
6477
4085
4086
4087
4088
6694
4090
4091
7654
4093
6267
4095
3122
4097
4098
4484
4100
4101
4102
1060
4104
4105
4106
4107
4108
7152
5082
109
4112
4113
2409
4115
4116
4117
1630
2298
4120
7284
4122
4123
4124
5262
2969
4127
4128
4129
4130
1684
9644
4133
4134
4135
4136
3080
4138
2713
4140
3780
4142
3774
3463
4145
703
4147
1352
9851
5741
4151
4152
7845
3422
4155
9310
4157
4158
4092
4160
4161
2450
4163
6910
3215
2203
2737
994
140
4170
4171
4172
4173
4174
4175
258
2451
114
4179
4180
3828
4182
4183
4184
4185
4186
4187
3472
1505
3202
1109
4192
1026
5935
1219
3466
4197
4198
1237
9186
4201
7055
5826
4204
5781
9976
4207
4208
4209
4667
4211
7632
2791
4214
3718
4216
6850
2920
8788
2863
8652
4222
8099
4224
4225
4750
4227
4228
4229
4350
848
4232
4233
1523
4235
4236
4237
4238
4239
4410
8480
4242
9414
4244
4245
4246
4247
8679
7262
7720
4251
6994
4253
4254
5990
2773
4257
4258
6189
3511
4261
960
3751
4264
4265
4266
4267
6652
4269
4270
7286
4272
4273
4274
4275
461
4029
4278
464
7229
4281
6160
4283
4284
4778
4286
5920
136
1106
5800
1240
4292
4293
450
4295
4296
4297
9023
4299
4300
4301
4302
7849
4304
4305
7671
4307
4308
7227
2641
4311
4312
4313
7418
4315
4793
4317
5370
4319
4320
1755
4322
4323
715
7983
3346
4327
9314
4329
2683
9064
7618
4333
4334
4335
3884
8490
8092
4339
4340
9189
1054
5911
7527
5265
9357
4347
2341
4041
4897
3236
4352
9085
9294
402
4356
4357
4358
6338
3456
7464
4362
5187
4364
2313
6757
4367
7074
4369
5099
8263
6993
4373
4552
2533
4376
4377
8220
4379
7416
4381
4382
1311
4060
4385
4386
4387
6425
4881
4390
7428
4280
8867
4394
5455
4396
4397
5444
368
4435
9479
5241
9870
2771
4405
2740
7537
4408
4409
4240
4411
4412
4413
4414
4415
428
6403
4418
4419
4420
6815
3069
2300
4424
4425
598
14
4428
9861
4430
4431
4432
129
1152
8291
4436
4437
9909
4439
2349
4441
2594
2548
6405
6423
5894
4447
4448
4449
4450
4451
4452
4453
4454
4455
7851
4457
4458
4459
4460
1663
4462
4463
1289
4465
4466
4467
4468
9220
4470
4471
4472
4473
4474
3176
8422
4277
4478
7502
1090
4481
5544
4483
4099
4485
9544
4487
4488
7840
7669
1509
4492
4996
4494
1718
4496
4497
3312
4499
4500
9329
4502
4503
6229
8742
4506
2327
2366
4181
4510
4637
4309
4513
4514
4515
4516
4517
4518
4519
4520
9819
9151
4523
9708
7447
1753
4527
8045
4529
145
5795
4532
3372
6203
9468
6809
3416
5996
4539
4540
4541
3000
2372
3763
4545
4546
4547
4548
849
4550
4551
4374
1890
9091
4555
7782
4557
3319
4559
4332
4561
4562
4563
7692
4565
4566
4567
4568
8191
4570
4571
4572
5353
4574
6830
4576
454
4578
4579
4580
298
4582
6393
6988
4585
3043
4587
9632
4589
765
4591
4592
8448
4594
2943
380
8625
4507
4599
2186
4601
4602
9158
4604
7036
4606
4607
7282
9025
1295
4611
4612
2793
3758
7909
4616
3480
5958
5654
4620
9418
4622
790
9567
4625
4626
4627
8648
4629
4630
8354
4632
9013
7605
4635
8716
8064
7281
4521
2449
4641
4642
3326
3228
4645
4646
4647
4648
4649
4650
8537
4652
2082
323
7069
4656
157
9036
4659
4660
6569
4674
6948
4664
4665
5998
7592
4668
4669
8067
6305
5854
4673
4662
5151
4676
4677
4678
4679
1817
4681
6952
3380
4684
1136
4686
9223
351
7941
413
4691
211
4693
4694
6225
6464
4697
4698
4699
4700
4701
2608
7978
8564
407
4706
6790
3486
4709
4710
4711
5315
4713
5860
6939
4716
4717
4718
4719
4720
4721
4722
9423
4724
2250
4726
3190
4728
8161
4730
7126
5285
3970
9075
4970
2447
4737
4732
4739
1479
4741
4742
5094
3593
4745
4746
4747
8546
4749
3430
4751
6609
4753
6196
3350
4756
3587
4758
4759
2535
4761
4762
5742
4764
4765
4766
9671
4768
724
2043
4771
4772
4773
4774
3489
4776
471
4285
4779
2892
4781
4782
4783
7103
4785
4786
4787
4670
4789
7680
4791
4792
144
4794
4795
4796
4797
8751
4799
8451
1981
4331
671
4804
7325
9095
4807
4808
4809
4810
343
4404
3358
4814
4815
4816
4817
4818
4819
4820
4821
4893
318
4824
2020
4826
9262
4828
8253
4830
4831
3571
4833
1089
4835
4836
4837
4838
4839
4840
239
4842
4843
4844
4845
4846
4847
7273
4849
1121
4851
4000
706
4854
4855
4856
4857
4858
9898
4860
4861
4862
4863
4864
4865
4866
4867
5558
7683
5692
5625
4872
4873
677
4875
4876
9436
34
4879
4880
6705
4882
6172
4884
4885
4886
1494
7827
8281
4890
4891
4892
4822
9904
9132
4896
4230
4898
8563
1603
4901
4902
4903
4904
517
4906
1620
4908
5126
2659
4911
3330
4913
4914
1869
4916
7886
4918
8454
4920
4921
7627
6282
4924
6353
4926
4927
4928
2678
4930
6156
784
1138
4934
4935
4936
8398
4938
3632
4940
4941
6812
217
8279
4945
4946
8151
2297
4949
8474
5804
4952
4953
4954
4955
4956
4957
4958
4959
4960
4961
3166
1084
4964
9974
1247
5188
5833
4969
9753
4643
4972
4973
4974
628
4976
4977
4978
2914
4980
4981
4982
4983
4984
6925
6451
1036
4988
6660
2419
4991
4992
4993
1570
6973
9360
4997
584
7844
512
8497
5002
2798
5004
5005
5006
5007
5008
5009
5010
5011
5012
5013
5014
5015
5016
5033
5018
5019
5020
8256
5022
6632
5024
5025
5026
5027
8472
5169
5030
6325
8892
6687
5034
5035
5036
5037
855
5039
955
4025
5042
1619
6674
5336
5046
5047
5048
2630
5050
5051
8138
5053
5054
5055
5056
5593
4812
5059
6187
5061
5062
7913
5064
5065
5066
5067
8196
7547
5070
5071
5072
8288
5074
9958
4905
4825
2638
5079
5080
5081
6188
5083
5084
5085
5086
7864
5088
5089
6449
5091
5092
5093
4743
4150
6518
5097
5098
5557
256
6427
1134
5103
5104
5105
2938
5107
5108
2089
5110
1399
5112
5113
5114
5115
5116
8217
5118
4065
5120
5121
55
5123
5124
5125
4909
3554
1421
4544
962
808
5132
5133
5134
6756
6040
5137
728
3301
4618
6295
6761
5143
8211
5145
9935
5147
5148
5149
5150
4675
5152
5153
5154
5155
5156
3703
961
5159
719
5161
5162
5163
5164
5165
2101
5167
5168
3442
5170
5171
257
8300
5226
5175
5176
5177
2915
7788
5180
5946
5182
143
5184
6568
5186
2774
4967
3332
5190
7026
5192
9535
8430
5195
5196
2893
5198
9764
101
8891
7259
9066
3224
5205
5206
9340
5208
5209
5210
5820
5212
9565
2623
797
8320
1802
5218
490
5220
5221
5222
6677
5224
4511
9842
5227
5228
5229
5230
5231
1010
83
5234
5235
3650
5237
5238
5239
8799
4608
8992
5243
5244
5245
5246
5247
5248
5249
5250
5251
5252
5253
9679
8001
6413
5257
8227
4600
5260
173
8164
4212
5264
2315
5266
5267
5268
5269
3444
5271
5272
5273
5109
5275
5276
5277
5278
6937
2709
5281
3314
58
5284
4738
5286
5287
439
5289
5290
7643
5292
7178
2776
5295
5296
3039
5298
5299
5300
5301
5302
5303
5304
5305
5306
5307
6137
5309
5310
8681
5312
3276
5314
2318
6255
5317
5318
5319
615
6920
5322
5323
5324
5325
5326
8011
4509
5767
466
6503
7253
4153
5334
6944
5045
7169
5338
1007
91
5341
5342
5343
5344
7995
5346
5347
5671
7564
5452
5351
5352
4573
2317
6127
5356
2477
5743
828
5360
5361
5362
6663
5364
1043
5366
1270
9757
9326
3183
5371
884
5373
5374
7149
5376
5377
5378
5379
1569
5381
5382
5383
5384
8257
5386
5387
6216
9247
8222
5391
5392
5393
9599
6759
2989
5397
5398
9404
5400
5401
9777
2405
4900
5405
5406
5407
5408
5409
865
5411
5412
3305
2230
5415
5416
9285
5418
5419
5420
5421
5422
5423
6480
5425
9808
5427
5428
8086
5430
6956
5432
5433
7569
2634
542
5437
2911
5439
5440
5441
5442
5443
993
5445
9838
5447
5448
9933
5450
5451
5350
5453
2950
9248
9771
5457
864
9643
238
2996
3724
5463
5464
5465
5466
509
8133
8572
5470
5471
5472
5473
5474
5475
3377
5477
7195
3784
7020
5481
9914
5483
5484
5485
8509
5487
5488
5489
5490
7174
5492
2629
5494
210
827
5497
5498
6507
6000
5501
5502
5503
5504
5505
237
634
96
5509
5510
5511
5078
5513
5514
4018
7422
6440
6277
5519
7093
2808
5522
8590
7438
7236
5526
2303
6400
5529
4538
6574
181
5533
5534
1789
5536
5537
5538
9217
2302
7292
5542
8386
8770
5545
7724
5608
5548
9755
5550
9971
9323
5952
5554
5555
5493
8234
2163
5559
5678
5561
5562
5563
2681
5565
232
3887
5568
5569
5570
5879
5572
3258
5574
5575
8864
1858
3255
5579
5580
8496
5728
7968
416
5585
8358
1742
5588
5589
5590
4887
820
6321
5594
5595
5596
6053
6856
3449
5600
5063
5602
5603
4074
5605
5606
5607
2614
5609
5610
5611
9903
5613
5614
5615
5616
5617
5618
6467
1045
5621
6562
985
5778
2491
5626
5627
8824
5629
5858
5631
5632
5633
5634
5635
2088
5637
5827
5639
5308
7101
5642
682
5644
5645
5646
5119
5648
418
5650
5651
9155
5653
8645
250
5656
4378
5658
5146
8929
9097
5662
5663
5664
2323
5666
7905
1530
5669
5670
5348
5672
9733
5674
7563
5676
2595
5560
8540
5680
5681
5682
5630
5571
7239
5686
5687
5688
2966
5690
5691
4870
5693
5694
5695
5696
5697
5698
5699
4925
3443
6576
4176
389
5705
5706
5707
5708
5709
321
5711
5712
5713
6071
7130
4324
5717
6702
5719
5185
2191
5722
940
5724
1837
2270
5469
9886
5729
5730
5731
5732
7196
5734
7321
5736
5142
5738
5739
5740
5993
4763
2661
5744
5745
25
5747
5748
5749
5750
5751
3425
5753
5754
2859
3121
8735
5758
5759
6974
5761
5762
5763
4111
8248
5766
5329
5768
9621
2280
5771
5772
5773
5774
5775
4469
8038
5624
5779
5780
6639
5578
5783
9144
5785
2150
5787
2698
3654
9610
5791
5792
5793
5794
6554
5796
5797
7759
1183
2514
3560
5802
8468
7187
5805
3941
5807
9473
4354
5810
528
8094
5813
5814
3129
5816
5817
5818
1752
6616
5660
9913
5823
9989
7456
4203
8608
1770
5829
1368
5831
5832
8459
5834
452
5836
5837
5838
5839
5652
5841
5842
5843
4199
9441
7904
1241
5848
5849
2383
5851
5852
5853
8325
7728
5856
5857
5683
5859
4162
9313
5862
5863
5864
5865
7638
6700
4989
2412
7674
5871
5872
5873
5874
5875
2940
5877
5878
8604
5880
5881
7406
5883
5884
3917
9488
7164
1272
5889
3311
5891
5892
5893
4723
5895
5896
4024
5898
5899
5900
5901
6773
5903
2900
4943
5906
317
2596
5909
3882
4343
6908
410
5914
2819
2344
5917
1715
5919
3253
5921
3391
5923
5924
5925
5926
5927
5928
5929
5930
5931
5932
2635
3598
4194
7645
3375
5075
7018
5940
5941
5942
2586
5944
5945
5181
5947
5486
5949
5950
8485
3187
5953
5954
5955
1973
5957
262
5959
5960
5961
5962
5963
3094
5965
1262
5967
2172
5969
5970
5971
5972
5973
5974
5975
6508
5977
9802
5979
5980
5981
5982
2277
5984
5985
5986
5987
5988
5989
9782
8176
5992
2333
5994
5995
4965
5997
359
5999
6603
6001
6002
8683
6004
6005
6006
6007
6008
6009
6010
6059
6012
5202
6014
6015
6016
6017
6018
6019
3141
6021
7567
6023
6024
371
6026
6027
6028
3961
6030
6031
6381
6033
6034
6035
6036
9180
8396
8700
5136
6041
6042
88
6044
3991
6046
6698
6048
5546
9677
6051
6052
7642
6054
6055
6056
4859
1613
9579
8355
7986
6062
6063
6064
5808
6066
2391
6068
8310
6070
5714
6072
1747
3457
6075
6076
6077
6078
6079
8937
6088
2308
6083
837
6085
6086
6087
9047
6089
6090
6091
9556
6093
6094
7216
6096
6097
6098
6373
6100
8169
6102
3027
6104
3648
6106
6107
6108
6109
5844
2758
6112
6113
7813
5435
6116
3194
6118
6119
6120
6121
6122
6123
6124
6125
6126
5355
9270
4501
6130
3698
3490
6133
6134
6135
7005
1353
6138
6139
6140
6141
4464
551
9086
7248
6146
6147
6148
6149
3410
3315
4615
6153
6154
8469
4931
6157
6158
6159
4282
6161
2964
8071
6164
6165
1518
8975
6168
6169
6170
2564
4883
6173
3066
6175
7243
6604
3883
3351
6180
5479
6182
596
8965
6185
6186
5060
3950
4259
6190
6191
6192
6193
6992
3956
1324
4869
6198
6199
7369
6201
9528
8550
6734
5389
6206
6207
8795
6209
2800
6211
6318
6213
6214
7722
5388
6217
636
6219
6220
6221
6222
6223
1679
4695
6226
6227
6228
5592
6230
9591
2721
6233
7616
9724
2806
6237
6238
6239
9001
6241
6847
602
6244
6360
6246
7933
6248
5215
6250
6251
6252
6253
6254
5316
6256
6257
6258
126
3294
6261
6262
6263
5073
6265
3398
4094
393
6269
6270
2192
6272
6273
6274
6275
6276
5518
6278
6279
6280
9480
3424
3210
2398
6259
6286
6287
6288
6289
6290
6291
6292
6293
6294
8444
6296
6297
1384
6299
6300
6781
138
6303
6304
4671
2382
6307
6308
1601
6310
7165
6904
6313
7773
6315
7672
4581
7039
8260
9805
9442
6322
3369
6324
134
6326
6327
3263
6329
2478
6331
6332
1974
7766
1543
6336
6439
4359
1268
7143
6341
2674
6343
6344
6345
8070
6347
6348
913
4590
6351
2997
7887
6354
6355
6356
8596
6358
9943
3262
6361
6362
7439
9490
6365
6366
6367
6368
6369
4062
4341
6372
6099
6374
6375
6376
7029
1372
6379
1351
6032
4417
6383
2320
7505
6386
6387
6388
9570
6390
4443
6392
3204
6589
6395
6396
2515
6398
3338
7084
6401
6402
6382
7589
3021
6406
6407
7050
6409
7649
6411
6412
750
6414
6415
6416
574
6418
6419
6420
6421
2437
2755
6424
4388
6426
5101
6428
3702
2845
6431
6432
6433
6434
6435
9286
9152
6438
3622
2603
6441
6442
6443
6444
4014
9291
6447
6448
3268
6450
4986
6452
6453
6454
9354
6456
1905
6458
6459
8128
6461
6462
6463
2854
6465
6466
3685
531
8994
4613
6471
6472
6473
2763
6475
270
4084
6478
2139
5424
6481
6482
6483
6484
6485
6486
6487
6970
6489
984
6491
6492
5684
3963
1745
9663
6497
6498
9615
6500
6501
900
8150
8466
6505
3087
5499
1567
6509
4096
6511
6512
8890
6514
6515
6516
6517
5096
6519
6520
6521
6522
6523
5359
6525
1812
7277
6528
6529
4530
1716
8026
6533
6534
6535
6039
853
6538
549
6540
6541
6542
2063
6544
6545
7403
9200
9365
6549
6550
6551
563
6143
235
6555
9431
6557
307
6559
6560
6561
3732
6563
7874
6565
618
6567
4391
7587
6570
4421
6572
9198
7249
6575
1023
6577
302
9074
739
6581
6582
6583
3308
6585
6586
6587
2182
624
6590
6591
3914
8417
2706
6595
666
4598
6598
8865
6600
6601
6602
4445
6177
6605
8044
5677
6608
1403
9113
6611
6612
6736
6614
6615
8695
6617
6618
6619
6620
6621
7770
6623
6624
3452
7011
6627
5723
6564
124
733
4125
6633
6634
7810
6636
8884
6638
8796
8120
6641
6642
6643
7225
7984
6646
6647
6648
6649
6650
4255
4268
6653
6654
11
3485
6657
6658
6659
9557
6661
6662
5363
6664
7006
1229
388
6668
5583
6670
6671
6672
6673
2033
6675
6853
328
6678
6679
5131
6681
6682
6683
2883
6685
8478
7726
2760
6689
6690
6691
3915
6693
603
6695
5770
6697
6047
3015
5867
6701
9872
6703
6704
6738
6706
6707
6708
6709
7623
6711
6712
8213
6714
6715
6716
6717
6718
4912
6720
965
2464
4628
6724
6725
6630
6727
1492
9273
6730
2340
6732
6733
3716
6735
6613
6737
4188
6739
6740
2459
6742
6743
6744
9876
2246
8334
6829
6749
6750
6751
6752
6753
6754
6755
1729
3256
7795
5395
6760
3272
5111
6763
3199
6765
6766
506
6768
6769
6770
6771
6772
5902
6774
6775
4704
6777
6778
3823
9382
8453
6782
7466
1674
6785
6786
8284
6892
3038
4707
1804
6792
4110
6794
6795
2884
2939
6798
6799
1259
6490
6802
6803
6804
6805
7836
5702
6808
4536
6810
2633
2306
6813
30
6571
6816
8147
6818
6819
6820
6821
6655
1192
6824
6825
8827
6827
4522
9964
1252
6831
6832
6833
6834
6835
6836
9140
6838
6839
1429
6841
6842
8025
6844
6845
8582
6242
1520
405
6022
6851
8766
6676
6854
6855
5598
3948
6858
6859
3678
6861
6862
6863
6864
6865
6866
752
6868
6869
6870
6871
6872
6873
6874
4005
9261
6877
6878
1645
1908
6881
3710
6883
8508
6885
6886
6887
6888
3519
6890
6891
6788
6893
1216
6895
6896
6897
814
6899
6900
6901
3652
9864
6312
6905
6906
1424
5912
8894
198
6911
6912
1668
6914
2092
6916
3740
8154
6919
7942
6921
6922
6923
6924
4985
6926
6927
6928
6929
1393
6931
2144
6933
6934
6935
1763
5279
6938
6796
3765
6499
7699
6943
7163
6945
6946
6947
4663
5948
6950
3246
4682
3499
7898
6955
5431
6957
1052
6959
6960
9940
6962
2794
6964
420
2338
6967
2462
2607
6488
5052
6972
6234
5760
2878
3248
6977
6978
6979
5044
6635
6982
6983
6984
9511
4052
6987
4584
6989
7928
6991
6194
819
3895
6995
6996
6997
6998
6999
483
4631
7002
1521
7199
9667
4303
9099
7008
7009
7010
6626
1925
7013
9637
2465
7440
1736
1341
7019
1388
8753
7022
7023
8296
4689
3095
7027
7028
6377
7030
7031
7032
7033
7034
7035
7400
4705
8268
6212
7040
9384
7042
2948
7044
8203
8914
7047
2241
7049
4149
6284
9848
953
3532
4202
7056
7057
7058
8706
3109
7327
7062
7063
9350
7065
7066
7067
6547
1118
4234
617
5189
9319
2167
7075
7076
7077
3238
7079
7080
7081
7082
7083
8433
7085
8461
8072
9153
7089
8523
7091
7092
5520
1943
7095
7096
2790
8140
7668
7100
7667
7102
9712
7104
3328
6065
63
7108
7109
444
8798
53
2233
7114
7115
7116
7117
7118
3408
7120
5129
1815
7123
8330
1710
9011
1188
2785
7129
5715
7131
8223
7133
1469
7135
7136
3250
1167
3983
7140
3329
5380
6340
5049
7145
7146
7147
2127
5375
7150
7151
4109
7153
9017
7809
7156
7157
9460
9966
7160
7161
7162
5335
9396
417
4595
7167
7168
5337
7804
7171
7172
8158
5491
2486
7176
5517
5293
7179
7180
7181
7182
7183
8113
7185
207
6178
7188
8323
7190
7191
8680
7186
7194
2529
2403
7197
7198
7004
6811
7201
7202
7203
7204
4813
7206
7207
9163
7209
7816
7211
7212
7213
1396
7215
422
3604
7218
7219
7220
7221
7177
7223
7224
9052
7226
7139
7228
5414
7230
7231
4330
7233
7234
7235
3496
7237
8831
5685
7240
2904
7242
6176
8752
7245
7246
4917
8298
1281
7250
7251
6142
8174
1864
7255
7256
3594
7258
2801
2688
7261
8717
7263
7541
7265
7266
8696
8114
7269
9009
7271
7272
6057
911
7275
7276
6527
7278
7279
7280
4638
1582
8409
4121
7285
4271
8304
7288
7289
1164
7291
4007
7293
7294
7295
7296
7297
7298
3307
7300
4775
1768
7303
7304
8030
7306
7307
7308
7309
8285
7311
178
7313
6235
7315
7316
7317
4337
4289
7320
1265
7322
674
7324
4805
7326
7061
3394
7329
7330
4757
1547
7333
9588
9927
7336
7337
9191
7339
1786
7341
7342
7343
7344
7345
7346
7347
7348
7349
7350
7351
7352
7353
501
7355
7356
7357
3573
5516
7360
7361
1839
7363
7364
7365
5496
7367
7368
6200
7370
5916
5530
7373
7374
363
7376
7377
7378
9595
7274
9218
7382
3241
7384
7385
7386
7387
7388
7389
7717
7391
7392
7393
7394
448
7396
7397
7398
7399
920
7401
800
6546
7404
7405
3093
3996
7408
121
449
9467
6949
1756
7414
7415
654
1635
4314
6202
7420
3940
7359
7423
7424
7425
680
7427
9803
7429
7430
9090
6907
7433
3247
7435
7021
7437
5524
9478
7016
5701
7442
7443
7444
7445
8783
4915
6584
7449
7450
7451
7452
7453
9604
5521
5825
7457
9082
7781
8111
7461
7462
7463
6728
7465
8837
7467
1517
7469
7470
2012
7472
7473
5821
66
3321
7477
7478
7479
7480
7481
3924
7483
7484
40
7486
7487
2821
7489
7490
7491
2778
7493
7494
9887
4755
7497
7498
7499
5918
548
4479
7503
4929
6385
7506
7507
2210
5358
7510
8080
4144
3556
8664
6548
7516
7517
7711
7519
7520
1140
7522
7523
7524
8023
7526
8400
7528
7529
7530
7531
7532
7533
7549
7535
7536
4407
7538
7539
7540
4937
5547
3605
7544
7545
3512
5069
1583
7534
7550
1201
4979
4078
7554
7555
7556
7758
8175
7559
7560
7561
7154
5675
5349
2503
7566
1831
7568
5434
7570
7571
7572
7573
7574
7575
7576
7577
7578
7579
3929
7581
7582
4767
7584
887
5835
2109
7588
6404
1225
7591
4210
7593
9666
7595
7596
7597
727
7599
7600
8667
7602
3629
7604
4634
7606
7607
7608
7609
7610
7611
7612
7613
7614
7615
4995
7617
3143
7619
7620
7621
7622
5173
7624
7625
7626
4922
1155
7629
9211
7631
3454
7633
7634
7635
7636
7637
4784
7639
458
3035
5976
982
7644
5936
7646
7647
7648
219
9607
8116
859
7653
742
1550
7656
3557
7658
7659
7660
7661
7662
7663
7664
8206
7666
5641
7099
3209
7670
4306
6316
7673
5870
3621
166
9245
2741
7679
6323
9093
7682
5340
7684
7685
6301
1811
7688
7689
7948
7691
4564
8551
5500
7695
7696
2770
7698
199
7700
7701
7702
4651
7704
7705
7459
7707
340
7709
7710
7518
7712
745
7714
3106
7716
7390
7718
7719
4250
7721
7651
7723
6049
421
5017
474
5855
7729
7730
7731
2279
8803
7734
2980
7736
7737
9407
7739
7740
7741
2655
7743
9752
7745
7746
7747
7748
7749
7750
2251
7752
2201
7754
7755
7756
7757
8153
7500
5647
7761
7762
1260
7764
3623
6334
7767
7768
7769
6082
7771
7772
5512
123
7775
465
2124
7778
8945
7780
2899
4556
7783
7784
7785
7786
7787
5179
1186
7790
7791
7792
7793
7794
6758
7796
1003
9121
7799
1725
5799
9193
7803
7170
7805
7806
7807
2753
7155
3013
7811
7812
2011
7814
7815
7210
7817
3630
7819
7820
7821
8249
7823
861
8836
1906
8127
7828
7829
7830
7831
7832
8524
7834
7835
9714
7837
5612
7839
4489
9391
7842
4654
2039
5333
7846
7838
9660
9147
7850
8286
7852
7853
7854
7855
1597
7857
7858
7859
1957
7861
518
6352
5216
7865
2807
3785
7868
1573
7870
7871
7872
7873
6629
7875
7876
7877
5417
7753
7880
7881
7882
7883
7884
8567
1286
9420
7888
7889
7890
7891
3024
843
7894
6578
7896
7897
676
7899
3277
7901
7902
7903
5846
4998
3157
8528
7908
3671
954
7911
1182
5601
7914
6342
9100
7917
7125
7919
7920
7921
7922
8807
4899
7925
7926
7927
6990
4039
7930
7931
7932
6247
7833
65
7936
1728
3008
7939
8617
5213
5321
7943
7944
7945
1951
7947
1171
7949
7950
7951
7952
7953
333
7955
7956
7957
7958
6084
7960
7961
7962
7963
5824
7965
3640
5003
1329
7969
7970
7971
2093
7973
7798
7975
2559
7977
4703
7979
7980
9908
7982
9179
8677
2752
1474
7987
7988
7989
2335
7991
7992
7993
7994
3541
7996
2983
227
7999
8000
9000
4195
492
8004
8005
9336
8007
8008
218
8010
6309
8012
8013
8014
8015
3746
5915
8018
8019
8020
6918
8022
5077
8024
6843
3995
8027
8028
8029
7305
8031
8032
1478
8034
650
8036
7959
5777
8039
9939
8041
8042
8043
6606
4528
8046
8047
8048
8049
3419
8051
8052
8053
8054
8055
2316
3680
8058
8059
8060
8061
8062
9107
5225
8065
8066
1214
8068
8069
6346
1563
7087
8073
8074
8075
8076
8077
8078
8079
7012
8081
8082
8083
8084
4196
5429
8087
8088
8089
8090
5782
8883
8093
3131
8095
8096
8097
8098
4223
8100
8407
7879
2006
8104
8105
8106
412
8108
8109
8110
2829
8112
9949
1005
8115
6215
8117
8118
264
6640
8121
2455
8327
8124
8125
9347
4888
8644
8129
8130
8131
8132
8016
8134
8135
3089
8137
6971
8139
9219
8141
8142
8143
3939
2140
8146
8576
8148
8149
4811
9216
8152
5023
6266
8155
8156
2408
2162
8159
8160
4729
8162
8163
7557
1993
8166
8167
8168
526
8170
809
916
8173
5332
8908
6880
9972
4083
8179
683
5413
8182
8183
4262
8185
8186
1587
8188
8189
6665
4569
8192
9166
8371
989
5068
5327
8198
8199
8200
8201
3181
7045
8204
8205
7665
8207
8208
8209
8210
4609
8212
6941
8214
8215
60
2128
8218
3117
3814
8221
5390
5038
8224
8225
8226
6359
8228
8229
8230
8231
8232
6637
8101
3528
8236
8237
8238
8585
8240
1850
8242
8243
1976
8245
8246
8247
9035
9081
8250
8269
8252
4829
8254
8255
5021
3240
8258
8259
4047
9563
253
3235
8264
2079
8266
8267
7038
8251
8270
9847
8272
8487
8274
9747
8276
8277
7088
154
8280
3524
8282
8283
5868
7310
9376
8853
6264
8289
8290
4400
8292
8293
9779
8295
7024
8297
2547
8299
7144
8301
8302
8303
2711
3242
9415
8307
8308
8309
6069
1762
8312
8313
8314
8315
6197
8317
1637
8319
5087
6556
8322
7189
8324
5396
8326
8985
3098
8329
3239
901
8332
8333
1387
6954
8336
8337
8338
7264
8340
8341
8342
964
656
8345
8346
8347
8980
8349
1274
8351
8352
8353
8122
3602
8356
8357
5586
8359
8360
8361
8362
8910
8364
6103
6037
8367
9829
8369
8370
613
8372
7252
8374
3900
3592
8377
8378
8379
8380
8381
5372
8383
8384
8385
8977
8387
8388
987
8390
8391
8392
9238
8394
8395
6038
8764
8339
8399
2420
8216
8402
3014
8404
8405
8406
7332
1236
7283
9839
8411
8440
8413
8414
8415
5217
9536
6656
8419
8420
8421
4476
8423
8424
8425
8426
8427
2014
3337
2887
8431
8432
5528
8434
8435
8436
1208
8438
228
265
2549
3521
8443
5141
8445
3809
8447
4975
8449
8450
3130
8452
7686
9010
8455
8456
980
8458
3893
8460
1627
8462
8463
8464
8465
6504
9389
5803
7432
1502
8471
5028
6339
4226
2666
1880
8477
7822
8479
4241
8481
8482
1112
8568
2723
8486
177
203
8489
6114
8491
8492
8493
2223
8495
1437
9688
4444
8499
9525
2220
8502
8503
292
8505
8506
8507
2736
7318
3574
8511
9101
8513
8483
8515
1128
8517
8518
1704
8520
4994
8522
6940
7934
8525
8600
8527
9681
8529
3061
8531
6
8533
8534
8535
8536
4384
3773
8970
6852
3436
8542
8543
8544
9263
4748
9523
271
7148
4534
3563
8552
8553
9561
8555
8556
8557
8558
8559
8560
8561
8562
7924
6776
8565
8566
7885
3341
8569
8570
2710
5727
8573
3081
8575
9408
8577
8578
8579
2027
8581
6846
8583
5591
4560
1200
8587
8588
8589
5523
6592
5806
8593
6281
360
9537
8597
8598
8599
8526
7358
8602
8603
5933
8605
4256
8607
5638
8609
8610
8611
8612
8613
8614
8278
8616
7940
1477
8619
8620
8621
2157
8623
8624
4597
8626
8627
8628
8629
8630
8631
8632
2624
8634
8635
8636
8637
971
8639
8640
8641
4054
1450
6460
7
8646
8647
6723
8649
8650
8651
863
8653
8654
8655
215
8657
8658
3876
8660
8661
8662
8663
6631
5890
1511
7601
8668
8669
8670
8671
4349
8673
8674
1356
8676
1691
8678
4248
7192
5311
8682
9629
2847
8305
8686
8687
4143
8689
1649
8691
902
8693
8694
5211
7267
8697
8698
5204
670
8701
8702
9969
132
8705
9183
8707
6840
8709
6061
8711
8712
8713
8714
8715
4636
4249
8718
8719
6370
8721
8722
8723
1015
3365
8726
325
8728
3919
8730
9056
8732
8733
1248
5757
8736
5345
8738
1888
23
8741
4505
8743
8744
8745
8896
8747
8748
8749
8750
1402
7244
2735
8754
8755
8756
8757
4345
8759
1470
8761
3880
8763
8397
8765
5679
516
8768
8769
4482
3795
8772
8773
8774
8775
8776
8777
8778
8779
8780
8781
8782
9080
8784
3660
8786
8787
202
8789
8790
8791
1021
2112
8794
6208
4205
8797
2049
5240
4944
8801
8802
3535
8804
8805
6298
2209
8808
8809
8810
8811
2237
2802
8814
3378
8816
621
8818
8819
8820
3916
8822
5200
8554
8825
8826
2622
8828
8829
8830
3123
8832
8833
8834
8835
7825
6783
8838
8839
6218
8841
8842
3810
8844
8845
8846
8847
4416
3300
8850
8851
8852
8287
8854
8855
4368
8737
8858
578
4932
8861
3911
8863
6364
6599
8866
4393
8868
8869
8870
8871
7247
5057
8516
8875
8876
8877
8878
3705
8880
8881
8882
7847
4165
8885
9344
8887
8888
8889
9572
9603
5032
8893
8874
8895
2578
8897
8898
958
8900
8901
8902
8903
179
2496
8906
5913
7558
1375
8363
8911
8912
7270
7046
8915
8916
8917
8918
8919
534
546
8922
8923
8924
8925
8926
6231
8928
7474
8930
1881
8932
8933
8934
8935
8936
3947
8938
8939
1834
7779
2857
8943
8944
8941
8946
8947
8948
9003
8950
8951
2927
8953
8954
8955
8956
8957
8958
8959
8960
8961
8962
8963
8964
6184
8966
8967
8968
8969
8539
8971
8972
8973
8974
8412
8976
9419
9162
8979
9102
8981
8982
8983
8984
3666
8986
8987
8988
8989
8990
4073
5242
8993
6469
8995
8996
8997
8998
8999
5255
6240
9002
8949
9004
9581
9006
9007
1642
8913
9271
4731
9012
2627
8123
9015
9016
9735
508
9019
9401
1914
9022
4298
9024
9168
582
9027
9970
9029
5549
2831
9032
9033
9034
5765
4658
2601
9038
9039
9040
9041
131
9043
9044
4999
1070
229
9048
3011
9050
2894
6644
9053
9054
9055
8731
9057
9058
4760
9060
6092
9062
9063
4802
9065
5203
240
9068
9069
9070
9071
932
9073
6579
4167
2750
9181
2757
9079
7193
6686
7458
3864
9084
4353
7514
9087
9088
2452
7431
4554
9092
7681
9094
4806
9096
2558
9098
9178
7916
5620
5822
9103
9104
9105
9106
8063
701
8366
9110
2067
9112
6610
9114
3260
9116
9117
3806
16
854
7974
9122
9123
9124
9125
9126
4939
9128
9129
9130
9131
4895
9133
9134
9135
9136
1083
9138
9139
5752
1999
9142
5193
5784
3717
9146
4690
3205
39
1495
6319
6437
322
9154
5840
2896
9157
3005
9159
9160
9161
46
3757
9164
8547
8193
9167
5144
9169
9170
9171
3542
9173
9174
9175
711
2135
957
4325
9109
9542
9182
6558
9184
9185
7687
9187
2175
6371
9190
9377
246
2751
9194
9195
9196
9197
5058
9199
7068
6713
2041
4780
9204
9665
9206
9207
9208
9209
9210
7630
9212
9213
9214
9215
4947
5539
7381
2699
5776
9221
9222
4687
9224
9225
2402
9227
9228
9229
9230
7301
6784
9233
9234
9880
2255
1011
8393
9239
9240
1057
9242
2346
3367
7677
9246
6205
9612
9249
6741
9251
9252
7866
9156
9255
1781
1125
9258
9259
9260
3281
4827
7551
5194
9265
9266
6696
9268
9269
6128
4919
2399
6729
9274
9275
9276
9277
463
9244
9280
9281
9282
9283
3115
7878
9499
9287
9288
9289
9290
6446
9292
1677
5809
9295
9296
9297
1006
9299
1312
9301
5438
9303
645
72
9306
9307
1325
9309
919
949
9312
6210
4328
9315
9316
9317
9318
7073
9320
9321
9322
5552
9324
9325
5369
9327
9328
6129
9330
9331
7628
4030
9334
4131
8006
9337
9338
9339
7954
2168
975
9343
2852
9345
9346
8126
9348
9349
4477
9351
9352
9353
6455
4252
9356
4346
9358
2285
4493
9361
9362
9363
9364
3171
9366
9367
9368
9369
9462
9371
9372
9373
9374
9375
5788
2889
9378
9379
9380
9381
6780
9383
1552
9385
3927
9387
9388
8467
9390
1862
1678
9393
9394
9395
2263
9397
9398
9399
9400
9020
7727
9403
972
9405
2754
5733
1995
9409
9410
9411
9412
7409
7504
1191
9416
7132
2742
5543
5700
9421
9422
8586
9424
9425
3473
9427
3286
9429
9430
9149
9432
70
1455
9435
4877
9437
9438
3582
9440
1028
2684
9790
6476
9445
9446
9447
9448
9449
9450
9451
4498
9453
3577
9455
3297
4064
9458
9459
7158
9461
1347
3662
9464
9465
4495
7411
4535
429
9470
9471
3805
7106
9474
9475
3290
9477
6363
4401
8594
9481
9482
4028
2949
9485
9486
9487
5886
9489
5576
9491
9492
9493
4059
3562
9496
2842
9498
6436
9500
9501
9502
9503
9504
9740
9506
9507
9508
9509
3059
6985
9512
9513
1926
9061
9516
9517
9518
9519
9520
9521
7112
9165
9524
8500
9526
9527
7419
9529
9530
9531
9532
3687
4141
2804
6593
6357
9538
9359
9540
4015
9077
9543
9534
9545
9546
9308
697
2081
9550
9551
9552
2649
3786
9555
1319
6787
9558
9559
1744
5628
9562
8261
9454
7025
9566
4624
9568
9569
2539
1397
6513
9573
9574
2984
7335
9577
9578
1867
872
9005
1304
9583
9584
3589
9586
9587
7334
4002
9590
8927
2310
9593
9594
9402
12
9597
8942
5394
9807
9601
1456
5201
7454
9605
9606
7650
9608
9609
5790
9611
6224
2810
9614
9201
9616
9617
9618
9619
9620
5769
9622
3706
9624
7134
9626
638
9628
3252
9630
9631
9711
903
9634
9635
9636
7014
9638
9639
9640
5174
2583
2055
204
9645
9646
9647
9648
9649
9650
9651
9652
9653
9654
9655
9656
9657
852
9231
7848
1292
9662
6496
9664
9205
7594
6136
8704
9669
3756
7583
9672
1964
1641
8271
9676
3509
9678
2000
9680
7907
9682
9683
150
3296
9686
9687
2331
9689
9690
9691
9692
9693
9694
7482
9696
9697
9698
9699
9700
9701
9702
9703
9704
9705
1348
9707
6245
9709
9710
9785
5866
9713
5720
9715
9386
424
9718
9719
9931
9721
9722
9723
7314
9725
9726
9929
9728
9729
9730
9731
7072
3843
9734
7562
9799
9737
2747
7525
9505
9741
9742
9743
9744
9745
9746
8275
9748
9749
9750
9751
7744
1934
9045
9030
9756
5368
3494
8136
9760
1933
9762
3603
5233
2903
9766
7476
9768
9769
9770
870
5138
9773
9774
9775
9776
5402
9778
8294
9406
4139
6651
9783
9784
155
7052
9787
9788
9789
2264
9791
9792
9793
9794
1222
9796
9797
9798
691
6232
1066
3274
139
9804
6320
9806
9600
803
9809
9810
6966
9812
9813
9814
9815
9816
9817
9818
9585
9820
9821
9822
9823
9824
9825
9826
9827
9828
3169
9830
9831
9832
9833
9834
9835
9836
9837
5446
2260
1950
9841
9641
9843
9844
9845
9846
6848
9786
2377
9850
6408
9852
9853
9854
9855
9856
9857
9858
1963
9860
4429
9862
9863
9633
9865
8699
9867
9868
9869
2234
9871
5718
9873
9874
9875
6745
9877
1589
9879
9235
5261
1529
9883
9884
9885
9202
7495
3306
2104
9890
9891
9892
9893
589
9895
9896
9897
4848
9899
9900
817
9902
4279
97
5667
1790
9907
7981
3462
9910
9911
169
3579
5482
5764
9916
9917
9918
9919
1210
9921
9922
9923
9924
247
1213
9576
9928
486
9930
9720
9932
5449
1577
533
9936
9937
9938
1559
1549
9941
9942
6117
9944
9945
6531
9947
9948
1738
9950
9951
2898
5102
9954
9955
2221
9957
5938
9959
9960
4575
9962
9963
6748
9965
7159
4081
2065
8703
17
9732
644
2700
7372
9975
4206
9977
9978
9979
9980
9684
9982
6898
9984
9985
9986
9987
9988
6060
9990
9991
655
1912
9994
9995
9996
479
9998
9999
10000
