797
2
3
532
5
6
7
510
9
311
491
538
13
14
15
493
654
231
748
645
21
10
23
166
370
26
27
28
215
30
48
32
392
954
400
36
596
38
39
40
41
42
43
44
45
424
47
667
506
50
983
355
53
54
55
460
57
58
241
361
61
490
34
64
489
890
540
68
69
498
71
584
309
74
75
995
310
167
79
80
81
226
83
84
1
86
87
203
89
60
567
92
268
94
95
78
97
98
235
131
101
552
111
960
238
106
107
249
520
110
103
955
113
114
115
756
117
118
119
120
288
331
201
271
125
126
597
128
129
130
771
132
133
514
135
136
137
138
539
140
791
422
143
144
337
146
993
148
149
150
978
152
502
124
946
142
157
265
159
751
161
162
163
164
165
24
527
168
169
170
67
209
173
350
585
610
65
178
304
839
181
481
183
184
177
186
187
188
189
190
191
192
193
413
565
404
197
198
199
871
550
202
88
701
933
223
917
208
172
940
300
444
237
214
280
832
956
218
219
220
221
816
245
465
225
82
227
878
229
121
90
668
592
234
436
236
580
105
239
240
31
242
243
536
206
246
973
248
108
250
251
252
625
1000
255
321
961
258
259
260
160
262
263
264
158
266
267
624
269
270
154
275
273
274
479
534
277
412
116
526
281
707
578
284
721
286
287
305
289
290
291
292
293
727
295
296
297
455
299
211
765
302
303
812
230
968
746
619
247
77
22
312
313
314
524
224
317
887
4
320
607
786
323
324
886
571
560
962
329
327
818
433
333
505
335
336
145
338
339
340
156
342
343
743
345
346
347
348
402
969
351
352
353
354
386
356
357
358
359
673
18
362
363
364
365
366
688
368
542
378
860
372
713
374
375
376
709
714
401
380
381
382
964
604
385
63
387
388
328
390
853
33
691
866
395
396
283
398
399
35
379
171
863
196
405
406
456
996
409
410
411
278
772
414
609
416
435
768
419
420
421
822
423
232
425
426
427
428
276
555
256
432
332
434
430
99
775
415
439
440
441
442
628
445
622
446
963
870
837
686
451
452
453
454
298
407
457
904
459
855
461
462
463
464
316
466
467
468
469
470
471
472
473
474
475
932
477
478
877
11
182
437
483
484
485
486
487
19
185
62
480
492
16
494
495
496
947
200
499
500
501
482
503
504
334
49
982
508
509
661
511
512
449
134
174
516
975
821
715
109
521
522
523
315
525
579
96
528
529
530
531
712
533
920
535
885
537
12
820
349
564
369
543
544
545
546
547
254
549
123
551
102
553
554
447
936
557
558
559
330
561
562
563
541
659
282
91
568
569
570
326
745
573
574
613
576
577
397
29
723
581
582
583
72
864
586
587
588
589
590
591
233
593
594
595
37
127
971
599
600
601
602
603
644
605
926
431
608
773
176
611
612
808
614
909
616
617
618
308
620
621
212
623
93
253
391
627
443
629
175
923
632
633
634
635
636
649
638
639
640
988
642
643
384
20
646
647
952
637
650
651
652
653
17
655
656
657
488
195
660
8
662
676
664
665
949
722
46
669
670
671
716
360
518
675
976
677
889
679
680
681
682
683
767
685
739
687
697
689
690
393
615
693
694
695
285
367
698
699
700
204
770
703
846
705
733
989
708
377
389
711
319
373
341
519
672
517
718
726
720
325
957
895
724
725
719
556
728
729
730
731
732
706
734
735
736
737
738
450
497
741
742
344
744
572
905
747
658
749
750
757
752
753
754
755
279
261
758
759
760
761
762
763
764
301
766
684
418
769
776
100
842
438
847
806
155
777
778
779
780
781
782
783
784
785
322
787
788
789
790
141
792
793
794
795
796
85
798
799
800
801
802
803
804
318
873
805
631
809
810
811
179
813
814
815
222
817
122
819
139
674
641
823
883
825
826
827
828
829
830
942
865
833
834
835
836
513
838
180
598
841
696
843
844
845
56
774
848
66
850
851
852
626
854
924
856
857
858
880
371
861
966
403
630
216
394
867
894
869
448
70
872
888
874
875
876
272
228
879
859
881
882
824
884
244
194
507
153
941
849
891
892
893
868
807
896
897
898
899
900
901
902
903
458
307
906
907
908
692
910
566
912
913
914
928
916
207
918
919
429
921
922
52
704
925
702
927
915
929
930
931
476
205
934
935
294
937
938
939
210
678
831
943
944
945
606
740
948
666
950
951
648
383
575
112
217
59
958
959
104
257
710
417
953
965
862
967
306
515
970
840
972
73
974
717
663
977
151
979
980
981
213
51
984
985
986
987
25
911
990
991
992
147
994
76
408
997
998
999
548
