8342
2
3
5809
5
6154
4484
8
9
1306
11
12
9811
14
15
16
17
18
19
20
3280
7664
5170
24
25
26
27
28
145
1169
31
32
33
34
5470
5171
1154
3050
4155
40
41
5293
43
8220
45
7140
2046
48
2270
8084
51
52
53
54
2580
231
57
58
251
60
61
4689
63
860
65
66
993
3615
8755
8306
71
3606
73
813
8835
6061
77
78
9631
80
9670
82
2279
84
6552
86
5045
88
89
8688
91
92
3204
7743
95
96
97
8745
7072
1229
8955
3000
6993
3275
8303
106
7112
108
8888
110
111
112
113
114
115
116
6263
118
119
4062
121
5449
123
6459
125
126
5559
128
129
130
131
307
1667
1831
135
2517
137
138
139
2662
141
142
143
144
29
146
1074
148
2221
6279
1725
3059
153
1139
155
156
157
158
7986
972
8837
162
5574
3823
5976
4465
6180
168
630
170
2969
172
5356
6722
9114
2760
177
4395
179
5158
1483
182
183
2560
9306
186
187
188
6577
190
9206
9645
193
208
195
8900
197
198
199
9776
8753
202
203
204
1880
206
1159
1174
209
210
291
7225
2820
214
215
216
217
218
219
1651
1912
222
223
224
4071
226
227
7106
3652
4685
2797
232
233
7065
3832
236
237
238
3019
240
1945
9368
243
244
3898
3248
247
351
249
3870
2715
252
253
254
255
256
560
9938
9361
2861
5040
4098
263
264
2463
4428
267
268
269
270
2827
272
273
274
275
276
277
7008
6812
280
1266
4608
9140
284
5617
286
9021
288
6799
8364
211
292
293
2671
295
296
9551
298
8553
1441
301
7168
2193
304
5057
946
132
6606
134
1044
9423
312
313
314
315
1755
5199
5801
319
320
321
8628
323
1359
5865
9708
327
328
6080
330
2792
332
3374
359
8673
6521
9704
9655
339
8781
9730
342
343
344
345
346
6328
348
349
2161
4253
352
6062
354
355
356
357
358
334
7802
361
362
2819
8584
365
6912
1404
5677
369
370
371
372
8616
374
1998
376
100
378
379
316
381
4786
383
384
8131
386
387
7071
4603
390
391
7324
393
394
9696
396
7142
4285
1897
400
401
8795
6390
404
405
5457
407
408
409
1876
411
412
5868
414
415
416
283
5857
601
420
421
422
423
424
425
426
427
428
429
430
431
4152
1534
6311
435
436
437
438
6513
5602
871
2032
6758
4479
445
446
1286
9478
7192
450
2628
452
453
454
455
456
457
458
9462
460
6510
462
463
464
465
2341
467
468
5802
470
471
472
4381
474
6227
476
477
478
3029
480
481
2091
483
484
485
486
3978
488
5321
490
5775
9743
493
8693
495
2686
497
2541
499
500
8191
502
3297
504
505
506
507
508
509
510
511
4494
4311
514
515
516
7309
518
519
520
6973
522
1846
5867
525
4056
527
528
3916
9893
823
532
533
534
2328
6067
537
538
539
540
541
1226
543
7703
545
5375
6986
548
549
849
551
552
553
7562
555
556
557
558
559
4569
2870
562
9678
564
6924
4301
567
568
4615
570
571
572
9071
574
3892
3702
577
578
937
7232
581
582
583
584
8849
1006
1842
588
3565
590
591
9826
593
594
792
596
3329
8805
4477
600
1679
602
603
604
4249
606
607
7154
6851
610
611
8046
613
7172
7803
616
7007
618
619
7290
8222
3406
623
624
6975
1925
627
628
6085
8096
4127
632
9014
7961
8747
636
637
4681
639
640
641
4966
643
644
6381
646
6725
648
649
8700
651
652
653
4164
655
656
949
1504
659
660
661
662
7714
5765
665
666
667
668
669
670
8416
672
673
674
8739
676
677
4669
679
889
681
9265
2354
684
8195
686
687
4695
9757
690
8365
7466
693
694
695
696
697
6856
6702
700
701
702
703
704
705
5651
149
5427
709
710
711
7759
713
7864
8913
9912
2719
1592
8056
720
721
722
723
724
5898
726
5914
728
9235
730
303
732
733
734
735
736
2709
7594
739
740
419
2589
4945
744
7385
6647
6125
9514
749
9072
751
752
8633
7569
755
3039
6959
758
8026
3150
5493
8389
763
764
765
766
4418
6876
769
770
4021
772
7710
774
775
776
5548
5065
5329
780
781
782
2738
4018
785
3299
7038
788
7985
790
4747
1562
6443
794
7979
796
5638
798
4318
7111
1240
802
803
1181
805
2322
4774
5658
809
5267
811
812
74
608
815
6990
4955
7792
819
820
821
822
1450
8461
7233
5431
3949
828
1521
830
831
832
833
5555
835
836
837
838
6308
840
4859
622
6434
8540
845
846
847
848
8038
850
6663
9891
853
4110
855
3167
857
858
859
8180
861
862
5621
864
865
866
433
868
9673
6318
441
259
873
874
347
2210
7206
2416
879
3855
8259
7188
883
884
8184
886
3885
888
680
9729
1386
8176
6806
6882
895
896
897
898
899
900
1425
8650
8103
1887
905
906
6666
908
1538
910
911
5320
9002
914
915
9638
5918
8695
919
920
3316
7062
923
3523
925
926
341
928
1924
930
3175
2822
933
934
6294
1707
2187
5780
939
940
955
942
1466
9916
945
306
4686
948
9420
950
951
952
953
9120
7795
956
957
958
959
960
1896
962
4122
9045
965
966
3023
968
4373
970
6420
160
973
4845
975
976
977
4488
4972
980
981
829
1143
5411
2373
986
987
988
4732
990
991
1669
1878
3213
995
9352
997
998
8033
1000
9017
1002
1003
1004
1005
586
1300
1008
1009
1010
1011
3414
1013
70
1015
1016
1017
1018
1019
1492
1021
6023
1023
1024
1025
6579
9605
9142
2793
1030
1031
1032
1461
7627
1035
2866
1037
1038
1039
4960
4717
1042
5883
3460
5573
7784
4109
5226
3469
3311
1051
1052
9550
1054
174
1056
1057
1058
4185
1060
5476
1062
1063
7544
1065
1066
1067
2310
1069
1070
1071
1072
1073
147
1501
1076
1735
3409
1079
1080
5184
1082
4343
1084
1085
7480
1087
3168
5148
1090
6969
8054
8999
5790
1095
1096
1097
1098
1099
6662
1458
1102
1103
1104
2118
1106
1107
4744
1109
1110
8840
1112
1113
1114
1115
786
1117
1629
1119
8355
1121
7857
1123
3903
1125
5854
1127
1128
1129
1130
1131
1566
1133
5318
1135
1136
1137
2383
8959
1140
1028
1142
983
2693
6996
1146
1147
1148
2842
1150
2934
1152
8347
6885
4240
1156
4633
1158
7028
7548
1161
1162
1163
7236
4351
9575
1167
1168
1530
1170
1171
7211
8945
7510
9412
1176
1177
1178
1179
5165
804
4437
1183
3650
7376
1186
6610
8053
4004
7074
9191
1192
8407
1194
9588
2631
3691
5233
1199
1200
1201
1202
1203
1204
9198
1206
1207
1208
8500
1210
7304
1212
2515
1214
1215
1216
9126
1218
1219
1220
2638
1222
1223
4455
3010
542
7447
1228
8119
1230
1231
1232
1233
5207
1235
1236
1237
5880
1239
801
1241
1242
7438
8989
9026
1246
1247
1248
5153
4560
1251
1252
64
7221
1255
5114
7773
8618
1259
1260
3109
7392
5242
1264
1265
8325
1267
1268
1269
5569
1271
9305
6987
8815
1275
2926
1277
7989
9799
4861
3090
1282
9904
1284
5512
3490
1287
1288
1289
8387
99
4784
1293
9315
1295
9553
1297
1298
2022
1007
1301
9528
7787
8636
1305
2146
1307
7498
9211
1310
1311
4187
7050
1314
1315
1316
7936
1318
1319
1320
1321
1322
1323
3708
1325
1326
4691
1328
6983
1330
4825
1465
1333
1334
2141
1336
1337
5159
1339
1340
1341
1342
1343
1344
1345
4491
1347
4012
1349
1350
1351
1352
4160
1354
4145
6507
1357
1358
324
5589
1361
1362
133
1364
1365
1366
1367
1368
1369
1370
1371
7631
1373
1374
1375
1376
1377
1378
7561
7557
5296
8467
1383
1384
9524
1704
1387
1388
1389
1390
6192
1392
4508
8080
1395
8527
1397
4470
5521
1400
1401
1402
1403
367
8641
1406
1407
7296
1409
6479
1411
3042
1413
1414
2703
6132
6917
1565
1419
6367
1421
1422
1665
1424
901
1426
1427
1428
5905
8251
1431
1432
1433
1434
7781
75
1437
1438
2739
718
300
5447
8373
1444
1445
1446
1447
5032
1449
531
8402
1452
1453
1454
1455
1456
1457
8926
6320
1460
1033
6195
6086
9606
1332
3522
1467
8998
2021
4511
4009
1059
978
1843
1475
1610
1477
1478
3544
4577
1481
5782
8068
7186
4933
1486
6177
1488
7927
3890
1491
1020
250
1494
1495
1496
4483
2483
9736
1500
7992
1502
6766
3895
1505
1506
1507
5665
7495
1510
8157
1512
1513
1514
1515
1516
1517
2192
1519
1520
6380
1522
9111
725
1525
1526
8494
1528
6096
8277
1531
1532
1533
8482
1535
1536
1537
8492
9984
1695
1509
1542
3867
1544
1545
1546
2763
1548
9794
9535
1551
1552
1254
1554
1555
7958
1557
1558
6935
1560
1561
4762
7308
1564
1418
1132
1567
1568
1569
1570
2611
6501
1573
1574
1575
1576
1577
1578
1579
1580
1581
8672
1583
9792
7880
9552
5062
1588
1589
2753
1591
1440
7949
1594
8288
235
1597
1598
1599
1600
1601
1190
9924
1604
1605
9632
1607
1608
9415
1476
1611
3843
1613
1614
2901
4102
6895
1618
1619
1620
6585
3560
2028
1624
9351
3967
4837
1628
154
2407
1631
1632
1633
5332
1635
8197
5895
8113
1639
989
1641
1642
9393
4692
6904
4384
1647
1648
1649
1650
6593
7898
1653
1654
5111
1656
761
5844
1659
6418
1661
1662
4806
1664
1423
1666
1363
1668
992
8923
5444
1672
4835
1674
1675
7027
1677
1678
8562
9128
1681
1682
1683
1684
8897
1686
1687
2268
7514
6755
1691
1692
1693
5191
1430
1696
1697
5446
7464
6376
9087
1702
9402
891
1705
1706
936
1708
1709
1710
2012
6106
1713
1714
1715
8592
1717
1718
1719
1720
1721
1722
1723
5295
3285
1726
1727
8433
1729
1730
2017
1732
1733
7293
4601
1736
1737
1738
1739
1740
924
1742
7873
1744
6040
261
4035
1748
1749
7665
1751
1752
6980
4548
9589
1756
3875
4519
1759
1760
1761
1762
1763
5430
1765
1766
1767
1768
1769
1770
9497
1772
1773
1774
6797
1776
1777
2429
1779
3567
825
2197
1783
8526
1785
1786
6034
1788
3632
5714
1791
8901
5608
1794
1795
8079
1797
1798
2263
1800
1801
2188
1803
8578
1805
3304
1807
1808
1809
1810
1811
4487
4124
1814
1815
1816
1817
1818
9371
1820
1821
3797
3095
5967
4998
1826
7606
3434
1829
444
6594
8156
1833
1834
1835
4789
1837
1838
1839
8486
5675
7193
1474
9907
310
523
2353
1848
4371
1850
4517
2676
7053
3733
1855
1856
8541
1780
683
9623
7459
4547
1863
1864
1865
9442
449
1868
9981
6962
1871
5831
1873
8814
5354
3153
150
67
1879
205
1881
2557
1883
1884
1885
1886
2863
2010
1889
1890
1891
1892
2019
248
1895
2878
1745
1898
8132
3872
1901
1068
1903
4292
1905
9461
4860
2555
7091
1910
1911
5194
1913
1914
1915
1916
7195
1918
1919
1920
1921
8573
1923
9709
5787
1926
8189
1928
1929
1930
1931
1932
1933
1934
1935
1936
1937
1938
1908
3205
3281
2813
5715
2152
6592
4235
3221
1381
1949
1950
1951
1952
1953
1954
9501
9835
3096
1958
1959
1960
1961
1962
1963
5992
1965
2914
1967
1968
1969
4882
5306
1972
1973
9332
2450
1976
1977
1978
9154
1980
1981
6723
1983
4203
1985
7672
1987
3284
1989
1990
140
1992
6276
536
1995
9022
1997
5794
1999
2000
6225
2568
1590
2004
4069
7919
2007
2008
2009
3118
2011
7428
2013
2014
2015
9832
1731
2018
1893
2034
8730
6542
1799
2024
4480
1091
2700
1623
2029
5806
2031
8639
6703
2612
2035
2036
9526
2038
2039
2040
2041
2042
4275
2586
5475
658
2047
4014
5600
2050
5107
2052
2053
2054
2145
2056
5034
2058
2059
2060
2061
2062
2063
2064
2065
2066
2067
2068
2069
5539
2071
7372
2073
3415
2699
1317
843
2078
2079
1660
2081
2082
6887
2903
2085
2086
2087
2088
2089
5316
482
2092
2093
2094
9778
2096
1764
2098
7215
2100
2101
2102
2103
7552
2105
5288
10
2108
2109
9141
2111
2649
2113
6008
8643
2116
6377
9935
2119
7213
2121
2122
2123
2124
2125
6172
7887
2128
2645
2130
2131
2132
2133
2134
2135
1464
2137
2138
2139
2140
6425
8186
5504
2144
6496
6281
2147
2148
2149
6670
2151
5323
4542
2154
2155
2156
2157
2158
4909
2160
350
5335
1294
6574
2565
2166
2167
5015
2169
2170
2171
5485
2173
109
2175
2176
2177
2178
2179
2180
2181
2997
2183
2184
2185
2186
9966
322
2189
2190
2191
1518
731
4177
2843
5366
1782
2198
2199
935
2201
2202
8922
2204
2205
2206
2207
2208
2209
876
6175
2212
5764
2214
3269
3913
2217
5689
2219
8675
707
2222
1360
3081
2459
2226
4358
4196
2229
42
2231
2232
9321
1173
2235
7016
971
4006
7483
2240
2241
2242
7501
2244
2245
2246
2247
2248
2694
8401
7300
2252
2253
2254
2255
9320
2257
2597
8055
8671
2261
2262
2023
7329
2265
3444
3698
5150
6372
49
2271
2272
2273
2274
4360
2276
2277
2278
1172
2280
4237
6219
9626
2284
2285
2286
2287
2288
2289
8244
2291
2292
2293
2294
7144
8395
2297
3651
2299
4522
8134
5483
2303
2304
6358
7454
2307
2308
8761
1902
2311
3713
7853
4271
2315
4620
2317
2318
2319
2320
2321
806
2323
3009
2325
2326
2327
535
9511
589
8605
9872
2333
2334
2335
2336
2337
2338
2339
3679
466
2342
2343
2344
5136
2346
2347
2348
2349
2350
2351
2352
1847
1859
2355
2356
2357
9725
621
2360
3952
8566
4356
2364
2365
2366
1982
8246
2369
375
3066
2372
4625
2374
8499
5731
2377
2840
2379
2380
2381
2382
1439
2384
2385
2386
2387
1029
2389
2390
4412
1596
2393
2394
2395
2396
7599
909
2399
2400
2401
2402
2403
2404
2405
2406
6892
2408
2409
2410
3704
2412
7439
3428
8904
6214
2417
2418
8418
2420
5949
2422
3306
2424
2425
2426
281
9983
1778
8435
2431
2432
2433
9310
5030
2436
2437
4673
2439
4017
6623
8334
3656
7566
2445
2446
8289
5370
4321
8583
4985
2452
2939
2454
2455
2456
5631
2411
3883
2460
2461
2462
1462
2464
5786
8286
2467
2468
8298
2470
2471
2472
2473
4367
2475
6967
5004
4613
2479
2480
9676
7570
7836
2484
2485
2486
2487
2488
2489
1372
2655
2492
2493
2494
2495
2496
2952
5885
2499
8381
2501
2502
2503
4541
2505
2506
6045
6189
2509
9834
2511
524
2513
2514
1213
6301
136
6767
2519
2520
2521
2522
2523
4844
2525
7704
8816
4303
2529
2530
2531
7698
2533
2534
8102
2536
2537
9720
2539
2666
498
5991
2543
2544
4451
9590
2547
2548
2549
2550
2551
2552
2553
2554
8984
2556
1882
2558
6046
184
5873
2562
7990
7043
2084
9639
4709
5563
2569
2570
2661
4750
2573
2574
2575
6163
2577
2578
2579
2099
2581
3027
2583
2584
2585
4729
2587
2588
3935
2590
2591
2592
2593
7442
3173
795
2258
2598
6256
2600
7088
2602
5274
2604
2605
1734
2607
2608
882
2610
1571
4363
2613
2614
2615
2616
6896
2618
6536
2620
2621
2622
9698
1587
2625
2626
2627
3868
2629
6805
1196
2632
2633
2634
2635
2636
6461
1221
2639
2640
6853
2642
2643
2644
2129
4592
2647
2648
7494
2650
2651
7152
2653
2654
2491
4767
7264
2658
2659
2660
5896
5773
2663
5797
2665
2733
8265
5420
2669
2670
294
3611
6429
9145
2675
3566
2677
2678
2679
2680
2681
2682
2683
2684
9422
496
2687
2688
2689
2690
2691
2692
4766
2249
2314
2696
5693
2698
7101
6597
2967
1469
5853
2704
4286
2706
2707
2708
575
6519
2711
2712
2713
2714
2498
2716
2717
7441
717
2720
1595
4950
2723
2724
2725
4965
8073
2728
2729
7707
8151
9971
5653
2734
2735
7094
2737
9898
1138
2740
2741
2742
5092
3815
2745
2746
2747
2748
2749
2750
9988
7955
4639
2754
6230
2756
2757
5911
5234
176
7169
2762
818
521
2765
2766
2767
5900
2769
2770
2771
9701
2773
4704
189
9995
1636
2778
3628
4178
2781
2782
3198
1278
5531
9823
5861
2788
2789
2790
7614
331
2388
2794
2795
9028
56
2798
2892
2800
2801
9758
6169
8030
2805
3012
161
2808
4294
2810
2811
2812
6773
2814
2815
9485
2817
2818
3542
213
2821
1593
2823
5458
2825
2826
271
9692
3672
2830
8095
2832
2833
2834
2835
9254
2443
2838
2839
8608
2841
1149
9364
867
2845
2846
2847
2848
4467
3814
2851
2852
2853
2854
6681
2856
2857
6920
2859
2860
260
7015
1398
2864
3789
1036
2867
2868
2869
561
2871
9079
9949
7497
7313
2876
5014
6923
8670
4260
4664
2882
5622
5342
2885
2886
6641
2888
9641
4811
2751
8852
2893
5962
9814
2896
2897
2898
2899
1888
9245
2902
2165
2904
2905
6828
2423
3568
3214
2910
2911
2912
6583
1966
5935
2916
3088
3336
2919
2920
6860
2922
2923
1658
2925
5811
2927
2928
2929
5379
5588
4414
2933
8023
2935
2936
2937
2938
5063
2940
9011
4822
2943
9793
2945
2946
2947
1828
2949
2950
2951
6503
2953
2954
7786
2956
2957
2958
2959
2960
2961
122
2963
2964
2965
2966
2701
2968
9554
9518
2971
2972
2973
2974
7626
2976
7731
3900
2979
2980
3143
2982
6741
2984
2985
173
2987
2988
2989
2990
2991
2992
6517
389
2995
2996
6760
2998
9147
569
3001
6667
7389
3004
2449
3006
3007
8493
6692
1225
7035
2806
1584
5428
3015
3016
3017
854
6024
8032
3021
3022
7129
7763
8770
7598
8777
3028
479
5673
5026
5597
7774
3034
3035
3545
7765
3038
756
2542
6864
1832
3043
3044
8606
3046
9431
3546
3049
5785
4461
3751
3053
3054
3055
3056
3057
3058
152
3060
3061
5691
3063
6738
9889
2371
3067
3068
3069
3070
1262
3072
3073
5526
360
7026
8434
3078
5050
3080
2224
3082
3083
3084
3085
3086
3772
8808
489
1281
4728
3092
3093
3094
1823
6094
3097
3098
3099
3100
3101
3102
3200
8929
1547
3106
3107
305
3612
3110
3111
6694
3113
3114
3171
3116
3117
757
7341
3120
9340
3122
3123
3124
7942
3126
3127
9003
3129
3130
4739
3132
363
3134
3372
3136
6357
3138
3871
3140
3141
3142
635
3144
3145
3146
3147
3148
7644
760
3151
4705
9058
7520
8972
3156
3157
3158
3159
8238
3161
3162
6113
3579
3165
3166
3045
1285
6035
3170
3115
3172
3910
3174
4169
5496
1609
3178
4046
3180
3181
3182
3183
6014
3185
3186
3187
3188
3189
3190
3191
3192
3193
335
3195
3196
3197
2783
3217
3103
3201
3202
3203
93
8137
2993
7612
3208
3209
3210
3211
7130
2497
2909
5536
3216
3617
4043
3219
3220
1947
3222
3767
3224
9803
3226
3227
3228
3229
3230
3231
2005
7809
9418
3235
6991
3237
3238
3239
3240
2428
3242
3243
3244
3245
3246
3247
246
3249
7851
9508
3252
3253
7978
3255
4579
3257
3258
3259
3260
3261
3262
3263
3264
4429
3266
3267
3268
2215
7022
7338
3272
3273
3274
104
3276
3277
3278
902
1970
7181
3598
4486
1988
151
8696
3287
3288
3289
3466
3291
3292
3293
1556
3295
3296
503
2942
1116
3300
3301
3302
3303
1184
8428
2312
2872
3308
8218
3310
9646
3312
3313
3314
3315
921
3627
3077
3319
3320
8438
3322
7286
3324
9841
3326
9093
3328
5633
6402
3331
3332
3333
4843
3639
7996
3337
3338
3339
3340
3341
3342
3343
3344
3345
3346
3347
3348
3349
7066
3351
9073
3353
3354
3980
5124
3357
3358
6052
3360
3361
3362
3363
3364
3365
3366
3367
6265
3369
6407
5635
3135
3373
4597
4883
2672
8924
3378
8593
4394
3381
7108
3383
7744
7807
3386
3387
3388
9664
7654
3391
6248
3393
3394
3395
3396
3397
3398
5273
2500
2890
3402
3403
3404
3405
842
1245
7790
1078
3410
3411
3412
3946
1012
2074
3416
3417
3418
3419
3420
3421
8714
6424
3424
579
7237
7891
6104
3429
3430
8123
9163
3433
2948
3435
3436
3437
3438
3439
3440
3441
2524
9700
2266
3445
5858
5701
3448
3449
3450
7866
3452
8990
3454
3455
6289
3457
784
3459
1845
7004
491
8881
299
3465
3290
7568
3468
6557
3408
7033
8336
3473
3474
4676
9190
3497
3478
439
7146
38
9225
3483
6299
4256
3486
3487
8759
318
4239
9592
9534
3493
6331
9591
3496
4556
3498
7115
2809
4682
3502
3503
3594
3505
3506
3507
3719
3509
3510
7871
3512
8371
124
3515
3516
4150
3518
6208
3520
9761
943
1741
3524
3525
3526
3527
3528
3529
9786
3531
3532
3533
3534
72
3536
3537
3538
2977
3725
7492
3133
3543
1479
3036
3048
8016
3548
8353
3550
6638
3552
3553
3233
3555
3556
3557
3047
7273
7769
3561
3562
3563
9598
2330
1852
1858
5616
3569
2702
3571
3572
3573
2332
7657
3576
3577
3578
7178
5840
8003
787
3583
3584
3585
6998
3587
3588
8385
3590
3591
4779
3593
8393
6696
3596
3597
3282
3599
7350
3601
3602
3603
3604
262
3535
8572
3608
4756
2182
4873
7676
3613
3614
68
9699
3199
3618
3619
3620
3621
3622
4345
3624
5258
3626
3317
9005
5926
5734
4814
1789
3633
4866
4880
974
3637
6607
1508
4070
3641
3642
3643
7893
6976
3646
3647
3648
3649
4816
4716
229
3653
3654
3655
373
3657
191
3659
3660
7641
3662
3663
4346
9171
3690
3667
3668
3669
4550
3671
7823
3673
3674
3675
3676
3207
7530
1189
8460
5891
3682
4516
3684
3685
3686
3385
3688
3689
3666
21
7663
3693
3694
3695
2048
3697
171
3699
4320
4104
7182
4926
2458
501
7003
3707
1324
1993
6961
8343
3712
5601
6751
3715
3716
3717
3718
3508
3720
3721
3845
3723
9522
4913
3726
3727
3728
3729
6215
4081
3732
8240
3734
7054
3736
4336
3738
3739
3740
2836
3742
9572
3744
3745
3746
3747
3748
3749
3750
2879
3752
3753
3754
3755
3756
3757
3758
3759
3760
3761
3762
3763
1111
3765
3766
3223
3768
3769
6778
3771
7812
7534
3774
2775
3776
3777
3778
3779
738
8756
3782
3783
3784
3785
3786
3787
9379
2865
3790
3791
5203
3793
3794
3795
3796
1822
3849
6127
3800
3801
3802
7485
638
3805
2083
3807
3808
3809
3810
6626
1971
3813
1703
5463
9970
3817
6271
6616
1313
3821
3822
164
3824
3825
7077
5759
3828
3907
3830
3670
2392
3833
7176
3835
3836
4623
3838
916
5632
3841
3842
69
3844
6273
9480
3798
3848
3847
94
3851
6435
3853
3854
880
3856
6491
3858
3678
3860
1380
5239
1209
3864
3865
8567
9868
3589
7098
1472
3139
1900
3873
9536
1757
3876
3877
3878
3879
3880
3881
5506
9032
1940
9546
3461
2211
3888
3889
7635
3891
737
1941
3894
47
3896
6816
245
5305
2978
3901
3902
1124
3904
6057
9732
3829
3908
8857
9943
5201
7388
9121
3914
3915
8361
3917
5956
6453
3920
3921
3922
3923
4770
2477
814
7633
3928
3929
6259
3931
4635
10000
691
742
3936
3937
6451
3939
3940
3941
3942
3943
4236
4922
3352
6341
4347
827
3950
448
8431
8022
3954
3955
3956
3957
3958
5144
3960
3961
3962
7224
3964
3965
9220
1626
3968
6657
3970
3971
3972
852
9607
3975
4212
3977
6321
76
3355
3981
3982
3983
3984
2772
3986
3987
1824
3989
3990
3991
3992
3993
3994
7276
3125
3997
3998
7023
4000
4001
4002
4003
6153
4005
2238
4007
4008
1471
4010
4011
7592
4013
7011
4015
4016
2440
3458
7662
743
771
9481
4023
4024
4025
4026
4027
4028
4029
8662
4031
2532
4033
851
6118
4036
4037
4038
4039
4040
3687
9397
5670
4044
178
3179
4047
4048
4049
4050
4051
4052
4053
4054
4055
526
4057
8031
4059
4060
6296
120
4063
4064
4065
4066
4067
4068
3232
3640
6126
7082
7312
7229
4075
4076
4077
4078
4079
1698
3731
4082
4083
9304
4085
4086
3499
4088
4089
4090
4091
4092
4093
4094
4095
1308
4097
3323
4099
4100
7884
7395
4103
3701
4105
4106
8206
4108
2239
7789
4111
4112
7799
1353
4115
4151
4596
4118
9244
4120
4121
4528
9620
1813
4125
4126
1606
6136
961
4130
4131
4132
4133
8569
4135
8873
4137
4138
4139
4140
4141
4142
4143
4144
5798
4146
4147
6914
4149
2999
4116
432
4153
4154
8766
4156
4157
4158
4159
4114
4161
4162
3008
654
4165
6737
4167
50
931
4170
4171
9755
4173
5450
4175
8928
2194
4128
4179
6369
4865
4182
4183
1393
4771
4186
1312
4188
4189
4190
4191
4180
4193
4194
1964
9525
3298
5724
4199
4200
4201
4202
1984
4204
4205
6739
4207
4208
4209
4210
4211
3976
4722
4214
4215
4216
4217
4218
7822
4220
2657
4222
4223
8488
2359
6614
4227
4228
4229
4230
4796
4232
4233
4674
7127
3944
9409
4238
447
8921
4241
4242
4243
4244
4245
4246
4247
4248
5762
4250
7078
4252
5546
4254
5334
3485
4257
4258
4259
2880
4261
530
4263
4264
4265
5518
4267
9367
4269
4270
2695
4272
4273
6714
2043
4276
4277
8384
7963
7444
4281
4282
4283
4284
712
2705
4287
8791
8297
3709
4291
3517
7837
3500
4295
4296
2427
4298
4299
7848
7317
4302
2528
5151
4305
4306
4555
4308
4309
4310
8050
4312
4313
8411
4315
4316
4317
799
4319
3700
3005
4322
8107
1448
4325
4326
4327
4328
7699
5167
4331
2630
4333
4334
7529
9335
4337
4338
4339
5843
4341
6929
1083
4344
3206
3664
3948
4348
4349
4350
1165
620
4353
4354
4355
9952
6547
2227
7821
6139
4361
9382
2020
4364
4422
4366
1279
4368
750
4370
2710
4372
7881
6884
4375
4376
4377
4378
4379
4380
5872
4382
4383
2736
6732
4386
4387
4388
4389
5609
4391
4392
4393
3380
4045
3432
7145
4398
4399
4400
4401
1957
4403
7748
4405
4406
4407
4408
8571
4410
9427
2391
4413
3834
4415
4416
4417
767
4419
5429
4421
4365
2955
6602
4425
4426
4427
4714
4500
4430
4431
4432
4433
5047
1053
8168
1182
4438
4439
4440
4441
4442
4443
4444
4445
4446
4447
4448
7161
4450
4638
9842
4453
4454
1224
7505
5029
4458
4459
9150
7816
4462
4463
4464
166
4466
2849
4468
4469
7010
4471
4472
4587
4474
4475
4476
714
5702
2917
1485
4481
4482
617
7
4485
6843
1812
1473
3184
4490
6803
4492
4493
512
4495
4496
4497
4498
4499
3265
4501
4502
4503
4504
4505
4506
4507
4184
4509
4510
9102
9892
5246
4514
9968
9500
3575
4518
9555
5008
4521
2300
4743
9982
6168
2213
4527
7262
8872
4530
4531
4532
4533
8508
2831
4536
7243
4538
1270
6244
2504
2153
4543
4544
4545
8909
6272
1754
4549
3831
999
4552
4553
4554
4307
9301
4557
6511
4559
1250
682
5856
5181
4564
4565
9918
4567
4655
6089
4570
4571
6952
3423
4574
4575
8179
1480
4578
3256
4580
4581
4582
9253
4584
4585
4586
4473
4588
4589
4590
4591
3003
4593
5434
4595
932
1329
4598
7226
5432
4324
4602
3218
4604
9808
4606
4607
9520
4609
4610
4611
4612
5369
4614
102
4616
8785
4618
7706
2316
4621
824
3837
4624
4119
9040
4627
4628
4629
4630
4631
4632
2106
4634
3932
6072
9233
2545
2003
4640
4641
4642
4643
4644
5079
4646
4647
8097
5643
4650
4651
4652
9800
4654
4568
4656
4657
5552
8115
4660
4661
708
4663
2881
4665
4666
4667
4668
678
6396
4671
4672
8329
4234
4675
3475
4677
4678
4679
4680
7014
3501
7870
9633
5113
4804
4687
7875
7653
4690
8230
6111
4693
5028
5359
4696
6012
4698
4699
6209
3370
4702
4703
7413
964
4706
4707
7257
2567
8446
4711
4712
4713
6918
9173
2298
1283
4718
8040
4720
4721
4213
4761
4724
4725
4726
4727
3091
2044
4730
4984
6287
4733
7946
7445
4637
4737
4738
3131
1157
4741
4742
4523
1108
7160
8946
791
4748
4749
1640
4751
1487
4753
5662
4755
3609
4757
4758
4759
4760
3714
595
4763
4764
4765
7219
2656
4768
4769
8682
8878
4772
4773
5529
4775
5772
7453
4778
4515
4780
4781
4782
4783
1292
6925
382
4787
4867
1836
4790
4791
4792
4793
4794
4795
4231
4797
4798
6432
4800
3443
1825
4803
2837
4805
1663
9521
4808
4809
8224
3401
2070
4813
2895
4815
4420
4817
4818
1234
3924
2526
4197
6765
3623
7620
4826
2001
4828
4829
4830
4831
4832
4833
6716
2744
4836
1627
4838
4839
4840
4841
4842
3334
3442
3636
7944
4847
4848
4849
6084
4851
4195
3581
4854
4855
4856
4857
1874
841
9293
1280
4862
8763
4864
3356
3634
4788
4868
6601
4870
2080
4872
3376
7253
4875
4876
7227
4878
8801
3635
4881
1197
3375
4884
7400
4886
8960
4888
4889
4890
9603
4892
7210
8147
4895
4896
4897
4898
4899
4900
4901
4902
4903
4904
4905
4906
4907
2546
2159
4910
4911
4912
3930
4914
7158
4916
392
4918
4919
4920
4921
6378
4923
4924
9817
3703
4927
6059
4929
4930
4931
4932
2025
4934
2077
2055
4937
4938
4939
4940
8778
1075
4943
4944
4020
4946
4947
4948
9593
2722
5169
4952
4953
4954
7788
8021
2540
4958
4959
1040
4961
4962
4963
7868
9715
642
4967
4968
4969
4970
4971
979
4973
4974
5021
8944
4977
4978
4979
9956
4981
4982
4983
1875
2451
4986
3270
5547
4989
9283
4991
4992
6786
4994
4995
4996
4997
1122
4999
5528
5001
5002
5003
9421
1688
5006
5007
6654
5009
5010
5011
9362
5013
3680
2168
5016
5017
5018
5019
5020
9972
5351
5023
5024
5025
3031
5027
6348
9658
2435
5031
7314
5033
2057
8129
9100
5037
5038
5039
1746
5041
5042
5043
5044
87
5046
2572
5048
5049
3079
5051
5052
5053
5054
5055
5056
2624
5058
5059
6406
5061
3108
2453
5064
778
5066
5067
5068
5069
9946
5071
5072
5073
5074
5075
8663
5077
5078
8229
5080
5081
5082
5083
6284
5085
5086
5087
6360
5089
5090
4423
2743
5093
9333
5095
5096
4314
9487
5099
2889
5101
5102
5103
5104
5105
5106
2051
5565
5109
5110
6955
8169
230
9718
5115
5116
8938
5118
5119
5120
5121
5122
5123
1637
5125
9622
5127
5128
5129
5130
85
5132
9595
5134
4279
2345
5137
5138
5139
5140
5141
5142
5143
3959
6103
7623
5147
5271
5149
4617
4304
5152
1249
5154
5155
9224
5157
180
6566
7360
5161
7764
5163
7343
1180
1198
7048
5168
4951
5804
9020
5172
8741
5174
5175
5176
6708
5178
5179
5180
1728
5182
5183
5216
9594
9913
5187
5188
5189
5737
1694
5192
5193
221
8836
5196
3586
5198
7542
5200
5314
5202
2120
5204
5205
5206
8004
9910
5209
5210
5211
5212
5213
5214
5215
1081
5217
5218
5219
5220
5221
5222
5223
5224
5225
1048
5227
7493
5229
6317
5231
461
8497
2759
5235
5236
5237
5238
3862
1416
5241
7451
5243
5244
6514
9099
5247
5248
5249
5250
5251
5252
2804
5254
4042
5256
5257
3625
5259
783
5261
5262
5263
5264
5265
5266
810
7906
9812
5270
2237
5272
3399
2097
5275
5276
4226
5278
5279
5280
5281
5282
5283
5284
3064
8653
5287
1996
7289
5290
5291
5292
2230
7507
1724
1948
5297
5298
5299
5300
4708
5302
4396
2362
3899
3812
4274
5308
5309
5310
5311
904
5313
3911
5315
6790
3564
1134
5319
912
9866
5322
1944
5324
5325
6149
5327
5328
7587
5330
5331
1634
4734
4255
2162
5336
5337
5989
5339
5340
605
287
5343
8825
4402
5346
5347
5348
5349
5350
3927
5774
5353
5394
5355
2986
4030
5358
688
5360
3169
5599
5363
5364
5365
745
5367
5368
7234
2448
5371
5372
5373
5374
1549
5376
5377
5378
2930
6668
5381
5382
7634
5384
8362
9243
6746
6143
5389
5390
1582
5392
706
4731
5395
5396
5417
5398
5399
5400
2603
5402
7834
5404
4936
5406
5407
5408
7667
5410
984
5412
1792
5414
5415
7883
5304
5418
5419
2668
5421
6009
8994
5424
5425
5426
4662
3014
768
7686
7064
4600
5433
4594
5435
5436
5437
5438
4563
5440
5441
5442
7089
7204
5445
4080
3234
5448
2962
4174
5451
2438
5453
3392
5455
5456
406
2824
5459
5460
5461
5462
1673
5464
5465
5466
5467
5468
5469
35
7926
5472
5473
5474
7668
7092
5477
5478
5479
5837
5481
8613
2302
5484
4107
5486
5487
5488
5489
5490
5941
5492
1657
9125
8681
3176
5497
5498
5499
5500
5501
5502
5503
839
3999
3882
5507
5508
5509
5510
8565
1088
5513
5514
9612
9578
8015
9879
5519
5520
9374
5522
9647
5524
5525
8790
5527
5000
807
5530
2785
8014
6202
5534
5535
3215
5537
5538
4812
5540
7982
5542
5543
5544
5545
1894
4988
777
5849
5550
5551
4658
5553
5554
834
5556
5557
6070
127
5560
5561
5562
44
3696
7839
5566
5567
5568
4539
3951
5571
5572
1045
163
5575
5576
5577
5578
5579
5580
5581
9317
5583
5584
5585
7337
5587
8932
8631
5590
5591
4176
5593
5594
5595
5596
3032
5598
2281
2049
1256
440
5603
5604
5605
5606
5607
3804
4390
1927
7696
5612
9746
5614
8204
2908
285
5618
5619
5620
6068
5892
5623
5624
5625
5626
5627
5628
7282
5630
8939
2397
5100
5634
3371
1443
5637
797
5639
5640
5641
5642
3722
5644
6185
7573
6455
7736
5649
5650
5393
3327
4957
5654
9627
8174
5657
808
5659
5660
8969
333
5663
3549
8740
5666
5667
5668
5669
1849
5671
5672
3030
9897
1841
5676
368
3513
5679
5680
8568
5682
5683
6499
5685
5686
5495
5688
7539
5690
3705
5692
2697
5694
6960
5696
5697
5698
5699
5700
3447
8271
5703
5704
2907
5706
675
8099
2421
5710
5711
5712
5713
1790
6007
5716
5717
5718
5719
5720
6532
5722
3489
4198
5725
5726
5727
5728
5729
9782
9356
4034
7110
3630
9707
3453
5190
9735
5739
5740
5741
5742
1027
5744
5745
5746
5747
2225
8579
5750
5751
6412
5753
5754
5755
5756
5757
5758
3827
5760
5761
3519
5763
4526
664
5766
5767
9751
5769
5770
6489
4776
9472
8025
3462
5776
5777
5778
7271
938
5781
7960
5961
5784
6335
242
626
5788
9048
7730
5791
5792
5793
6886
5795
5796
2664
3806
5799
5800
5723
469
5803
2900
5805
2030
5807
5808
7167
5810
2779
5812
5813
5814
5815
6069
9991
5818
5819
5820
5821
6471
5823
5824
5825
5826
5827
5828
9216
5830
2033
5832
5833
9258
9930
326
5480
5838
5839
8333
5841
5842
8426
2924
5845
5846
5847
5848
5549
5850
9568
443
1415
1126
5855
4562
418
3446
5859
8211
2787
8757
7349
5864
325
5866
2512
413
5869
5870
5871
473
2561
5874
5875
5876
7354
5878
9714
1238
5881
7737
1043
5884
6326
5886
5887
5888
5889
5890
3681
2883
6740
5894
9273
2571
5897
8105
7512
7128
5901
8258
7417
5904
1429
5906
7075
5908
5909
5910
2758
5912
5913
6954
8542
5916
5917
917
5919
5920
5921
6660
5923
5924
5925
3629
5927
6774
5929
5999
5931
5932
5933
117
4385
5936
3033
6498
5939
5940
6260
5942
5943
5944
5945
5946
5947
5948
5709
9710
8346
967
5953
5954
5955
3918
8713
5413
5959
5960
5783
9652
685
5964
7190
5966
3988
5968
5969
5970
5971
5972
5973
5974
5975
8532
5977
5978
5979
6808
5981
4460
1877
5984
5985
5986
5987
5988
1991
5990
6098
1303
8906
5994
5995
2474
5997
5998
2441
9494
6001
6002
6003
6004
8312
6006
1943
2114
5422
2142
6011
4697
6013
5387
6015
6016
6017
6018
9712
6020
6021
7381
1022
1793
6025
6026
6027
6028
6029
6030
6031
6037
6033
856
963
6036
6032
7322
6039
8287
6041
6042
8544
6044
9115
6605
6047
6048
6049
6050
6051
3359
6053
8089
6055
1191
3905
5245
4928
9945
3979
3645
6063
6064
793
9380
1994
1338
5816
5558
6071
4636
6073
8282
6075
6076
6077
6078
6079
329
6081
9608
6083
4850
629
8185
6108
7830
257
8809
6091
6092
7973
5345
6095
4683
6141
3040
6099
6100
6101
6102
5145
9989
6105
1712
6107
9986
6109
6110
1644
6112
3163
6114
6115
6116
8292
9238
6119
8829
6121
6122
9414
6124
8724
225
3799
7397
6129
8738
6131
878
6133
6134
6135
9900
6137
7778
2275
6140
6097
6142
7858
8253
6775
6146
6147
6148
5326
6150
4041
6152
2340
3026
6155
6156
6157
6158
388
6160
6161
6162
8274
6164
6165
7586
6167
3826
8679
6170
6171
2126
6173
6174
3934
6176
4752
6178
6179
167
6181
6182
2764
6184
5645
6186
6187
7705
2508
6190
6191
9279
2016
8736
9466
9176
6197
6198
6199
6200
6201
5533
6203
6204
5965
8974
6207
5341
4700
6210
6211
6212
8155
1524
8135
6216
6217
9489
2282
6220
6221
6222
8845
6224
9920
6226
8762
6228
6229
9821
6231
6232
6233
7471
6235
6236
6237
6238
3294
7531
6241
6242
9416
4540
6245
7892
6247
5454
6249
6250
7292
6252
9240
6254
6255
2599
6257
6258
8635
5491
6261
6262
9660
6264
3368
6266
6267
6268
6269
6270
1857
1862
4649
6274
6275
8648
6277
6278
5983
6280
2829
6661
6283
1118
1586
6286
6563
6288
3456
6290
6291
6292
6293
2200
2802
4061
6297
6298
3484
6300
609
6302
6303
1272
6305
6306
6307
2143
6309
6310
434
6312
6313
7793
6315
6316
7678
7646
6319
7524
657
6322
6323
6324
6325
6504
6327
875
3002
7076
6533
9108
6333
6334
7688
6336
6337
6338
6339
6340
3947
6342
6343
6344
6345
6346
6347
4694
308
6350
6351
6352
6353
6354
6355
6356
3137
2305
6359
5098
6361
6362
6074
6364
3105
6366
1420
6368
4192
9124
5301
2269
9825
3104
6375
1700
2117
3945
9903
982
6117
6382
6383
6384
6385
9706
4096
6388
6389
7889
6391
6392
6393
6394
6395
4670
6397
6398
6399
6400
6401
7863
3644
8489
6405
5173
4701
6408
6409
6410
6411
5752
6413
6414
6415
7808
6417
4871
5088
7095
6421
3062
6423
4573
5822
6426
6427
6428
2673
6430
6431
4799
6433
4935
4941
6436
6437
6438
6439
6440
6441
9471
4801
6444
6445
6446
6447
8278
6449
6450
3938
6452
3919
6454
4877
6456
6457
6458
3514
6460
2637
6462
6463
6464
6465
6466
6467
6468
6469
6470
1335
6472
9056
1796
6475
6476
6477
2112
1410
6480
6481
6019
6483
6484
8783
6486
6487
6488
716
6490
3857
4136
6493
6494
6495
5405
6497
196
5684
6655
7565
6502
5285
59
7911
5738
1356
6508
6509
9830
4558
6512
7175
7669
6515
6516
4824
6518
2994
6520
4659
6522
6523
6524
6525
6526
6527
6528
6529
6530
6531
5721
1621
6534
6535
2619
6537
6538
6539
6540
6541
1299
6543
9041
6545
6546
9844
6548
6549
2873
6551
5131
6553
8978
6555
6556
5240
6558
6559
6560
6561
6562
5012
6564
6565
863
6567
6568
9453
6570
6571
6572
6573
8853
6575
6576
8988
6578
1026
4206
6581
6582
2913
6584
5860
6586
6587
6588
6589
6590
6591
241
3472
6824
6595
6596
2027
6598
6599
4084
7318
4424
6603
6604
2478
6349
3638
6608
6609
1187
6611
6612
6613
5277
6615
3819
6617
800
6619
5133
6621
6622
5930
6624
6625
3811
6627
6628
6629
6630
2110
6632
6633
6634
6635
6636
6637
3551
6639
6640
2887
6642
6643
6644
6645
6646
746
6648
6649
6650
6651
6652
6653
4719
5687
6656
7508
9556
6659
5922
6282
1100
4599
6664
6665
907
6735
6705
6669
2150
6671
6672
6673
6674
6675
6676
6677
6678
1986
6680
2855
6682
890
492
6685
6686
6687
1089
6689
6690
6691
2324
6693
8953
6695
3595
6697
278
6699
6700
7876
699
1872
4821
8386
6706
6707
5177
6709
6710
8982
6712
6713
5307
6715
9488
6717
6718
6719
3384
6721
7965
2367
6724
647
6726
6727
6728
6729
6730
6731
2915
6733
6734
6329
6736
4166
8705
6580
5893
2983
6742
6743
6744
6745
7845
6747
6748
6749
6750
4964
6752
6753
6754
1690
3773
2731
5852
9610
2196
6761
6762
6763
6764
8788
1503
8898
6768
6769
6770
6771
6772
1497
5928
6145
6776
6777
3770
6779
6780
6781
6782
6783
6784
6785
175
6787
6788
6789
2090
6791
6792
6793
6947
7285
6796
9752
6798
289
7424
6801
1304
5647
9882
4332
7670
6807
5980
6809
3155
4520
279
3600
6814
6815
2828
6817
1258
6819
6820
6821
8709
6823
309
6825
6826
6827
2906
6829
8172
6831
994
6833
6834
6835
6836
6837
380
6839
6840
6841
6842
3283
6844
6845
6846
2469
9750
6849
6850
2516
6852
2641
7601
9271
698
6857
6858
6859
2921
6861
6862
6863
3041
6865
6866
6867
6868
6869
6870
6871
6872
6873
7739
8215
4710
6877
6878
6879
6880
4134
894
6883
4374
37
2370
1355
6888
6889
6890
6891
1630
9587
6894
1617
9901
6897
9387
6899
6900
6901
6902
1899
1645
3780
6906
6907
6908
6909
6910
6911
9018
6913
4148
6915
6916
1417
266
6919
2858
985
6922
4129
565
9430
9470
6927
7410
4342
6930
7655
9543
6933
6934
1559
6936
6937
6938
6939
6940
6941
6942
6943
9873
6945
6946
6794
6948
9275
6950
6951
4572
6953
727
1655
6956
9838
6958
7779
5695
3710
1870
6963
5564
6965
6966
2476
6968
2026
913
6971
6972
8198
6478
625
353
6977
6500
8830
1753
6981
6982
4754
6984
6985
547
1273
6988
6989
816
3236
6992
103
9385
6995
1145
6997
5197
6999
7000
7001
7002
3706
1543
7005
8760
1942
6698
7009
5312
6964
7012
3071
475
2862
2236
7017
5903
7019
3816
7021
4987
4645
7024
8219
4834
5789
7721
7029
7030
7031
7032
3471
7034
4785
7036
7037
6038
7039
7040
7041
7042
2564
7044
7045
7046
7047
4330
7049
3820
7051
7052
1853
3735
7055
7056
7057
8687
7059
7387
7061
922
7063
615
2730
3350
7649
7068
7069
6893
6159
22
7073
6544
5907
1290
4525
4251
7079
7080
7081
4072
7083
9887
7085
7086
7087
2601
5443
7090
1909
5397
1391
8743
2884
7096
7097
544
9473
6314
2075
7102
7103
7104
9859
228
7107
3382
7109
7607
2791
107
7113
7114
4087
7116
7117
7118
7119
7120
7121
7122
7123
4073
1851
7126
55
4181
9311
8832
7131
7132
7133
7134
7135
7136
1261
7138
8285
5228
7141
397
7143
2295
4397
4917
7147
7415
7149
7150
7151
2652
8376
5091
7155
7156
7157
4915
7159
4745
4449
7162
3886
8827
7165
7166
4
302
2761
7170
1784
614
7173
7174
3479
2932
7177
3164
7179
3933
8611
576
7183
7184
7185
1484
7187
8007
7189
6205
7191
9194
587
7194
4123
7196
7197
7198
7199
7200
7201
7202
7203
1671
7205
8908
7207
7208
7209
4893
8585
7212
3792
7214
3658
7216
7217
7218
1144
3390
1553
7222
7223
3963
212
5732
1346
7228
4074
9433
7231
580
1781
2559
1291
1164
3426
8702
7239
7240
4626
4820
1470
7244
7357
7246
9874
7248
7249
9322
7251
7252
9061
7254
7255
7256
9781
7258
7259
7274
7261
9035
3974
4221
7265
7266
7267
7268
7269
7270
5779
7272
3559
7260
9958
3995
7277
7278
7279
7280
7281
5629
7283
7284
7817
3025
6903
7288
5289
4352
7291
6251
3194
7294
7295
1408
7297
7298
2203
2251
7301
7794
7303
1211
1904
7306
7307
8284
517
7310
7311
7124
2875
8539
7315
7316
3906
4869
7319
7320
7321
3582
7323
3480
7325
7326
7327
9816
2264
7330
7331
7332
7333
7334
7335
7336
5586
3271
7339
7340
3119
7342
5164
7344
7345
7346
7347
2510
5863
7780
7713
9162
7353
5877
7355
7356
7245
7859
7359
5160
7361
7362
7363
7364
7365
5879
7367
7368
3309
7370
8522
2072
2507
7374
7375
1185
7377
7378
3818
7380
6022
7382
7383
7384
3677
7386
7060
3912
3893
7390
4262
7013
7393
7394
8691
7396
23
7398
7399
4885
7401
7402
5511
7404
7405
7406
8880
7408
9914
773
7411
7412
2774
7414
7148
8561
7018
7418
7419
7420
7421
4457
7423
6800
7425
7426
7427
1711
7429
7430
7431
7432
7433
7434
7435
7436
7437
1243
1758
9092
2718
2594
7443
4280
8684
7446
1227
7448
7449
7450
1263
7452
8509
2306
7455
7456
7457
7458
1861
7460
7461
7462
7463
1699
7465
9538
7467
7468
7469
7470
6234
1956
7473
7474
7475
7476
7477
7478
7856
442
7481
7482
1047
7484
3803
7486
7487
7488
7489
5146
7491
7348
844
8843
1541
7496
2874
6387
7499
6442
2243
7502
7503
7504
4456
8276
1955
3521
7509
5471
7511
5899
7513
1689
8634
7516
7517
7518
7519
3154
7521
7522
7523
8202
7525
7526
7527
7528
8029
3859
1276
7532
7533
8577
7535
7536
8504
7538
7416
7540
7541
317
7543
1064
7545
7546
7547
1160
7549
7550
7551
2981
7553
7554
7555
7556
7263
7558
7559
8404
1379
554
947
7564
1572
1309
7567
3467
7756
893
3926
7572
7975
7574
7575
7576
7577
7578
7579
7580
7581
7582
7583
7584
7585
6166
779
7588
7589
8417
7591
1348
9798
6905
7595
7596
7597
8590
3840
7600
8035
7602
7603
7604
7605
36
6285
5982
7609
9539
2006
6898
7613
6618
7615
7616
7617
7618
3494
1331
7621
7622
9359
7624
9008
2975
1034
7628
5655
7630
8886
7632
5022
5383
1490
7636
7637
7638
7639
7640
9363
7642
7643
3149
7645
870
9963
7648
7067
101
8164
9049
62
7220
9476
7656
7125
7658
7659
7660
9765
220
3692
7235
1750
7666
5409
2045
4777
2482
8862
9042
7673
7674
7675
8299
7677
5230
7679
7680
7681
7701
7683
7684
7685
5401
7687
3481
7689
7690
7691
7692
7693
8674
7695
5611
7697
1563
4329
9756
7682
7702
3869
6704
6188
4619
234
3307
311
6928
7711
2609
7351
9990
7715
7716
7717
7718
7719
7720
207
7722
7723
7724
7798
7726
7727
7728
7729
9297
3539
7732
7733
7734
7735
5648
5882
7738
6874
7740
7741
7742
3850
6720
7745
7746
7747
4404
7749
7750
7751
7752
7753
7754
7755
754
7757
7758
398
7760
7761
7762
1603
5162
2563
7766
7767
7768
1622
7770
7771
7772
7931
9443
7775
7776
7777
6138
6128
1101
4858
7782
7783
1046
7785
7571
4852
6043
3018
3470
7791
9843
7100
7302
941
7796
7797
7725
4113
7800
7801
9581
826
7804
7805
7806
3661
6416
3554
7810
7811
9031
7813
7328
7815
3051
6795
7818
7819
7820
8110
4219
5439
8208
7825
7826
7827
7828
7829
8327
7831
9566
7833
5516
7835
1498
4293
7838
2816
1499
7841
7842
7843
9153
4489
7846
9353
4300
9507
7850
3250
7852
2313
7854
8210
7479
3177
5388
7358
7860
6830
7862
3330
7608
7865
3451
7867
4723
7869
1529
3511
7872
9077
2413
4688
6701
7877
7878
7879
1585
3925
7882
5416
4101
7885
7886
2127
7888
403
7890
3427
6246
9082
7894
7895
7896
7897
1652
7899
7900
9399
7902
7903
7904
7905
5268
7907
7908
7909
7910
5156
7912
8262
9288
7915
1616
7917
7918
4736
7920
7921
7922
7923
7924
7925
194
1489
7928
7929
7930
1257
7932
7933
7934
7935
2076
7506
7938
7939
7940
7941
3996
7943
6688
7945
5333
7947
7948
4117
7950
7951
7952
7953
7954
2752
7956
7957
6239
7959
1482
634
5958
5952
6403
1055
7966
7967
7968
7969
7970
7971
7972
4369
7974
3052
7976
7977
3254
2596
7980
7981
5951
9523
7984
789
159
7987
7988
2784
3037
4290
4942
7993
7994
9601
4058
7997
4163
7999
8000
8001
8002
4853
9727
8005
8006
7650
8008
2466
8010
759
8012
8013
5532
5517
3547
8017
6243
8019
8690
4956
3953
6332
8024
5352
8011
8027
6363
4335
5253
671
3020
4551
8034
1435
8036
8037
550
8039
6811
8041
8042
8043
8044
8045
612
8047
8048
8049
513
8051
8052
1188
1092
2259
1806
8163
8058
8059
8060
8061
8062
741
8064
8065
5391
8067
181
8069
8070
8071
9027
2727
3121
8075
8076
8077
8078
6474
1394
8081
8082
8828
4168
8085
8086
8087
5232
6054
8090
8865
8092
8093
9039
9280
169
8302
8098
650
8100
8101
2535
4746
8104
8474
8106
663
8108
8109
4359
8111
3476
1638
8114
336
869
8117
8118
377
8120
8121
7164
3431
8124
8125
9787
8127
1077
5035
8130
385
7287
8133
2301
3730
8136
3764
8138
8139
8140
6932
8142
8143
8178
8145
8146
4894
8148
7998
8150
6060
8152
8885
8154
6213
1412
1511
8158
8159
8160
8161
8162
8057
7651
8165
8166
8167
4436
5112
8170
8171
7861
8173
5656
8175
892
8177
8144
4576
1253
8275
8182
8183
885
1463
9331
8187
8188
5610
8190
6422
8192
8193
8194
7247
8196
2777
6183
8199
1540
9469
1459
8203
5615
8205
2172
8207
7824
8209
8934
2931
8212
8213
8214
3279
8216
8217
4949
7025
2002
8221
3389
8223
4289
8225
5338
6000
8228
5505
1327
3897
9183
8233
8234
8842
8236
8237
3160
8239
8304
8241
8242
8243
2290
8245
2368
8247
7814
8249
8250
8200
8252
6144
8254
8255
8256
8257
4019
881
8806
1195
7913
9467
8264
2667
8266
8267
4529
5829
8270
4478
8272
8273
3087
8181
90
30
7916
8279
8280
8281
8028
8283
4032
8360
8009
399
2721
2447
8665
8291
645
8293
8294
8295
8296
4810
6847
7137
8300
8301
4648
105
1854
8305
8823
8307
8308
8309
8397
8311
6005
8313
8314
8315
8316
8317
8318
8319
8320
8321
8322
8323
8324
9541
8326
599
8328
7371
8330
8331
8332
39
8552
8335
5902
8337
7709
8339
8340
8341
1
3711
8344
8345
5541
1153
8348
8349
8350
8351
8352
5664
8354
1120
8356
8357
8358
3610
7391
529
5385
8363
290
3887
8366
8367
8368
8369
8370
5678
8372
5636
8374
8375
7153
8377
8378
8379
8380
3400
8382
8383
4278
9263
9236
6330
8388
762
8390
8391
8392
3504
5674
2296
8803
887
8398
8399
8400
2250
1451
8403
7560
8405
8406
1193
8408
8409
8410
1296
258
8413
8414
8415
3286
6295
2419
8419
8782
8421
8422
8423
8424
8425
4340
8427
3305
8429
8430
2361
8432
2107
3318
2430
8436
8437
3321
8439
8440
9181
8442
8443
8444
8473
6240
8447
8448
8449
8450
2267
8452
8453
9034
8455
366
8457
8458
8459
2877
4622
8462
8463
8464
8465
8466
1382
8468
8469
8470
8471
8472
8445
9214
8475
8476
8477
8478
8479
8480
8481
2844
8483
8484
8485
1840
8487
9282
6404
8490
8491
2398
6056
9046
8495
8496
5166
9001
2375
3863
8501
8502
8503
597
8505
8506
9187
4534
6058
8510
8511
8512
9157
8514
3592
8516
8517
8518
8519
8520
8521
8586
8523
8524
8525
7171
1396
8528
8529
8530
8531
165
8533
8534
8535
8536
8537
8538
8128
46
7379
9905
9661
817
8545
8546
8547
8548
8549
2163
903
2442
3464
8554
8555
8556
8557
8558
8559
8560
2218
8063
6473
8564
7403
1061
8338
5681
6881
8570
4409
3607
1086
8574
8575
6679
5494
1804
8269
6304
9582
8582
1975
364
4993
5452
8587
8588
8589
6
8591
1716
3379
8594
8595
8596
8597
8598
8599
8600
8601
8602
8603
8604
2331
1787
8607
6093
8609
9899
2646
8612
5482
8764
8615
4537
8617
6818
8619
8620
8621
8622
8623
8624
8625
8626
8627
1802
8629
2850
2223
8632
753
7515
3540
6802
8637
8638
1922
8640
1405
8642
3969
8644
8645
8646
8647
7991
8649
5076
8651
8652
5286
9406
8655
8656
6813
8658
8659
8980
8661
395
6875
8664
8290
9252
8667
8668
9122
5646
2260
8248
2606
7694
2220
9106
8677
8678
2803
8680
9303
5403
8683
5748
8685
8686
7058
7937
9257
8020
6448
8692
494
6994
918
2918
8654
8698
8699
5708
8701
7238
8703
8704
6832
8706
8707
8708
6822
8710
8711
8712
5957
3422
8715
8716
8717
8718
9404
8720
8721
8722
8723
5126
8725
8726
8727
8728
8729
9143
8731
8732
8733
8734
8735
6194
8971
6130
5707
3335
8268
8742
1646
8744
9585
8746
2104
8748
8749
8750
8751
8752
201
8754
5255
9174
5862
8796
3488
7006
2309
239
4863
8614
8765
3580
8767
2457
8769
3605
8771
8772
8773
9451
5652
8776
2582
3852
8779
8780
340
8420
6485
8784
5005
8786
9112
4823
79
3074
4288
8792
8793
8794
402
8758
8797
8798
8799
8800
4879
8802
8396
8804
9342
8260
8807
2256
6090
8810
8811
8812
8813
6854
1274
2527
8817
8818
8819
8820
8821
8822
1014
8824
5834
8826
8122
8083
6120
6979
8831
3212
8833
8834
1436
5195
2807
8838
1550
3884
8841
2755
6974
8844
6223
8846
8847
3846
585
7242
8851
2799
2164
8854
8855
8856
3909
8858
8859
8860
8861
7671
8863
8864
8091
8866
9078
8868
8869
8870
8871
5060
6492
8874
8875
8876
8877
5135
2376
7407
3463
8882
8883
8884
8153
2490
8887
2174
8889
8890
8891
8892
8893
8894
8895
8896
3251
2518
8899
5938
9314
8902
8903
2415
8905
5993
8907
877
4546
8910
8911
8912
715
8914
8915
8916
8917
8918
8919
8920
1155
9680
9925
8235
8925
8657
8927
5592
6374
9977
8931
7619
8933
7855
8935
8936
8937
9666
8768
8940
8941
8942
8943
4976
2234
8551
8947
8948
6419
8950
8951
8952
3112
8954
7712
8956
8957
8958
5084
4887
8126
8962
8963
8964
8965
8966
9274
8968
5661
8970
8737
6810
8973
6206
8975
8976
8977
6554
8979
8660
8981
6711
8983
1939
8985
8986
8987
3775
1244
2732
8991
8992
8993
5423
8995
8996
8997
1468
1093
9000
3781
6970
3128
9004
719
9006
9007
7625
9009
9010
2941
9012
9013
7964
9015
9016
1001
8456
1743
1827
4846
4740
9023
9024
9025
3407
8072
2796
9029
9030
2576
4735
9033
5736
5361
9036
9037
9038
8094
7241
9691
8576
9043
9044
3152
1527
9047
1676
9813
9050
9769
9052
9053
9054
9055
8563
6066
410
9059
9060
4874
7305
9063
9064
9065
9066
9067
9068
9069
9070
573
2378
2465
9419
9075
9076
9019
8867
8630
9080
9081
633
9083
9084
1493
9086
1701
9088
9089
9090
9091
7440
8775
9094
9095
9096
9097
9098
4513
5036
9101
5915
9103
9104
9105
8676
9107
1151
9109
9294
4266
6370
9113
83
7373
9116
9117
1050
9119
954
2216
8669
9123
8787
7563
1217
9127
1680
9129
9130
9131
9132
9133
9134
9135
6386
9137
9138
9139
417
6631
1141
3570
9144
2674
9146
9062
9148
9149
6088
9151
9152
7844
1979
9155
9156
8513
9158
9159
9160
9161
7352
5303
9164
9165
9166
9167
9168
9169
9170
3665
9172
4715
8498
9175
6196
9177
9178
9179
9180
3425
9797
8232
9184
9185
9186
8507
9188
9189
8112
8149
9192
1094
1867
9195
9196
9197
1205
9199
9200
9201
9202
9203
9204
9205
1946
9207
9208
9209
9210
2444
9212
9213
9875
9215
3558
9217
9218
996
2363
9221
9222
9223
6505
3482
9226
9227
9228
9229
9230
9231
9580
7611
9234
729
5380
9237
1747
9239
6253
9241
9242
5386
6921
1615
9246
9247
9248
9249
9250
9251
5570
4583
3741
9255
9256
8689
5344
9259
9260
9261
9262
451
9264
4561
9266
9267
9268
9269
9270
6855
9272
2768
8967
6949
9276
9277
9278
7093
4535
9281
4224
4990
9805
9285
9286
9287
7914
9289
9290
9291
9292
1907
9110
9295
9296
9193
9298
9448
9300
3477
9302
9675
6600
8580
185
9307
9308
9309
2434
9428
9312
9313
7962
8550
9316
5582
9318
9319
1830
2233
7250
9323
9324
9325
9326
9327
9328
9329
9330
748
1974
5094
9334
3737
9336
9337
9338
9339
8074
9341
598
9343
9344
9345
1523
9347
9348
9349
9350
1625
9219
7847
9354
9355
8879
9357
9358
6838
9360
872
4434
6151
2195
9365
9366
4268
3413
9502
9672
1819
9372
9373
1399
9375
9376
9377
9378
3788
7139
9381
4362
9383
9384
8694
9386
8359
5735
9389
9390
9391
9392
1643
9394
9395
9396
1612
9398
7901
9400
9401
7708
9403
8719
9405
8697
9407
9408
5362
9410
9411
1175
9413
6123
4802
8018
9417
9829
9074
487
969
2685
8227
9424
9425
9426
4411
9085
9429
3011
9871
9432
7230
9434
9435
9436
9437
9438
9439
9440
9441
1866
5937
9444
9445
9446
9447
5186
9449
9450
8774
9452
6569
9454
9455
9456
9457
9458
9459
9460
1906
459
9463
9464
9465
265
8263
9468
8201
6926
7500
8226
7099
9474
9475
6931
9477
8666
9479
8848
4022
9482
9483
9484
5108
9486
8949
3076
6218
9490
9491
9492
9493
3866
9495
9496
1771
9498
9499
3683
5294
9369
9503
9504
9505
9506
7849
1685
9509
9510
2329
9512
9513
6010
9515
9516
5705
2970
9519
282
4807
3724
7983
1385
2228
2037
9527
1302
9529
9530
9531
9532
9533
3492
8839
3874
9537
692
7610
9540
4297
9542
8141
9544
9545
8310
9547
9548
9549
4435
297
5733
5097
6065
9642
6658
9557
9558
9559
9560
9561
9562
9563
9564
9565
7832
9567
5851
9569
9570
9571
3743
9573
9574
1166
9576
5817
8850
9284
9232
3075
8581
9583
9584
98
9586
7070
8261
7490
4908
3495
3491
7369
5185
3861
9596
9597
5317
9599
9600
192
9602
4891
9604
5743
2136
6620
6082
9609
6759
9611
5515
9613
9614
9615
9616
9617
9618
9619
1917
9621
747
1860
9624
9625
2283
7629
9628
9629
9630
8789
631
4684
9634
9635
9636
9637
3839
2566
9640
8543
7874
9643
9644
7995
9118
9766
9648
9649
9650
9651
2894
9653
9654
338
9656
9657
7422
9659
5934
7537
9662
9663
4225
9665
5117
9667
9668
9669
81
9671
9370
8116
9674
6978
2481
9677
563
9679
7299
9681
9682
9683
9684
9685
9686
9687
9688
9689
9690
1602
8231
9693
9694
9695
5357
9697
2623
3616
8451
3985
9702
9703
337
9705
9136
9388
5836
929
5950
9711
6482
9713
7366
2726
9716
9717
9517
9719
2538
9721
9722
9723
9724
2358
9726
4819
9728
6683
927
9731
566
7472
9734
6506
7840
9737
9738
9739
9740
9741
9742
6684
9744
9745
5613
9051
9748
9749
9858
5768
1775
9753
9754
4172
7700
689
7590
9759
9760
2115
9762
9763
9764
7661
5523
9767
9768
9747
9770
9771
9772
9773
9774
9775
200
9777
2095
9779
9780
7180
5730
9783
9784
9785
3530
8961
9788
9789
9790
9791
3013
2944
546
9795
9796
9182
7593
5996
4653
9801
9802
3225
9804
9579
9806
9807
4605
9809
9810
13
5269
7652
3631
9815
8066
4925
9818
9819
9820
3377
9822
2786
9824
6373
592
9827
9828
1442
8088
9831
6193
9833
3541
9733
9836
9837
6957
9839
9840
3325
4452
6365
4357
9845
9846
9847
9848
9849
9850
9851
9852
9853
9854
9855
9856
9857
6848
7105
9860
9861
9862
9863
9864
9865
3089
9867
7163
9869
9870
5749
3574
6944
5963
1049
9876
9877
9878
9346
9880
9881
6804
9883
9884
9885
9886
7084
9888
3065
9890
3973
4512
9057
9894
9895
9896
8394
6379
8454
2780
2617
9902
5260
1041
6756
9906
1844
9908
9909
5208
9911
5771
9299
7409
9915
944
9917
4566
9919
4827
9921
9922
9923
3024
1670
9926
9927
9928
9929
5835
9931
9932
9933
9934
1105
9936
9937
8412
9939
9940
9941
9942
2595
9944
6757
5070
9947
9948
6550
9950
9951
3966
9953
9954
9955
4980
9957
7275
9959
9960
9961
9962
7647
9964
9965
8441
9967
8515
9969
7020
8610
4975
9973
9974
9975
9976
8930
9978
9979
9980
1869
4524
3241
1539
9985
6087
9987
2891
2414
4323
9577
9992
9993
9994
2776
9996
9997
9998
9999
6371
