1
2
9825
9456
5
3558
961
1736
2690
1334
11
12
13
8798
5972
832
6932
5577
3774
20
495
22
23
24
25
2071
3163
7467
29
30
5339
32
33
34
3804
6715
37
38
146
2787
9228
7734
43
6001
45
4304
1984
48
49
5661
51
52
5941
7923
1417
56
57
58
59
5635
2889
678
6830
64
65
698
67
68
69
70
8008
72
7596
9149
2892
76
77
4122
7595
1525
2859
9599
83
84
85
7848
87
138
89
8740
91
92
93
1342
95
96
6643
6755
99
5263
5621
102
6053
104
105
106
107
4606
9956
9739
606
54
6334
7501
115
116
355
118
7022
1982
9283
122
1959
124
5333
3760
1266
128
6690
7058
4221
132
133
925
135
136
421
88
139
140
5585
1038
9571
144
2637
7955
4376
7188
8633
150
700
9226
153
154
155
4358
157
1561
159
160
161
162
163
164
165
166
167
5578
169
170
171
9663
173
174
175
1806
177
6305
179
180
181
8509
8292
9449
3696
1253
187
188
4095
190
8681
7103
8150
8344
195
196
197
198
5630
200
201
9737
203
2860
3668
206
207
208
1146
720
5807
212
9497
1141
215
9016
217
218
219
220
221
222
223
1634
225
330
227
228
229
230
231
232
233
1945
4912
8414
237
238
239
240
4548
2810
243
244
55
4403
247
248
317
250
5176
9339
253
1700
1956
256
257
6515
2088
260
261
262
8360
4107
2802
6124
2205
268
269
270
5194
4844
273
274
275
276
8527
8617
279
3927
4400
282
283
284
285
286
287
5542
289
7634
2154
834
1020
294
295
6171
297
298
299
300
5461
302
6822
2973
2403
9073
307
308
309
310
763
1278
6548
9212
1112
316
6645
7083
8695
320
718
322
6992
324
1075
4344
9263
328
329
226
331
332
8561
334
335
3669
337
338
5760
340
341
3830
343
46
5104
6057
347
2963
6407
350
5659
9773
353
354
117
356
357
358
8296
360
361
362
1058
364
9426
366
367
368
369
711
1861
9411
747
374
375
376
9419
378
379
380
381
3977
1046
1990
385
6618
3062
853
9274
7165
391
4232
8701
394
7006
4476
397
1933
8283
2127
401
402
6634
3734
405
406
7504
408
409
410
529
4906
413
7554
415
7869
417
418
8426
7605
137
9308
1243
8639
1542
1522
3995
428
429
430
431
432
4698
9249
149
7783
437
8399
6938
440
3593
1346
3651
628
445
6275
447
448
8020
450
6713
4879
453
9683
6710
1218
4172
458
5061
460
461
462
2050
4992
465
466
467
468
469
470
7759
1802
6218
474
475
476
477
478
479
480
7845
482
688
484
485
2547
487
9781
4877
7313
491
4598
3086
494
5325
3515
497
498
499
9150
5654
6297
503
6112
505
506
507
508
509
1689
511
2953
7390
514
5982
73
346
518
441
520
7982
522
9939
524
525
526
527
4036
411
530
531
532
533
534
535
536
537
538
7971
1777
541
9804
2952
544
7149
546
547
548
6819
550
6935
552
4863
554
555
556
1435
7472
559
560
4683
562
6425
5134
565
566
2063
568
569
570
4544
6036
573
574
575
3139
4817
578
6403
580
581
7403
3624
584
6340
586
3585
6898
66
590
591
592
2855
594
595
596
4865
2235
9951
600
9445
8760
4696
2491
5998
2603
607
8520
6649
7386
9864
3788
613
614
8175
3150
617
618
619
8719
5648
6413
6801
624
625
626
627
444
629
9897
631
632
9415
634
635
5564
7164
638
639
640
641
1473
643
644
645
2109
647
648
649
2199
651
652
653
9136
655
656
4812
9161
2439
660
661
9999
8019
664
665
666
667
668
4082
670
1517
8315
673
3550
675
676
677
9504
679
680
6931
1314
683
684
9296
686
3595
9841
689
690
691
692
693
694
695
2095
5779
4718
699
151
9018
702
703
1242
4921
2390
707
9717
709
710
370
712
713
6953
2681
716
717
6668
1460
210
721
722
3424
6433
4380
726
727
728
729
730
1350
732
733
734
5029
736
737
738
739
8931
741
742
7499
744
1354
746
9301
3340
4521
5759
8202
9123
5295
1373
1048
756
3336
758
759
760
8163
762
4591
1251
765
2327
767
3070
769
770
771
772
773
774
775
2386
777
6452
779
4625
8640
782
783
784
785
786
787
788
789
4543
4169
792
841
7997
407
6527
2214
798
799
6326
801
7144
803
804
805
7429
807
5032
7834
810
811
812
813
6037
815
816
3570
6950
819
820
821
822
6220
824
6757
3932
3273
828
829
830
753
1426
8972
292
835
6750
837
838
7
3378
793
842
843
844
1137
2171
847
7933
8481
850
851
4488
388
854
855
8035
857
858
859
860
861
3527
863
864
3521
9373
867
868
5748
870
871
872
4151
7594
8643
876
7586
8921
2754
880
757
882
883
502
3738
3151
887
1359
6484
890
1849
892
893
7087
895
896
1662
898
899
900
901
902
903
904
905
3284
907
1939
8980
910
911
1889
913
3918
1908
3464
2677
918
919
920
3061
3991
4603
577
134
3359
927
928
1922
930
9858
6434
933
934
5097
936
937
938
1751
7020
7106
942
2121
944
8160
946
947
5738
5818
3962
2051
952
953
954
955
7040
957
3201
9546
2478
839
3256
6211
5672
965
966
967
968
969
970
971
972
973
974
1684
4241
9195
978
3274
2361
8615
1793
983
7156
985
986
987
988
989
2246
991
992
9086
994
995
5274
997
998
999
1000
1001
9707
1837
5213
1005
8245
1007
2793
1009
7601
1011
8370
2589
1014
2775
1016
1017
1018
1019
4264
8884
1022
1023
488
1025
8054
1027
1028
7089
1030
1031
1032
1033
3896
1035
1036
1037
142
1039
879
1041
1042
1043
1044
1045
8340
3716
3801
1049
9260
1051
1052
1053
1054
1055
1056
9921
3075
1059
1060
1061
1062
1063
1064
1065
1552
1067
2448
1069
1070
5224
1072
5979
1074
4534
1554
4434
6465
3666
1080
1081
1082
4377
443
1085
1086
1087
1088
9281
1090
7365
1092
1239
5346
1095
2861
908
1098
1099
1100
1013
1102
1103
1104
1105
1106
1107
1108
1109
2299
4747
315
5758
1114
2285
521
1117
1118
5229
1120
3157
8519
8294
2976
1125
1126
1127
1128
8629
4575
7817
1132
1133
2777
1135
1136
2484
7140
1139
8700
6204
7831
7618
4757
3761
9609
1147
1148
3000
2927
9995
1152
1153
1154
9313
1156
1157
1158
15
1160
1161
1162
4546
1164
1165
1166
4634
1168
1169
3652
3035
1172
9467
8355
4647
1176
436
1178
1179
1180
7761
1182
2788
1628
1185
2350
318
5740
3149
1190
1191
1192
1193
6357
1195
1196
5489
8231
1199
1200
1201
1202
1203
1204
9805
1206
1207
2073
5729
1210
5361
1212
1213
1097
1215
1216
7645
1129
1219
1220
1221
1222
4824
8065
6
1226
1227
5377
9177
1230
6039
1462
1233
1234
1057
1236
5617
2103
403
1240
7624
5024
5390
8687
6735
1246
2059
1248
8087
1250
764
1252
186
9767
4557
2101
1257
1258
1259
3842
1261
1262
1263
1264
1265
8818
9840
1268
1269
8783
1271
3899
4306
1274
1275
2504
1277
7709
1279
1280
3676
3162
1283
6381
1285
1286
7172
1288
9827
1384
1291
1292
1293
1294
6670
6719
5865
7932
1299
1300
1622
7638
8955
1304
1305
9343
4599
1308
1309
1310
1311
1312
3542
539
1315
1316
5834
1318
9347
7436
1321
7060
1323
1324
4070
8986
1327
1328
1329
2520
1331
1332
5622
10
1335
6496
3816
8305
1339
9489
9464
94
1549
1344
7170
4904
1347
2146
1349
731
1351
1352
1353
8007
1355
1356
1357
9279
888
9970
9621
1362
6347
1364
4576
7789
1367
4223
3310
1370
1371
1372
7492
2075
8838
2871
2975
1378
1379
2514
5645
1382
1383
1260
1385
1386
6064
1388
9591
1390
6475
1392
1393
1394
1395
1396
1397
1398
1399
1400
2766
1402
1403
1404
3388
8890
1407
1408
1409
1410
794
1917
1413
1565
1415
4348
2661
1418
9341
3897
7423
7648
1423
6838
3740
7507
1427
4660
1429
1430
1431
9926
1433
1434
2537
1436
1437
1438
1439
2501
8577
9658
2174
7822
5830
1446
1447
1448
5240
4555
1451
7949
1453
1454
1455
7263
9022
1458
9646
866
1461
1232
1600
1464
1465
7885
1467
1468
1469
4536
1471
1472
9451
1474
1475
1476
1477
2727
1479
1480
6437
2458
1483
1484
1485
1486
1487
1449
4302
1490
2467
1492
1493
1494
5040
1496
1497
7944
2319
1500
4429
1502
3001
1504
1505
3083
1507
1508
5739
1510
5601
1512
1513
1514
5965
473
671
2156
1519
1520
7026
426
7506
1524
80
7695
1527
1528
1529
5123
6228
3610
1533
1534
1535
1536
3702
1538
1539
1540
1541
425
9173
1119
1149
2007
1547
1548
1343
8975
3868
1066
1553
4037
1555
4510
8637
1558
1559
7134
8200
1562
4903
1564
1414
6843
1567
1568
2254
1570
1571
8234
1573
2650
1575
1576
1550
1313
1579
609
1581
1582
1583
1491
1585
5792
101
1588
1589
1590
1591
7394
1593
1594
1595
1596
5469
249
1599
1463
1829
1602
1603
1604
1605
1606
1607
1608
8230
1610
6613
1612
1613
4631
3068
6378
1617
1618
7579
1620
1621
1301
1623
1624
1625
1626
1627
3189
9922
4831
1631
1632
4588
7917
1635
9910
8756
1638
5782
1640
9750
1642
8487
1644
1645
1646
1838
1648
1649
8257
3561
1652
1653
1654
572
1656
1657
1366
6854
2492
1661
897
7330
1664
1665
1666
1667
1668
3297
1670
1671
1672
1673
5524
3196
8095
8214
5519
7835
1680
1681
1682
1683
4195
3790
1686
1687
1688
7145
1690
1691
1692
1693
1694
7451
1696
817
1698
185
7337
5722
8518
2054
7437
1705
1706
1707
3248
7861
1710
1711
1712
8073
3984
1715
1716
1717
1718
2565
8329
1721
1722
1723
7895
1725
2928
1727
1728
885
1730
3018
1732
1733
1734
1735
2224
1737
7220
1739
1740
1741
796
2712
6616
1745
4156
1747
1748
3171
1750
306
1752
1753
8409
1755
7717
1757
1758
1759
7288
4622
6492
1763
1764
1765
7750
1767
7013
1769
7899
1771
4320
1773
7341
1775
1776
9132
9163
1779
7687
1781
5901
950
1784
1785
1786
1787
3164
1789
9933
1791
1792
6061
1794
1795
1796
1797
1140
1799
1800
3750
4931
616
6756
9760
8085
3405
1808
1809
1810
3546
1812
1813
1814
1815
1816
5035
1818
2721
5783
5140
1822
1823
1824
4023
1826
2745
1828
1601
1830
9112
1832
1833
1834
3394
1836
7769
1647
4282
1840
6374
17
1843
1844
1845
1846
7232
1848
2462
1850
1851
1852
3084
2238
1855
1856
3167
1788
869
1860
371
1862
1863
1864
9940
8142
1719
1868
5207
1870
1871
1872
1873
1874
1875
1876
1877
8787
1879
1880
4766
4661
1883
1884
1885
6237
9894
1888
4822
1890
1891
1892
1893
4323
8567
5715
7021
5523
1899
4798
8396
1902
1903
1904
7099
1906
5099
915
1909
4496
1911
1912
4315
1914
1915
7525
7007
1918
9387
1920
1921
1290
6150
1924
1925
6463
1927
8653
1929
8408
5014
6651
398
1934
1935
1936
7270
1938
9627
1940
1941
1942
8187
1944
2644
9569
1947
3907
1949
1950
1951
2823
943
1954
4254
255
1957
1958
123
9477
1961
1962
312
1964
1965
1966
1967
1968
1969
1970
4589
79
1973
1974
4171
1976
3187
1978
4336
2818
1981
8647
776
47
1985
945
9768
1988
63
8820
1991
1992
1993
1994
1995
7606
1997
7202
1999
2000
9656
2002
2003
2004
9155
2006
6196
2008
2009
2010
2011
6245
3725
2014
2015
2016
2017
2018
3455
510
2001
2022
2023
2024
8392
9517
4180
5282
2029
126
6770
2032
956
2034
2035
723
8033
7686
2039
2012
2041
3616
5127
2044
1854
2046
1002
301
2049
463
2278
4295
2053
3742
2055
2056
6018
2058
1247
2060
2061
2062
2750
9258
2065
6628
2067
6177
5897
4772
7705
8735
4626
9305
4368
2138
3858
4762
768
2080
4027
2072
2083
2084
2085
2086
2087
259
2089
2090
4046
2092
1821
2094
2803
2096
2097
2098
620
2100
1256
2102
6609
2104
2105
7415
2107
2108
646
4021
5721
6970
2113
6258
2115
2116
1578
2118
7875
9580
2849
2122
2123
8467
2125
2126
400
2128
2129
2130
2131
6008
2133
2134
8996
7580
2137
211
2139
2140
2141
7079
2143
2144
1515
3634
8943
2148
2149
1084
8441
2152
2153
291
2155
9054
2157
9312
2159
2160
9713
2162
5202
2164
4999
2166
8744
6216
2169
2170
846
2172
2173
1443
2453
2176
3443
2178
2179
2180
6194
2182
1744
2184
7016
2186
242
2188
2189
2190
8810
5827
2193
2194
2195
2196
2197
8808
3042
791
2201
2202
4367
2204
2597
2206
213
2208
8580
2210
9386
2212
7587
797
2215
3078
2217
2218
2219
2220
4610
2294
2223
8
6273
9200
623
2228
8770
2230
2231
2232
2233
2234
598
2236
2237
1267
2239
2240
6097
2242
2243
2244
2245
990
3183
8480
2249
9896
1616
2252
2253
1569
9238
2256
5491
483
3479
2260
2261
2262
2263
9602
2265
4449
2267
2268
8268
2270
2271
4565
3088
7735
2275
2276
2277
951
2279
2280
2281
2282
2283
6605
1115
2286
2287
2288
7621
790
2291
2292
2293
2222
2295
2296
2297
2298
1110
2300
2301
6599
2303
2304
7267
2306
2307
3066
3672
9946
2311
2312
2313
2314
2315
2316
2317
2318
4732
2320
5920
2931
2323
2324
2325
2326
6716
2328
2329
2330
2331
2332
2333
2334
2335
8001
2337
2338
2339
271
2341
2342
2343
8793
3175
2346
8703
9450
2349
4957
2351
2352
2353
2354
2355
2771
9838
2358
2359
4785
6227
2362
2363
2364
1249
2366
5353
7206
2369
2752
2371
6416
2373
8514
1807
2376
2377
7361
1113
2380
2381
2382
2383
4224
9025
1983
9027
2388
2389
3499
2391
3597
2393
2394
2395
2396
2397
2398
2399
7349
2401
7084
2869
8199
5168
4578
755
2408
2409
2410
2411
2412
3841
2414
2415
9096
2417
2841
2419
7484
5505
2422
2423
929
5020
2426
2427
845
2429
2430
2431
9918
2433
2434
1389
2436
2437
8430
659
9066
6019
4533
2443
5222
3620
2028
2447
1923
3298
8034
3506
2452
2175
4463
2455
2652
2457
1482
2459
2460
2461
891
8253
2464
2465
2466
1584
9483
9945
2470
7889
2472
2473
2474
2475
3050
5352
960
2479
3614
2481
4010
2483
7652
5717
2486
5075
6857
2489
9107
604
1660
2493
2494
2495
2496
5366
2498
4611
2500
6543
5428
7127
6137
2505
2506
2507
2508
2509
6080
2511
2512
2513
9851
2400
4958
3601
2518
2519
1330
2521
6957
2523
2524
2525
2526
2527
2528
2529
4905
61
78
2533
7065
2535
1749
557
7277
4158
2540
5571
2542
2543
2544
9192
2546
1592
2625
9888
2550
9650
4430
7284
2554
2555
7653
496
9657
2648
8816
2561
1441
2563
2564
1867
2566
1159
2568
9014
9463
5494
4419
2573
2574
2575
2576
2577
9625
8920
2580
2581
2582
2583
62
2585
2586
2587
9837
7699
2590
878
2592
8659
9242
4190
2596
1713
6303
2599
9632
2601
2602
4819
2604
4155
5326
6754
2608
2609
2610
2914
2612
2613
2614
5453
2616
7369
2618
2619
8864
2621
2987
2623
8070
8184
2626
2627
4919
36
3449
9958
5680
2633
2634
6633
8490
145
2638
1425
2640
4676
4362
3857
9747
6961
3565
2647
2559
2649
1574
2651
2456
5456
2654
7746
9049
1545
2658
2659
2132
9615
2662
6598
2664
7926
2666
2667
2668
2669
745
2671
2672
5445
3387
2675
9889
917
2678
5534
8459
715
2682
3825
3717
7766
2686
7528
2688
2689
9
2691
4833
2693
2694
2695
2696
2697
2698
2699
2700
2701
2702
2703
2704
7059
2706
2707
2708
1021
2710
3202
1743
2713
325
7545
9783
2717
7318
2719
979
1819
2722
7636
5072
2725
2726
1478
3039
2729
2730
2731
2732
3176
2734
2735
5591
2737
2738
1636
2740
2741
4880
2743
2158
1827
2746
6954
2748
2749
567
2751
7668
345
4061
2755
9728
2757
2531
2759
2760
2761
2762
6241
1650
2903
1401
2767
874
9978
8655
8788
2772
5997
8472
7720
2776
7055
8155
2779
1151
2781
2782
2783
2784
2785
2786
40
152
2789
9821
2791
3383
8680
2794
9682
2796
2797
5656
2799
2800
2801
5888
8822
2804
8933
2806
2807
2808
7421
1289
2811
8714
6146
2814
7537
2816
8361
1980
2819
5796
2821
2822
2463
2824
2825
2826
8078
4934
2829
4382
2831
2832
2833
1428
2835
2836
5492
6369
3713
2840
9848
2842
2843
2145
2845
6123
8891
258
2077
4187
2851
2852
2853
2854
593
7976
2857
6034
3982
204
8948
1412
3872
2864
2865
2866
2867
2868
305
2870
1376
2872
3513
2874
2875
2876
2877
2878
2879
4015
2881
8565
1931
2884
2885
2886
2887
5124
3883
7195
2891
8749
2893
5050
6546
2896
9101
3808
2899
5777
2901
2902
9182
2904
3968
1900
2907
2908
2909
2910
2911
2912
5762
2611
2915
6793
2917
9374
2919
236
2921
3934
2923
2924
2925
4388
2025
7762
8517
3958
2322
2932
2933
6397
2935
8648
2937
2938
2939
2940
2941
1919
2943
2944
2945
2946
6000
2948
2949
2950
2951
543
512
4313
6925
2956
2957
2958
2959
7707
2961
2962
836
9983
2965
3145
5438
2968
4682
2970
2971
9974
2274
2974
9003
931
6974
3629
3974
9593
2981
2982
2983
2984
8429
2986
8133
2988
5462
4981
3812
2992
2993
2994
2995
2996
5160
2998
2999
6707
1503
3002
3003
2774
4703
3006
6318
4783
3009
3010
5328
3012
3013
1858
5710
3016
1142
8021
3019
3020
3021
3022
5669
3024
3025
9379
9345
6841
5822
3030
3031
3032
9095
3034
1171
3036
3037
3038
5219
7097
3041
6835
9828
3044
3045
3046
7044
3048
3049
2476
3051
3052
3053
3054
3055
5503
3057
1078
3059
3060
921
2031
3063
3064
3065
2308
3067
1615
3406
8282
3071
5383
5298
3074
363
3076
3077
2216
3079
8069
3081
3082
4462
1853
6875
493
3453
2273
743
1122
3091
4225
3093
3094
6076
3096
3097
3098
3099
3100
3101
3102
3103
5871
4043
8455
3107
3108
3109
3110
6169
3112
3113
8917
3115
3116
3117
3118
3119
438
3121
3122
3123
9405
3125
3126
599
749
3129
2839
3131
3132
3133
9950
3135
3136
3137
3138
576
2593
3141
6109
7268
8239
3143
3146
5294
3148
1189
8826
886
3152
3153
7493
3155
3156
1121
3158
8817
5096
9689
7329
27
3014
3165
3166
1857
3168
3169
3170
2536
3172
6333
3174
2345
9080
3177
3178
3179
7741
3181
3182
2247
3184
3185
3186
1977
6741
1184
3190
3191
3192
984
3915
3195
1675
5365
3198
9245
3200
9364
2711
3203
1217
3322
3206
3207
7314
3209
3210
4601
3212
3874
8486
3215
3321
3217
6646
8222
3220
6498
3222
3223
6488
3225
3226
3227
9380
3229
6181
3231
3232
7572
1531
3235
1421
1177
5836
9544
3240
4745
3242
3243
4438
3245
3246
3544
1708
5161
3250
3251
3252
1272
3254
6739
7679
3257
3258
3259
3260
3792
3262
3263
3264
5056
3266
3267
3268
2850
3270
3271
3272
3004
2720
3275
5799
3277
8205
3279
3745
3281
3282
3283
906
3285
3286
8686
3288
3289
7868
654
3292
4926
3294
3295
3296
1015
2449
3299
3791
3623
8806
3303
7663
862
3306
3307
5304
3309
6244
3311
3312
9746
3314
3315
3316
3317
3318
3319
3320
3216
3205
2142
3324
3325
3326
3327
3328
3329
3330
3331
3332
8850
9516
3335
4026
3337
2847
6905
748
3341
3342
4216
2916
4540
6288
8053
3348
3349
4111
1619
8784
3353
3354
5026
5005
3357
6565
926
3360
5455
3362
3363
5406
3365
4860
3828
3368
6537
3370
3371
3855
3778
3374
3375
3376
916
750
6824
3380
7816
3382
2792
9562
8651
3386
8872
3553
3389
7448
9034
7730
3393
1835
3395
3396
3397
3665
3399
3400
3401
4699
3403
5315
3436
3069
121
3408
3409
2418
3411
657
3413
7036
3415
3416
3417
5565
3662
4619
5712
3422
3423
5685
1124
1194
3427
3428
5239
3430
3431
3432
3433
4133
3435
2375
3437
3438
3439
3440
3441
3442
2177
3444
3445
3446
3447
3448
2630
7614
3451
3452
7654
6619
8678
3456
3457
3458
3459
2567
3548
7119
5196
3247
3465
3466
3467
9241
3255
3470
3743
3472
3473
3474
3475
3476
6246
8284
2259
9895
3481
5805
3483
3484
3485
6074
3487
3488
8530
3490
3491
3492
3493
3494
3495
3496
3497
3498
7388
4612
3501
7682
3503
9057
8109
2451
3507
3508
3509
8299
8562
3512
4769
3514
7700
7459
9130
3518
3519
3520
865
6428
3523
3635
3525
3526
3305
3528
3529
3530
8038
3532
3533
265
7953
6963
3537
6549
3584
3540
3541
2117
5550
9366
3545
8269
3547
3461
8689
6444
6186
3552
1405
1238
3555
6409
3557
1225
3559
3560
1651
3562
3563
3531
2646
2897
3567
7239
3569
8897
3571
2955
3573
3574
3575
3576
3577
3578
5418
2989
3581
9581
3583
3539
2966
2541
3704
3588
3589
3590
3591
4467
9984
3594
687
7319
5705
3598
1360
3600
1577
3602
5624
3604
3605
9257
3607
3608
3609
1532
3611
4210
8126
9537
3615
2042
1881
3618
3619
2445
3621
3622
3301
583
3625
5057
3627
3628
2978
5133
3631
3632
3633
1348
3524
3636
3637
7076
3639
3640
3641
8742
3643
3644
3645
3646
3647
3648
3649
3650
2150
1170
3653
3654
3655
3656
3657
3658
4363
3660
8682
3419
3663
3664
9672
1416
3667
3839
2021
5148
3671
4818
6642
7731
336
1281
3677
3678
3679
3680
3681
3682
3683
3684
3685
4163
3687
7937
3689
3690
3638
6868
3693
4211
3695
4012
2888
3698
3699
6879
3142
1537
3703
3587
3705
3706
4240
3708
3709
3710
3711
3712
3130
3714
3715
5732
6450
3718
3719
3720
1886
6966
3723
3724
2013
3726
8688
3728
5501
3730
3731
9404
1466
9037
3735
3736
3737
1729
7286
6762
1523
1703
3471
4060
90
3746
4902
3748
3749
1801
3751
3752
3753
3754
3755
3756
3757
3758
5964
2030
2045
3762
3763
3764
8493
2187
3767
3582
8420
7189
3771
3426
3773
19
3775
3776
1284
4386
3779
3780
9972
3782
3783
3784
8113
3786
3787
9421
3352
7396
9617
7338
472
3794
3795
3796
3797
3798
3799
3800
1955
3802
3803
35
3805
3806
3807
2898
6140
3810
3811
2991
3813
6235
2756
4800
3817
3818
6812
8036
1897
3822
4708
3824
4006
3826
4954
3367
7462
342
3831
3832
8423
4244
3835
1658
3837
3838
6344
3840
6982
5574
3843
9726
5895
3846
6243
1704
3849
3850
3851
3852
3853
3854
3372
3856
2643
2503
3859
3860
3861
3862
3863
4191
3865
3866
8696
5969
8206
3870
9367
4719
3873
3213
7477
3876
3877
4621
3834
9529
5910
3882
9005
7524
9738
3886
3887
3888
3889
3890
553
3892
766
809
3895
1034
6889
6880
8594
3900
3901
3902
7323
1029
3905
5933
9908
9679
3909
3910
1422
3912
3913
129
9700
3916
3917
914
6985
3920
3072
4942
3923
3924
3925
3926
4680
3928
3929
3930
4507
4016
3933
2922
3935
4925
3937
6020
3939
8046
4829
3942
3943
3944
3945
3946
3947
263
3949
3950
3951
3952
6689
3954
2605
3956
3957
8998
3959
3343
3961
9140
7003
3964
3965
3966
3967
6345
3969
5631
3971
5459
3973
8240
3975
4345
382
4272
3979
3980
3981
6726
3983
1714
3985
3986
3987
3988
7249
3990
922
2079
3993
1089
427
5915
3997
3998
8466
5667
4001
1831
4003
4004
4005
2683
4007
4008
4009
2482
4011
1699
4013
642
2880
2310
4017
4018
4669
4020
2110
4022
2972
4024
4025
1235
8082
4028
4029
4030
4031
7187
4033
4034
4258
528
7123
4038
4039
4477
4041
6615
3105
4044
4137
2468
4047
4048
4049
4050
6899
4052
6084
4054
4055
8941
4057
2718
4059
3744
3478
6078
4063
4064
4065
4066
4067
31
4069
1325
6664
4072
4073
4000
4871
4076
4077
4078
8156
4080
2709
4742
4549
4084
7805
8097
4087
4088
4089
4090
4091
1241
6149
6135
6564
4096
4097
4098
4099
4100
1926
4102
5192
4104
4105
4106
264
4108
4109
5923
3290
4112
4113
7767
7153
4116
4117
4118
4119
4120
4525
3940
7023
4124
4125
4126
4127
4128
4129
4130
2636
4132
9743
4134
6049
4136
4045
4138
5008
191
6667
4142
5531
4144
4145
4146
3596
4148
1928
4826
873
4152
2037
9461
5102
1746
4157
2539
4159
4160
4161
1317
3686
4164
4165
4166
4167
4168
2200
6862
5543
3727
4173
4853
4175
4176
4177
4178
4179
2027
4181
4182
6845
4184
4185
4186
3269
4188
1150
2595
3864
4192
4193
4194
975
5414
4197
4198
4199
3948
6764
4202
2615
4204
4205
4206
9545
4208
4209
3612
672
9905
4213
4214
4215
3960
4217
7205
4219
4220
131
2557
1368
3919
3092
4226
6421
4228
9565
1952
4231
392
4233
4234
6285
6640
6986
4238
4239
3707
4590
4242
183
5074
4245
4246
4247
4248
9793
4250
4251
4252
4253
2407
4255
4256
4257
5658
4259
8726
4261
4262
5356
7052
4265
4266
4267
4268
4269
4271
4270
4412
4147
4274
4154
4276
4277
4278
4279
3903
4281
1839
4283
6839
4285
4286
2074
4288
4289
8302
4291
4292
6682
4294
7800
1214
941
4298
3613
4300
4301
1489
4303
344
4071
1273
7788
1614
4309
4310
3759
182
2954
4314
1913
4316
4317
4318
5687
7130
486
4322
7110
4324
4325
4326
4327
8377
4329
4330
4331
4332
9819
5984
8846
1209
4337
6900
4794
4340
4341
4342
4343
326
9047
9766
4347
5900
8079
7440
4351
9670
4353
4354
5495
7650
6240
4767
4359
7456
4361
2642
3659
4364
5774
8837
2203
1374
4369
4153
1228
9709
6346
4374
4375
8421
1083
4378
4379
725
4381
2830
4383
4384
5707
3373
4387
2926
4389
4390
4391
416
9869
4394
9292
4396
4397
4398
4399
6876
313
4402
4189
4404
4405
4406
4407
4408
4409
6700
4411
3230
4413
4414
4415
4393
9801
4418
2572
4420
4421
4422
4423
4744
4425
4426
4427
4428
4392
189
4431
4432
3221
2151
4435
4701
4437
7826
4439
4440
4441
4442
4443
4444
4445
4446
4447
4837
2266
4450
4451
490
4140
4454
9500
4456
4457
4458
4459
4237
4461
8852
2454
8024
4465
4466
3592
4468
4469
4470
4471
4472
5470
4474
597
396
6917
4478
3026
4480
4481
4482
4483
7377
8811
4486
4487
852
4489
4581
4491
4492
5120
4494
4495
1910
4497
4498
4499
4500
4501
4502
9694
4504
4505
7914
3931
4508
7857
1556
4511
5823
3741
3414
4515
4516
5476
8295
4519
4520
3128
4522
4523
4524
4121
4526
4527
6154
4529
4530
4531
4532
9585
2714
9100
1470
2687
3276
4539
8536
4541
4542
2290
571
6467
1163
4547
241
9438
1989
4551
8603
4553
4149
100
4556
8437
9417
4559
4560
5764
8944
4563
9270
2272
4566
4567
4568
4569
4570
4571
4572
4573
7989
2198
1365
4577
2406
4579
4580
4490
4582
4583
9293
4585
3781
4587
1633
1971
976
311
6576
4593
4594
9936
7758
4597
492
1307
4600
5111
4602
923
9046
4605
108
4607
4608
4900
2221
2499
4975
4613
4614
4615
4616
8010
4115
3420
4620
5220
1761
4623
4624
6734
1208
4627
4628
5380
4630
7892
6520
4633
1167
4635
4636
4637
4638
4639
6473
4641
4642
4643
4644
4645
7651
2515
4648
8052
4650
4651
4652
4653
4654
4655
4656
4657
4658
6583
6283
9183
3772
4663
4664
8988
4666
6451
4668
4019
4670
4671
7693
4673
4674
4675
2641
4677
4678
4679
4110
4681
2969
6352
6201
7712
178
5862
9865
4689
4690
5709
4692
4693
4694
4695
603
4697
433
333
8768
4436
4702
3005
5420
4705
4706
4707
3823
4709
2257
4859
4712
3675
4714
2929
4716
4717
3579
7850
4720
4721
4722
4723
4724
4725
4726
114
6489
4729
5561
4731
1499
4733
8570
8029
3814
7644
4738
4739
4308
4741
6494
8939
4424
3241
7005
1111
5652
6759
4750
4751
4752
4753
4662
4755
4756
1144
4758
4759
4760
4761
2078
4763
4764
4765
3617
2780
4768
2873
4770
4771
2070
4773
4774
1685
4776
7071
8190
4848
4780
563
4782
7305
4784
4985
4786
3104
4788
4789
8833
4791
856
4793
3999
4795
4796
4797
2906
9198
1337
4801
4802
4803
4804
4805
4806
4807
7131
4809
6808
8600
4730
4813
4814
4815
9406
924
393
6208
6639
4821
5540
4823
1223
5180
4150
4827
4828
5433
3159
1630
4832
5612
5496
9041
4836
2392
4838
7882
4840
4841
4842
4843
272
4845
4846
8942
6942
4849
4850
4851
4852
4174
4854
6666
4856
4857
4858
4711
3366
4861
4862
3173
4864
5190
4866
4867
4868
4869
4870
4075
5349
4873
4874
4875
4876
489
4878
8182
3976
4881
8348
4883
8450
4885
2997
4887
2635
4889
3385
4891
4892
4893
4894
4895
4896
4897
4898
4899
4609
4901
6395
1563
7574
2530
8593
4907
5991
4909
6384
9822
235
4913
4914
4915
4916
4917
4918
2628
4920
705
4922
4923
7160
8103
3293
2211
4928
3694
9476
8129
4932
4933
2828
4935
5851
4937
4938
4939
7333
5554
3922
4943
4944
4945
4946
4947
1442
4949
4950
4951
4952
4953
3827
4955
4956
1186
86
4959
8238
8501
6396
6278
4964
4965
4966
4967
1375
4969
6100
4971
4972
7680
4974
3500
4976
4977
7960
4979
4980
6833
8120
6202
5467
2360
9721
4987
5841
4989
5446
4991
464
4993
8652
4995
5135
4997
5378
2165
1702
254
5002
147
5004
3356
5006
5007
4139
5009
5010
5011
5012
5013
2883
6572
5016
5017
5018
2425
5019
9152
5022
5023
704
5025
3355
9705
5028
735
8300
5031
8774
277
5034
1817
5036
2768
9044
5039
5209
5041
5042
9093
5044
5045
6955
5047
5048
7990
2894
5051
5052
8622
5054
5055
3265
3626
5058
5059
5060
459
5062
5063
5064
5065
5066
5067
6574
5069
5070
6089
6603
9666
5541
2487
5076
5077
5078
5079
5080
5081
5082
5083
8876
5085
5086
5087
5088
8376
5090
4746
5092
8068
3815
5095
7661
935
5098
5277
5100
5101
3955
5103
8447
5105
7532
5107
5108
5109
5110
3211
3603
5113
5114
8938
5116
5117
5118
5119
5806
5121
5122
1530
9131
5125
5126
2043
5128
5129
5130
5131
5132
3630
7203
7812
5136
5137
5138
5139
1953
5141
5142
5143
5144
5145
5146
5147
3670
5149
5150
5151
5152
5153
5154
5155
5156
7063
5158
5159
4886
1498
5162
5205
5164
5165
5166
8716
8763
5169
3871
5171
7849
5173
5174
5175
9542
5177
5178
5179
4825
5181
5182
5183
5184
5185
5186
5187
5188
5189
9320
5191
7343
5193
2340
5671
2093
5197
5198
5199
4982
5201
7906
3482
7132
7194
5206
1869
383
2424
5210
5211
9741
1004
5214
875
5216
5217
5218
9460
3878
5221
2444
5223
7426
5225
5226
7908
5228
1544
5230
5231
8183
5233
5234
5235
5236
5237
5238
3429
1488
1369
8258
5243
5244
5245
1756
5247
5248
5249
5250
5251
5252
5253
5254
6501
5257
5256
5258
4473
5260
4229
5262
1450
5264
5265
8707
6503
5268
5269
5270
1676
5272
5273
996
5275
5276
1907
6236
5279
5280
5281
2446
6293
5284
8402
9748
5287
1377
5289
5290
5291
6918
5293
3147
7067
5296
8061
3073
5299
3844
3344
5302
5303
5643
7836
5306
6364
1224
5309
7231
7581
7136
5313
5314
3404
8359
5317
5318
5319
8196
5321
5761
7364
5324
21
2606
5327
3011
5329
5330
5331
5332
3140
4929
5335
5336
5337
5338
1077
5340
5341
5342
5343
4334
5345
1094
5347
5348
7969
7181
1842
8288
8669
5354
1282
4263
5357
5358
6827
5360
8195
3941
9576
5364
9854
2497
5367
5368
8934
5370
7324
5372
5373
5374
5375
5376
4371
4998
8761
4629
5381
5382
4296
6072
5385
5386
5387
5388
7490
4940
2135
5392
5212
8745
5395
5396
5397
5398
6101
5400
5401
5402
958
5404
5405
3364
5407
551
5409
5410
293
5412
5413
280
5415
5416
5417
589
5419
6456
5421
5422
5423
5424
5425
5426
5427
800
5429
8968
5431
5432
5362
5434
5435
5436
5437
4227
5439
5440
894
5442
5443
5444
8737
9502
5447
5448
7829
5450
5451
5452
4203
5454
5241
2653
5457
5458
3972
141
5697
4820
7641
5464
1456
5466
5996
6641
1597
8248
6571
5472
5473
5474
5475
4517
5477
5478
5479
5480
5481
288
5483
5484
5485
7764
7784
5488
5208
4518
3238
2837
2385
2571
4355
4834
6940
5498
5499
5500
245
5502
3056
5504
7804
5506
5573
5508
5509
5510
5511
9914
5513
5514
5515
5516
5517
5518
1678
5520
5521
5522
1898
5598
5525
5537
8844
5528
5529
5530
4143
5532
6774
2679
5535
5536
5526
5359
5539
912
3879
1006
1975
5544
5545
5546
5547
5548
5549
3543
9178
5552
5553
4941
7042
5556
5557
5558
7967
7993
7710
5562
5563
636
3418
5566
5567
5568
5569
9527
7190
5572
5507
2674
5575
5576
18
5752
5579
2106
5581
5582
9947
5584
5460
5586
2026
5588
5589
5590
2736
8180
6993
5594
5595
4749
3765
8462
5599
5600
1511
5602
5603
9001
5605
5606
5607
5608
8009
3534
8194
2692
5613
5614
5615
6485
1237
9259
5619
5620
1587
1333
8465
5112
8412
7910
8646
5628
5629
8950
7962
5632
5633
1770
60
5636
5637
5638
5639
5046
1134
5642
9792
5644
1381
1131
5647
6251
6672
5650
5651
4748
5653
501
5655
6949
5657
7598
6969
5660
50
5662
5663
5664
5665
5666
4074
5668
3023
5670
2598
3785
7957
5674
5675
5676
5677
2387
6363
9410
5681
9616
5683
5684
2036
8327
4319
5688
5689
5690
5691
5692
5693
5694
5695
6850
8277
5698
2805
5700
5701
5610
5703
5704
4448
5706
4401
5708
4691
3015
5711
7482
5713
5714
1896
5716
2485
5718
5966
5720
2111
3599
724
5724
5725
5726
5727
5728
9843
6392
5731
1047
5733
5734
5735
5736
5737
948
5686
1188
5741
6509
5743
5744
5745
7354
5747
3486
5749
7728
5751
8208
7169
5754
5755
5756
7115
7930
840
7285
7113
6035
5763
8096
5765
5766
5767
9162
9976
5770
5771
5772
8371
4365
5775
8545
2900
5778
697
5780
5781
3090
7050
5784
5785
9987
5787
5788
5789
7193
9069
1586
5793
9409
5795
2820
5797
5798
4538
5800
5801
5802
5803
5804
5203
6697
6626
8815
9876
5810
5811
5812
5813
8400
5815
5816
5817
949
5819
5820
8896
3029
4512
5824
4366
1420
6523
2114
5829
4754
4978
7909
5833
4713
5835
7511
7523
5838
5839
5840
4988
5842
290
523
5845
5846
5847
5848
5849
5850
4936
5852
5853
5854
8964
5856
5857
5858
6365
3161
3278
4687
5863
8984
1297
5866
5867
5868
5869
5870
3880
6013
9278
5874
5875
266
5877
5878
5879
9289
5881
5882
5883
5884
5885
5886
6977
3729
5889
5890
3833
5892
5893
3421
9079
5896
2069
5898
5899
8406
1782
5902
5903
6449
5905
5906
5907
5908
5909
3881
5911
5912
5913
5968
3996
5916
5917
5918
6736
2321
5921
5922
7961
5924
9184
5926
9775
1637
5929
5930
2809
516
751
5934
5935
5936
5937
5938
5939
5940
53
5942
5943
5944
7667
5946
5947
5948
5949
9491
5951
5952
5953
5954
3885
5956
8112
5958
5959
7088
5961
5962
5963
6302
8347
1071
5967
5914
1551
5970
5971
3460
5973
5974
9148
5976
7161
5978
1073
5980
5981
515
5983
5344
6790
5986
5987
5988
5989
5990
6327
5992
5993
5994
6947
4596
2773
3347
9885
7927
44
6002
6003
8151
9193
6006
6007
2660
6009
6010
6011
7905
6768
6014
6015
6016
6017
2057
2441
3938
6021
6022
6023
6024
6025
6026
9846
6028
6029
6030
6031
6130
6033
2858
2913
1655
814
6038
1231
6040
6041
6042
6043
9592
6045
6223
8393
6048
4135
6050
9966
6052
103
6054
6055
6056
6584
6058
6059
6060
982
6062
6063
1387
6065
6066
6067
6068
6069
6070
6071
5384
6073
4475
4395
5195
6077
4062
6079
2510
6826
8537
6083
3233
8316
6086
6087
6088
8983
6090
6091
6092
6093
6094
6095
6096
2241
9024
6099
4970
5399
7257
6103
6104
6105
6106
6107
6108
8435
6110
2258
504
6292
2372
303
6116
9033
6118
6119
6120
6121
6122
2846
980
6125
2960
6127
6128
9909
7496
6653
6132
2367
6134
4094
6136
8543
6138
6139
3809
6141
6142
1509
6144
6145
2813
6147
3160
4093
1068
6151
6152
6153
5950
6155
6156
6157
4290
6159
8563
9448
8836
6163
6164
6165
6166
6167
7512
2639
6004
296
281
6173
6174
6175
6176
2365
6178
6179
8114
9639
6182
6183
6184
6185
1145
6187
6188
6189
1901
6191
6192
6193
2181
2442
6873
6197
6198
6199
6200
1003
4983
6203
2579
2742
6206
9081
111
6209
6210
963
6212
7795
9826
6215
2168
6217
1516
6219
823
6221
6222
9881
6224
6225
7570
9072
3234
6229
6230
6231
6232
6233
6234
4736
5278
1026
193
9349
5316
5640
4503
3847
6321
6948
3477
6247
6248
6249
6250
3819
6252
6253
6254
6255
6256
6257
5828
6259
6260
6261
6262
6263
6264
3894
6266
6267
6268
6269
6270
6271
6272
2225
6274
446
6276
6277
2685
6279
8916
6281
6282
7275
6284
9507
6286
6287
7129
6289
6290
6291
6113
5283
795
6295
6296
6380
6298
6956
6300
6301
4311
9835
6304
4686
6306
6307
6308
6309
6310
6311
6312
6313
6314
6315
6316
6317
7513
6319
6320
9701
8128
6323
6324
2918
2502
4908
6328
6329
8122
6331
6332
3891
7177
6335
6336
6337
6338
6339
9753
6341
6342
6343
205
2905
4373
1363
6348
6349
6350
2890
5977
6353
8524
6355
6356
1445
6358
6359
6360
6361
6362
5679
6586
5859
6366
6367
6368
2838
7947
6371
6372
7138
1841
6375
6376
6377
3410
6379
884
3777
6382
6383
7371
6385
2764
6387
6388
9197
4632
6391
9684
6393
6836
8915
4962
2934
6398
6399
6400
6401
6402
6415
6404
6405
8232
349
6408
3556
6410
5003
6412
622
6414
579
6114
6417
6418
6419
6420
5292
6422
6423
8961
7345
4196
6427
6294
6429
9612
5071
6432
339
932
6435
6436
1481
9800
6439
1518
6441
5204
3586
3127
6445
6446
6447
3914
5904
2684
4667
9636
6453
7893
6455
4704
7752
7931
6459
6460
6461
6462
4101
6464
3058
6939
4545
6468
6469
6470
6471
9981
4640
6474
9235
6476
6477
6478
6479
6480
9363
6482
6483
889
5616
7017
6487
3224
8225
6490
6491
1762
8586
669
6495
8769
6497
4433
9174
6500
5255
9165
5246
6504
6505
2558
6507
7425
5742
6510
6511
6512
6513
9048
5750
4051
6517
6518
6411
9606
6521
6522
2192
6524
6525
6526
1742
6528
6529
6530
6531
6532
6533
6534
6698
6536
6581
6538
4042
6540
6541
6542
1440
6544
4260
2895
6733
1181
4123
6550
6551
6552
6553
6554
6555
9430
6557
6558
6559
6560
6561
9151
6563
2552
3358
6566
6567
2980
6569
6570
5471
5015
6573
5068
4514
4592
6577
6578
6579
6580
3369
6582
7142
9686
6585
6722
6587
6588
6589
6590
6591
9891
6593
9091
6595
6596
6597
2663
2302
6600
6601
6602
2724
6604
5043
6606
6607
6608
3554
6610
6611
6612
1611
6614
6539
2183
6617
386
3454
6620
6621
6622
5200
6624
1546
2076
6627
2066
6659
6630
6631
6632
4888
9574
9735
610
8641
6638
1091
4236
1986
3821
97
6644
1598
3218
7998
7200
1580
6650
1932
6652
6131
6654
6655
6656
6657
6658
6629
9342
6661
6662
6663
8379
6665
4855
4141
321
2790
1295
6671
5649
6673
6674
6675
6676
7558
6678
6679
6680
8458
7673
6683
6684
6685
6686
8757
6688
3953
6448
7627
6692
6693
6694
6695
6696
9268
964
6699
4410
8018
6702
6703
6704
4032
6706
2657
6708
6709
455
6711
6712
451
6170
2629
3893
6717
6718
8213
6720
7546
5307
6723
6724
6725
6959
6727
6728
6729
6730
3697
2967
6547
2033
1245
5919
6737
6738
3469
6740
3188
9428
6743
6744
6745
6746
6747
1557
6749
637
6751
6752
8623
2607
98
1804
825
6758
5596
7018
6761
9287
6763
4201
6765
6766
6767
5872
6769
387
6771
6772
6773
5533
6775
7346
6777
6778
6779
6780
6781
6782
6783
6784
6785
6786
8119
74
6789
5985
4562
6792
5301
6794
1882
6796
6797
2856
2213
6800
2227
457
6677
6804
6805
6806
6807
4312
6809
6810
6811
621
6047
6814
6815
8325
9633
8369
549
6820
8401
7301
6823
3379
6825
6081
5538
6828
6829
4550
6831
6832
2990
6834
650
3535
6837
9318
4284
6840
3028
6842
1566
6844
4183
6846
6847
6848
6849
5696
6851
6852
6853
1659
9111
6856
1076
6858
8902
6860
6861
4170
6863
6864
6865
6866
3
3692
6869
6870
6871
6872
7706
6874
9802
3351
6877
2191
3700
1526
6881
1998
6883
6884
6885
6886
2882
6888
5826
6890
6891
6892
6893
6894
6895
6896
6897
588
1720
4338
6901
6902
6903
6904
3339
6906
6907
6908
6909
3867
6911
6912
6913
6914
6915
6916
4040
216
6919
6920
7461
9796
6923
6924
3572
6926
6927
6928
6929
6930
681
5351
6933
8856
2522
5769
6937
439
6466
5497
6941
4779
6943
6944
6945
6946
5995
8642
2798
818
6951
6952
714
8460
2763
6299
6795
6958
81
6960
6143
6962
7639
6964
6965
4484
6967
6968
9006
3992
6971
6972
6973
7711
6975
7774
5887
7173
5611
6980
6981
9358
6983
6984
2384
4460
9223
7658
6989
6990
9582
5593
5809
6994
6995
6996
6997
6998
6999
7000
7001
7002
3963
7004
5091
395
2862
7008
7009
7010
7011
7012
1768
7014
7015
2185
6486
8121
7019
314
3673
119
2655
7024
7025
1521
7027
7028
7029
7030
7031
9955
7033
7034
7035
2356
7037
7038
7039
1754
7041
5555
7043
3047
7045
9442
7047
7048
7049
1820
8654
3869
7053
7054
5641
6430
7057
7104
2705
4453
7061
7062
5157
7064
2534
7066
831
7068
7069
7070
4777
7072
3848
7074
7075
3691
7077
7078
4360
7080
7081
7082
1187
2402
7085
2112
4370
5960
3904
7090
7091
7092
7093
7094
7095
8090
3040
7098
1905
7100
7101
2834
6207
9494
7105
4297
6882
8574
7109
3450
7111
7112
8418
7114
5757
7116
7117
1760
3462
7120
7121
7122
5928
7124
7125
7126
6519
8807
3346
1772
4665
6592
7133
1560
7135
5312
7137
2047
7139
1138
7141
4081
7143
802
9225
7146
7147
7148
545
7150
7151
7152
4335
7154
7155
3551
7157
7158
7159
4924
2378
7162
7163
3921
390
7166
7167
7168
5753
1345
5559
8351
6978
7174
7175
7176
113
7178
7179
7180
5350
7182
7183
7184
7185
7186
6705
148
3770
6443
7191
7192
8047
5163
7306
9167
7197
7198
7199
6648
7201
7107
564
7204
4218
2368
9630
7208
7209
7210
7211
7212
7213
7214
9493
7216
7217
7218
7219
605
7221
8440
7223
75
7225
7226
7227
9458
7229
7230
5310
1847
7233
7234
7235
8415
7237
7238
3568
7240
7241
7447
7243
7244
4079
7246
7247
7248
3989
1050
2413
7252
7253
7254
5286
7256
6102
7258
7259
7260
7261
7262
5465
7264
7265
7402
2305
587
7824
6701
7271
7272
7273
7274
5288
1411
2538
481
7279
7280
7561
7282
7283
2553
5723
8925
7287
7118
7289
7290
2405
8883
7293
7491
7295
7296
7297
7298
7299
7300
6115
3334
2005
7647
3008
7939
7307
7308
7309
7310
7311
9508
8723
9810
7315
8605
7317
4058
3214
1320
7321
7322
4280
5371
8310
7326
7327
7328
5355
1663
7331
7332
423
7334
7335
9275
3768
3261
7339
7340
1774
7342
4103
7344
2019
6776
7347
7348
9641
7350
7351
9638
7353
5746
7355
7356
7357
4574
2309
7360
8339
7362
7363
7738
3580
7366
7367
1859
1916
7370
4910
8995
7373
7374
8579
7376
3722
7378
9221
8131
9156
7382
7383
7956
7385
6636
7387
706
7389
513
7391
7392
4417
4321
7940
4775
7397
7398
8790
3480
6394
7599
582
7404
7405
7406
7407
6133
7409
7410
7411
7412
7413
7414
5580
7416
5587
7418
7419
7420
8395
7422
3236
7424
6508
5719
7427
168
806
7430
7431
7432
7433
7434
7435
7320
7702
7438
5808
4350
4792
7442
7443
7444
7445
519
7242
3390
7449
7450
1695
7452
7453
7454
7455
2357
7457
7458
3516
7460
3095
3829
7787
7464
7465
5790
28
7468
7469
7470
7471
558
7473
7474
7475
7476
3875
7478
7479
7480
7481
3733
7483
2420
7485
7486
7487
7488
7489
5389
7294
7325
3154
7494
7495
9362
2532
7498
3089
7500
4727
7502
7503
5626
7505
4513
6389
9032
8290
3463
4710
9833
3007
7514
7515
7516
7517
7518
7519
7520
7521
7522
7742
7691
2617
7526
7527
4537
7529
7530
9795
8966
7533
7534
7535
7536
1452
7538
7539
7540
7541
7542
6813
7544
2728
6721
9219
7548
7549
7550
9506
7552
7553
414
7555
7556
7557
7073
7559
7560
7281
7562
7563
7564
7565
7566
7567
7568
1506
6226
7571
9777
7573
442
7575
7576
7577
7578
5702
8211
5311
7582
7583
7584
7510
877
8827
7588
7589
7590
7591
7592
7593
8005
1972
5932
7597
4035
7266
7600
1010
7602
1783
7604
2167
1996
7607
7608
7609
8690
8215
7612
4799
1894
2631
7616
6921
9181
7619
7620
2289
7622
7928
4092
7625
16
7765
7628
7629
7630
7631
7632
7633
5843
7635
2723
7637
1302
3536
7640
5463
7642
7643
4737
3204
7646
7304
7379
4700
4356
4646
2428
2556
9791
9931
7656
7657
6988
7659
7660
6148
7662
6044
7664
7665
7666
5945
214
8089
7670
7671
7672
4293
7674
7675
7676
3313
7678
962
4973
7883
3502
7683
7684
7685
2038
9675
7688
7689
7690
3936
7692
2421
7694
3898
7696
7697
7698
1101
4222
7701
6803
7703
7704
26
6625
6126
7779
6190
7813
2977
4685
4307
7714
7715
7716
5267
7718
7854
1669
7721
7722
7723
7724
7725
7726
8212
2848
7729
3392
3674
7732
7733
42
304
7736
7737
5323
8236
2812
3180
5837
7743
8118
6691
3538
7747
8042
7749
1766
7751
6457
7753
7754
7755
7756
1937
4984
471
7760
2562
1726
7763
5486
7745
5873
4114
7768
4684
7770
7771
7772
5786
9290
7775
7776
7777
7778
9323
7780
7781
9901
3237
5487
6859
7786
7463
7713
3836
7790
7791
7792
7793
7794
6213
7884
7797
7798
7799
4535
7801
7802
7803
4672
1943
7806
7807
7808
7809
7810
7811
4996
3412
7814
7815
8732
5646
7818
3505
7820
7821
2450
7823
7269
7825
9772
4743
7828
5449
7830
3017
7832
7833
2209
1459
5305
7837
7838
7839
7840
2676
7842
7843
7844
7278
8135
8572
2516
5172
9487
7851
7852
7853
8442
7855
7856
4509
7858
7859
7860
1709
9035
7863
7864
7865
7866
7867
3350
1501
7870
7871
7872
7381
7874
2119
7876
7877
7878
7879
7880
7881
4839
7681
7796
5493
7886
7887
8332
2471
7890
9389
6748
2591
7894
1724
7896
7897
7898
2269
7900
7901
7902
7903
7904
6012
2163
7907
5227
5832
1175
9601
7912
7913
4506
9473
7925
224
7918
7919
7920
7921
7922
9653
7924
7916
2665
9570
7623
7929
7250
6458
9346
4249
7934
7935
7936
3688
7938
6351
7395
7941
7942
7943
4056
7945
7946
6370
7948
2815
7950
7951
7952
7401
7954
412
8188
5673
7958
7959
5831
6426
3970
7963
2920
7965
7966
7171
7968
1674
7970
2942
7972
7973
7974
7975
6798
7977
7978
7979
7980
2863
1116
8469
7984
9925
7986
7987
7988
7358
8801
7991
7992
5393
7994
7995
7996
6878
9725
7999
8000
2336
8002
8003
8004
5037
8006
2670
71
5609
4617
8011
8012
9651
8014
6075
8016
8017
7757
663
449
1731
8022
8023
4464
8025
8026
9143
8028
4735
2747
8031
1391
5441
1444
7441
3820
8037
3564
8039
8040
8041
8223
8043
8044
8045
7497
7466
8048
8354
8050
2432
8349
1738
3721
8055
8056
8057
8058
8059
9634
8699
8291
8063
8064
4778
8679
8067
5093
3080
2624
8071
8072
6976
585
8075
8076
8077
2827
4349
8080
6082
2081
8083
8084
1895
8086
2068
8088
7669
7096
8091
8092
2765
8094
5271
3361
4068
8098
8099
9484
8101
8102
3884
740
9986
9929
8107
6111
8903
8110
9319
5957
6535
8448
8115
8116
8117
7744
6787
6623
5308
6330
9429
8124
8125
4299
8127
6322
3793
8130
7380
8132
2622
8134
7846
8523
8137
9533
8139
8140
8141
1866
8143
8144
8145
8146
8147
8148
8149
9563
6714
8152
8153
8154
2778
7245
8157
8158
8159
5468
8161
8162
761
8164
8165
9457
8167
8168
8169
8170
8171
8172
352
6802
615
7531
8177
8178
8179
5021
8181
452
5232
2548
8185
8186
4085
7384
8189
2578
8866
8192
8193
6979
1211
5320
1130
8198
2404
517
8201
3906
9647
8204
9758
7727
8207
7428
8209
8210
2136
612
1296
1677
9210
8216
8588
8218
8219
8220
8221
3219
7748
8224
4728
8226
8227
8228
9678
1609
1198
9142
8233
1572
8235
8893
8237
4960
3144
9834
7655
9655
8243
8244
5482
8246
8247
5259
8249
8250
8251
8252
4604
8254
8255
8256
6386
5242
8259
8260
7446
8262
8263
8264
8265
9654
8267
5634
1811
8270
8271
8272
8273
8274
8657
8276
2048
8278
8279
8280
8281
9236
399
1040
8285
8286
8287
2477
8289
7509
8062
9361
9420
1123
5490
359
9062
8298
8989
5030
8301
1825
8303
8304
1338
8306
8307
8308
8309
754
125
8312
8313
8314
5334
6085
8317
8318
8319
8320
8321
8322
8323
8324
7408
8326
780
7375
6516
8330
8331
7888
8333
8334
8335
8336
8337
8338
4230
1197
9845
9029
8343
194
8345
8346
2844
4882
9277
8350
1287
8352
8353
8049
1174
8356
8357
8358
4357
8482
2817
8362
8363
8364
8365
8366
8367
8368
6818
1012
8512
7543
8373
3134
8375
5089
4328
8378
4305
8380
1803
8382
8383
8384
8385
2545
8387
8388
9230
8390
4586
246
8372
8394
630
1963
8397
8398
3120
5814
6821
5285
8403
8404
8405
9098
1641
1930
2645
8410
9011
5625
8413
7964
7236
8416
8417
5322
8419
3769
9740
8422
5891
8424
8425
419
8427
8428
5408
9382
8431
8432
8433
8434
8776
8436
9015
8438
8439
7222
4162
7719
4986
8444
8445
8446
2753
8548
8449
4884
8451
8452
8453
8454
3106
8456
8457
6681
112
8030
8461
4558
6732
8464
5623
4339
9832
8468
7983
8470
8471
1341
8473
9051
8475
8476
8477
8478
8479
7782
849
8664
8483
8484
8485
4273
7276
8488
8489
4131
8491
8492
5597
8494
8495
8496
8497
8498
8499
8500
1629
6160
8503
8504
8505
8558
8507
8508
4810
8510
8511
5773
8513
2374
8515
8516
4715
5000
1639
608
8521
8522
8136
6354
8525
8785
5033
8528
8529
3489
9727
8532
8533
1495
8535
3345
8081
8538
8539
8540
8541
8542
1276
8544
5776
9050
8547
6180
8549
8550
8551
8552
8553
8554
8555
8556
8557
8506
8559
8560
1079
3511
8502
8564
6887
6760
176
8568
8569
4734
8571
7847
8573
7108
8575
8576
3391
8578
8328
6265
8581
8582
8583
8584
8585
6493
8587
8217
8589
8590
8591
8592
39
9799
8595
8596
8597
8598
8599
4811
8601
8602
4552
8604
7316
8606
8607
8608
8609
8610
8611
8612
8613
8614
981
8616
278
8618
8619
8620
8621
5053
6753
8624
8625
8626
8627
8628
456
1643
8631
8632
435
8634
8635
8636
4740
8638
424
781
6637
2040
5215
8644
8645
5627
120
2936
8649
8650
4890
4994
8930
7051
9265
8656
8275
658
8311
8660
8661
8662
8663
4200
8665
8666
9757
8668
7649
8670
8671
8672
8673
8674
8675
8676
8677
4781
9459
1008
1322
3661
8683
8684
8685
3287
1244
8174
3549
7610
8691
8692
8693
8694
319
5394
8697
8698
5297
1798
7359
8702
2347
8704
8705
8706
7303
8708
8709
8710
8711
8712
8713
7740
8715
5167
8717
8718
2099
8720
8721
8722
4452
9328
8725
6545
8727
8728
8729
8730
8731
3381
8733
8734
2082
8736
9326
8738
8739
3280
1326
3642
8743
9573
6910
1361
8747
8748
7224
8750
9395
8752
8753
8754
8755
2488
6687
2551
8759
602
4564
8762
7291
8764
8865
8766
8767
2569
1336
2229
8771
8772
8773
9991
8775
3701
2964
8778
8779
8780
1701
8782
1270
3789
8526
8786
1878
6575
8789
7399
8791
8792
2344
8794
8795
8796
8797
14
8859
8800
5049
8802
8803
8804
8805
3302
7128
8197
8809
8630
4485
682
8813
8814
4385
2560
4830
127
8819
384
8821
696
8823
8824
3323
6788
6799
8828
8829
8830
8831
8832
4790
8834
8835
6162
5825
6647
8839
8840
8841
8842
8843
5527
8845
4618
8847
8848
7915
3333
8851
7569
8853
8854
8855
6934
8857
8858
8799
8860
8861
8862
8863
2620
8765
8191
8867
8868
8869
8870
8871
8534
8873
8874
8875
5084
8877
8878
8879
8880
8881
8882
7292
351
8885
8886
8887
8888
8889
1406
9619
8892
2250
8894
8895
5821
1697
8898
8899
8900
8901
7785
5999
9677
8905
8906
8907
8908
8909
8910
8911
8912
8913
8914
5861
6280
3114
8918
8919
2370
8241
8922
9505
8924
3739
8926
5411
8928
8929
4554
8104
8932
5699
5369
8935
2255
8937
5115
7827
8940
3249
7032
251
6791
8945
8946
8947
1096
8949
199
8951
8952
8953
8954
1303
8956
8957
8958
8959
8960
6424
8962
8963
5855
8965
5106
8967
5430
8969
8970
8971
833
8973
8974
2517
158
8977
8978
8979
909
8981
8982
6431
5864
8985
8741
8987
4808
9524
8990
8991
8992
8993
8994
9603
9377
8997
2930
8999
9000
9779
9002
7102
9004
2758
4659
9007
9008
9009
9010
8411
9348
9013
993
1255
8463
9017
701
9019
9020
9021
1457
9023
6098
5894
9026
5678
9028
8342
9030
3033
7508
6117
7439
7862
9036
404
9038
9039
9040
4835
9042
9043
7547
9045
561
2147
9454
2656
8546
8474
9052
9053
6440
9055
9056
3504
9058
9059
9060
9061
8297
9063
9064
9065
2440
9067
9068
5791
9070
9071
9861
939
9074
9075
9076
9077
9078
3845
2733
192
9082
9083
9084
9085
2673
9087
9088
9089
9090
6594
9092
2284
9094
9031
2416
9097
3402
9099
2052
3566
9102
9103
9104
6867
4053
2490
9108
9109
9110
6855
5604
9113
9114
9115
9116
9762
9969
9119
9120
9121
9122
752
9124
848
9126
9127
9128
9129
3517
6731
540
9133
9134
9135
3291
9137
9138
9139
7603
8074
6406
8027
9144
9145
9146
9147
5975
8381
500
6562
5592
9153
9154
5266
7873
9157
9158
9159
9160
8658
2570
1778
9164
6502
9166
7196
9168
9169
9170
9171
9172
9485
6499
9175
9176
1229
5551
9179
9180
1143
8093
2985
9433
9185
9186
9187
9188
9189
9190
9191
8386
6005
8261
977
9196
7626
7613
9199
9927
9201
9202
9203
9204
9205
9206
9207
9208
9209
7611
9211
940
9213
9214
9215
9216
9217
9218
2251
9220
7677
9222
6987
9224
9611
1183
9227
41
9229
8389
9231
9232
9233
9234
9857
7086
9237
8936
9239
9240
3468
2594
9243
9244
3199
9246
9247
9248
434
9250
9251
9252
9253
9254
9255
9256
3606
2064
5618
2091
9261
9262
327
9264
2770
9266
9267
4493
9269
9306
9271
9272
9273
389
7336
9276
4649
4963
1358
9280
3994
9282
3407
9284
9285
9286
3111
9288
5880
267
9291
7981
4584
9294
9295
685
9297
9298
9299
9300
373
9302
9303
9304
4287
9872
9307
422
9309
9310
9311
2744
1155
9314
9315
9316
9317
1424
8111
7368
9321
9322
7708
9324
9325
9424
9327
9644
9329
9330
9331
9332
9333
9334
9335
9336
9337
9338
9550
9340
1419
6660
1306
9344
3027
1298
1319
9012
6239
9350
9351
9352
9353
9354
4086
9356
9357
7251
9359
9360
4243
6032
6481
5403
9365
3377
5170
9368
9369
9370
9371
9372
719
6325
9375
9376
5391
3228
4479
9378
9381
2438
9383
9384
9385
4927
2947
9388
7891
9390
9391
9392
9393
9394
8751
9396
9397
9398
9399
9400
9401
9579
9403
3732
3124
4816
9407
9408
6816
2632
9125
9412
9413
9414
633
9416
4872
9418
377
8293
7056
9422
9423
5794
9425
365
9427
6742
8123
9637
9431
9432
5925
9434
9435
9436
9437
4083
9439
9440
9441
7046
9443
9444
601
9446
9447
6161
184
2348
4014
9452
9453
6514
9455
4
8166
7228
8066
2715
4847
9462
5768
827
9465
9466
1173
9468
9469
9470
9471
9472
8849
9474
9475
4930
1960
9478
9479
9480
9481
9482
5876
8100
1543
9486
209
9488
674
9490
2020
9492
7215
130
9495
9496
2207
9498
9499
4455
9501
4990
9503
2584
8923
7551
4235
7312
9509
9510
9511
9512
9513
9514
9515
7302
7417
9518
9519
9520
9521
9522
9523
2379
9525
9968
5570
9528
4787
9530
9531
9532
8138
9534
9535
9536
2480
6454
9539
9540
9541
6205
9543
3239
4207
959
9547
9548
9549
252
9551
9552
9553
9554
9555
9556
9557
9558
9559
9560
9561
3384
6238
9564
5261
9566
9567
9568
1946
1093
143
9572
420
8812
9575
5363
9577
9578
9402
2120
5001
6991
9583
9584
6195
9586
9587
9588
9589
9590
6438
3304
6568
9594
9595
9596
9597
9598
82
9600
7911
2264
7372
9604
9605
6390
9607
9608
8015
9610
4528
8927
9613
9614
6172
5682
3300
9618
3338
9620
8746
9622
9623
9624
8566
9626
348
9628
9629
7207
9631
2600
6817
8060
9635
778
9803
9962
3978
9640
3522
9642
9643
8724
9645
1679
8203
9648
9649
8758
8013
9652
1865
8266
8242
5073
6506
4948
9659
9660
9661
9662
172
9664
9665
9355
9667
9668
9669
4352
9671
3398
9673
9674
1780
9676
8904
8229
3908
9680
9681
2795
454
3244
9685
8976
9687
9688
5860
9690
9691
9692
9693
6242
9695
9696
9697
9698
9699
3194
4561
9702
9703
9704
5027
9706
6046
9708
4372
9710
9711
9712
2161
9714
8781
9716
708
9718
9719
9720
8443
9722
9723
9724
4968
5300
8531
5094
9729
9730
9731
9732
9733
9734
6635
9736
202
5955
110
6556
234
9742
3434
9744
9745
3911
5560
7255
9749
8407
9751
9752
9141
9754
9755
9756
8667
3747
9759
1805
9761
9117
9763
9764
9765
4346
1254
1987
9769
9770
9771
5730
8173
9774
5927
9776
9106
9778
4002
9780
1024
9941
2716
9784
9785
9786
9787
9788
9789
9790
3087
3308
372
9794
8176
7617
9797
9798
3253
2435
7393
3085
7585
542
1205
9806
9807
9808
9809
3208
9811
9812
9813
9814
9815
9816
9817
9818
4333
9820
6669
4911
9823
9824
9105
6214
3766
3043
9829
9830
9831
2124
6168
2979
6922
9836
2588
8825
9839
5583
8108
9842
1979
9844
8341
6027
9847
5038
9849
9850
1380
9852
9853
3197
9855
9856
8032
3425
9859
9860
3510
9862
9863
611
4688
9866
9867
9868
4416
9870
9871
5379
9873
9874
9875
323
9877
9878
9879
9880
6373
9882
9883
9884
7819
9886
9887
2549
7841
9890
6442
9892
9893
1887
7400
7739
5931
9898
9899
9900
2248
9902
9903
9904
4212
9906
9907
1948
6129
2739
9911
9912
9913
5512
9915
9916
9917
8051
9919
9920
881
4961
9923
9924
7985
1432
2226
9928
8106
9930
9538
9932
1790
9934
9935
4595
9937
9938
5844
2680
9782
9942
9943
9944
2469
826
3193
9948
9949
8374
1340
9952
9953
9954
4275
156
9957
7615
9959
9960
9961
7352
9963
9964
9965
6051
9967
9526
9118
9715
9971
8391
9973
6158
9975
6936
9977
2769
9979
9980
6472
9982
8777
9194
9985
8105
7773
9988
9989
9990
808
9992
9993
9994
109
9996
9997
9998
662
10000
