1
3552
3
4
6577
6
7
3672
9700
8191
7475
7473
6889
14
6843
2685
6034
18
19
553
21
3195
23
9381
5873
2376
27
4547
29
4825
31
32
33
34
9499
7784
2261
9336
2959
8040
41
42
2167
44
8080
46
47
7055
388
50
51
6814
4235
1726
5405
56
5574
58
59
60
61
6366
63
64
5282
66
1776
68
432
70
71
72
3525
5230
9853
8642
77
6017
8931
80
81
5614
8575
84
85
86
87
4956
89
3193
91
9552
5989
94
7918
7109
97
7952
2544
100
2542
4432
103
104
7656
106
1646
2046
109
110
111
112
113
114
7828
116
117
118
119
120
121
8655
6243
9358
125
126
2312
128
5117
130
131
132
133
8660
135
1429
137
3628
6077
2407
141
142
166
3494
3324
1303
147
3954
9569
150
5511
1705
2431
5843
155
1633
8653
6857
159
160
161
7481
8249
164
165
143
9141
2083
169
7324
171
172
7054
6038
3553
176
7094
178
179
180
181
5912
9551
184
185
186
1599
188
189
190
4070
192
193
1434
195
196
197
9438
199
200
201
3387
2637
8307
8966
206
207
208
209
210
211
212
213
9328
215
5021
217
7920
219
220
5195
222
223
224
225
5911
227
228
229
230
231
1819
2106
2939
351
236
5174
238
239
240
241
242
6470
5562
245
246
8755
248
777
8795
251
6545
253
254
9290
256
7462
258
259
260
261
262
263
9418
265
266
1294
268
269
270
2990
3807
273
274
275
617
277
278
279
280
281
282
8288
8265
8340
6115
287
288
289
821
6408
807
293
294
7085
296
1678
298
299
300
301
302
303
304
305
306
690
1072
8030
310
6858
312
9743
314
315
3526
2412
318
3384
320
8416
322
7713
324
4207
5585
327
328
8788
330
331
1154
333
7113
8726
336
3333
1432
339
8668
341
342
343
9930
1761
7129
1249
348
4824
1956
4960
352
353
7729
355
356
357
2800
2064
5384
8166
362
363
9497
365
1883
367
368
369
370
371
1638
373
3230
375
5731
377
378
8623
6114
1960
382
3316
829
385
8211
7202
7037
389
8196
4023
392
3867
394
6346
396
397
398
399
4921
4909
402
403
404
2680
406
407
408
409
2102
9102
5798
7084
3485
4846
416
1564
418
9688
6811
5836
422
8297
1144
3875
426
7331
428
429
2550
431
69
3944
434
9414
436
437
438
439
1295
441
5309
443
5330
5936
446
447
448
9772
4479
7851
452
3274
454
455
456
457
458
459
460
461
998
463
6260
465
1374
4649
2931
9879
470
471
6458
7500
5219
475
476
477
478
2104
480
481
482
473
7105
6056
486
487
3649
2666
490
2762
4195
5098
494
495
8873
497
498
2122
3990
501
502
503
504
505
3605
507
4273
509
415
511
512
513
514
9242
9997
517
309
1731
4286
521
6238
523
524
525
7153
527
9968
529
530
531
532
533
838
535
536
7414
7217
539
540
7728
542
543
544
545
546
547
548
549
550
551
3938
2408
2782
555
556
557
950
7108
560
561
5385
563
564
565
566
425
568
569
570
571
4574
573
442
6594
7668
7137
2512
1093
528
2091
582
583
584
8674
3548
5778
283
589
590
3231
8948
5140
594
595
596
597
5642
599
600
601
5428
603
3630
605
606
607
608
609
610
611
612
613
614
615
616
15
888
619
620
621
622
623
624
2014
626
9296
1442
4001
630
2311
632
4080
3433
6978
636
6815
638
639
6975
641
4469
9183
644
8866
1583
647
3818
649
650
6365
652
653
654
655
656
657
658
9833
660
661
662
5842
4006
665
666
5089
3079
669
6363
671
8209
673
9701
675
5517
677
2739
5756
4617
681
6505
683
684
6258
686
3919
688
689
307
691
101
693
694
695
5833
697
698
699
700
381
804
3611
2917
1119
5344
6455
6792
709
710
984
712
5924
714
715
716
3020
718
1334
6348
721
9760
723
724
7579
726
727
728
729
730
731
7111
9745
5879
735
1161
4777
738
739
854
741
742
743
6631
1581
746
747
748
8695
750
1891
866
753
754
755
756
757
319
7317
760
1936
4487
7344
764
765
766
9165
2766
8926
3759
3914
772
5708
774
775
776
6862
3431
779
8382
781
2741
783
784
785
2126
9243
2217
789
790
4376
792
793
8007
795
1898
491
8135
9689
800
801
802
803
702
7440
806
9788
808
809
810
811
7173
1707
7780
815
9827
817
2402
4413
820
9798
822
823
8801
825
3532
827
828
8071
830
7965
7982
5787
834
9474
6253
837
1676
839
840
841
1399
843
844
4537
846
6101
848
849
850
4072
852
3322
740
5603
1096
2342
3029
859
860
6739
8704
2744
864
865
6035
1765
868
4086
7766
871
1090
1150
8937
875
876
3760
5450
879
880
25
882
883
884
885
6128
8927
5650
889
890
1450
892
893
2359
9592
3038
897
5481
9835
3816
2802
9367
903
904
9050
906
1622
2247
909
910
8042
5443
9023
914
915
3467
9158
918
919
920
921
922
923
924
925
926
927
928
929
930
931
2338
8718
934
935
936
937
2541
9907
940
941
942
943
944
945
5010
947
948
949
4372
4759
952
8942
954
90
956
6126
958
3617
960
961
962
963
6208
9085
6199
967
1128
969
970
971
972
973
9616
975
976
977
978
979
6276
1753
7937
8553
711
4615
813
2012
3134
9152
5942
9213
3684
993
4647
7854
996
2838
462
8377
1000
1415
1002
1003
1004
1005
3641
1007
1008
1009
1010
9159
1012
6586
1014
1015
1016
1017
1018
1019
5011
4881
1022
1023
6285
4158
3390
1027
5223
1543
1030
1031
1032
8001
9723
3459
7035
1037
1038
4002
157
1041
6804
1043
6342
5996
1046
8625
1048
1049
1050
1051
1842
1053
1054
6110
1056
1057
3107
1059
5846
1061
1062
2295
1064
1065
3995
1067
1068
1069
5016
1071
308
1073
1074
9863
6008
2976
1078
5465
7868
6744
1082
1083
1084
7206
6063
5258
9531
3151
872
8426
1092
579
1094
1095
856
1097
1098
9058
1100
1101
1102
1103
1104
1105
1106
598
1108
1109
8088
5181
9428
1113
1114
1118
1116
2907
1115
6241
1120
6606
1122
3937
8486
1125
1126
1127
968
9059
7450
1131
1132
1133
7991
1135
5580
1137
4591
3354
6006
1141
3785
1143
4838
1145
1146
3828
1148
1149
3778
9491
1152
1153
332
1155
6081
7842
1158
1159
1777
736
1162
5160
1164
1165
1166
1167
2614
1169
7420
1171
3958
7970
1174
43
1176
1177
4442
1179
1180
1181
1182
1183
5743
1185
1186
3015
22
9053
1190
4943
1192
6269
1194
7618
1196
3432
4646
1199
1200
5908
4639
5866
1204
1205
7468
6680
1208
1209
1210
1211
1212
7315
1214
1215
1216
6296
1218
2919
2381
1221
8
1223
6089
8250
1423
1227
1735
1229
1230
3224
6847
1233
5947
1235
1236
1237
1790
2712
1240
1241
9427
1243
1244
1245
1246
1247
8323
3576
7445
1251
1252
2761
1254
1255
6943
1257
9450
9341
1260
1261
1262
1717
9259
1265
3868
9795
1617
5114
1270
1271
577
1273
1274
1275
3018
1277
1278
5421
7407
3357
1282
1283
4151
8062
1286
1287
1288
1289
4706
1291
586
4675
267
440
1296
1297
2351
1299
1300
1301
7216
146
559
1305
1306
1307
1308
1309
1310
1311
1312
1313
2146
483
1316
1317
5993
8002
1320
1321
2390
1323
8095
1325
1326
5737
1664
1329
1330
7213
2164
1333
719
8967
1336
1337
1338
1339
1340
1341
4407
1343
2783
3891
1346
1347
1348
1349
1350
7363
7894
1353
1739
390
1356
1357
1358
1359
6583
1361
9161
1363
1364
1365
1366
1367
1368
7743
6503
6467
1372
6883
466
1375
1376
1377
1378
1379
1918
1864
1382
5584
9148
1385
1386
1387
1388
7457
1390
1391
1392
4338
3457
2949
9912
1397
6174
842
1400
1401
7826
1403
9736
1405
1406
1407
1408
1409
8838
8038
1412
8363
1414
8971
1416
7437
1418
1981
4610
1647
4446
329
1424
2896
1426
1427
1428
136
1430
4793
8951
1433
255
1435
5237
3733
1438
1439
1440
1441
7593
1443
9675
9805
1446
2948
4406
4088
891
1451
1452
1453
1454
7687
1456
1457
2418
9706
1460
1461
1462
1463
1464
4871
8065
1467
1468
1469
1470
9873
1573
1436
1474
1475
6661
1873
7939
1479
1480
2488
1740
3619
6229
1485
1219
1487
1488
1213
5674
8999
1492
3475
1494
1495
1496
991
2515
1499
6339
8784
8405
444
1504
53
1506
6709
1508
1509
4561
8424
1512
9807
1514
9493
1516
1517
9849
1879
1520
4349
7857
1523
1524
1525
1526
1527
1528
1894
1530
1531
1532
1533
1534
1535
1536
1537
1538
1611
9329
1541
1542
1029
1544
57
6673
9316
1548
5495
3005
1551
1552
1553
1554
1555
1556
1557
9587
1559
1560
1798
5270
1563
9993
1529
1566
1567
2111
1569
1570
1571
1572
1472
1505
7067
2310
1577
1578
8742
1580
745
6185
124
5576
5579
1586
3782
2851
8204
2865
1591
5903
1593
1594
1595
1596
1597
1471
187
1600
1601
9455
4832
1604
1605
9337
1607
1608
1609
1610
1539
1612
6559
1614
1615
1616
1909
6839
9597
1620
1621
7792
1623
1624
8524
3917
3884
1628
8075
1630
1631
1632
156
1634
1635
1636
1637
9347
4804
4886
1641
1642
1643
1644
417
107
4063
8634
8121
7672
1651
1652
6580
5071
5716
1656
1657
1658
8548
6863
1661
6492
2649
6143
6693
2828
1667
6621
1669
8450
1671
1672
1673
1674
2753
534
8568
297
1679
1680
1681
1682
5554
1684
1685
1686
1687
4091
1689
1690
1691
1692
1693
2835
3591
8428
5835
1698
1699
1700
2216
1702
1703
6098
6986
1706
9546
1708
1709
1710
1711
6313
9911
5577
1715
6655
8009
1718
1990
3085
1721
5818
1723
1117
1725
54
1727
3980
5266
3381
9057
1732
1733
1734
1228
1736
1737
1738
2361
1482
4481
6741
1743
7017
1745
3360
1747
1748
2924
1750
1751
4036
981
1754
1755
8546
1757
1758
1759
8025
9048
1762
9656
1764
2630
6281
1767
8859
3953
1770
1771
1772
5949
6966
3950
67
9459
4779
1779
1780
1781
1782
1783
2513
9901
8279
1787
2657
692
4843
5738
1792
1793
1794
1795
1796
8577
2330
1799
8100
9313
7870
6860
5055
1805
1806
1807
1808
5719
6756
1811
1812
4703
1814
5994
1816
5082
3211
5250
8302
1821
1822
1823
1824
9295
1826
1827
7076
4294
1830
6286
153
1833
8876
1835
1836
1837
5417
423
1840
1841
8541
1843
1844
5726
1846
1982
1848
1849
1850
1851
1852
6327
1854
1855
1856
1857
2760
3350
7719
1861
4658
6618
1381
1865
1866
1867
1868
1869
1870
1871
1872
1477
1874
1875
1876
6850
6254
6708
1880
3228
9919
366
2689
1885
1886
5600
6641
7722
1890
751
5712
2821
8131
1895
3053
9139
4614
3342
1900
1901
2732
2582
1904
1905
1906
1304
6097
9426
1910
1911
1912
8826
9958
1915
8807
1917
1380
1919
1920
1921
5424
9392
1924
1925
8266
1927
1928
5682
1930
4470
1932
1933
1934
1935
761
1937
9527
1939
3070
9323
6742
1943
5713
1945
1946
6793
1948
1949
4549
1951
1952
1953
6908
1955
4157
3197
5029
7052
701
4605
1962
1963
1964
7805
1966
1967
2866
9020
2158
1971
8461
1973
1974
9276
1976
1977
1978
1979
2519
2150
8262
1983
1984
1985
1986
2166
9936
1989
1719
3299
1992
1993
5619
1995
1996
1997
6480
1999
6167
7090
2002
2003
2004
3688
2006
2007
2008
2009
313
2011
987
7121
9893
484
2016
8853
2018
2573
3984
2021
2022
2023
2602
4696
1650
2678
2028
2029
2030
3889
7325
6259
2034
2035
2036
2037
6824
105
2391
2041
8542
2043
2044
2045
108
2047
9024
2049
6783
3507
2052
2053
3966
2055
2056
4016
2058
2059
2060
2061
2062
4974
359
8425
4454
2067
2068
2069
4486
2071
2072
9965
2074
2075
2076
1028
7277
6535
8569
2081
2082
8830
2084
2085
2086
2087
2088
7740
8495
581
2092
2093
1786
2095
2096
2097
3722
8979
8747
2101
410
2103
479
4778
233
7688
6510
2109
2110
1568
2112
8139
5578
2115
2116
6464
2500
8408
2120
2121
499
1134
2124
2125
786
2127
2128
2129
7314
733
2517
2133
7000
2135
2136
2137
2138
2139
2140
3882
2142
2143
2144
2358
6086
9505
2148
2149
6611
7465
7584
6495
8155
9271
5030
2157
1970
2159
2160
7428
2162
2163
1716
2165
1987
4958
9416
4143
2170
2171
2172
8805
2174
3402
2176
2177
2178
1959
2180
5983
2242
2183
2184
2185
2186
2187
2188
6394
2190
4382
8136
2193
4003
2195
2196
2197
2198
1422
2200
5556
2202
2203
2204
2205
7692
2207
2208
2209
2210
13
8697
2213
9609
4279
3841
413
2218
8346
8175
2221
2222
2223
158
2225
2226
8233
2228
2229
6725
2879
2232
2233
2234
3571
2236
3691
2238
2239
2240
6180
4528
2243
2244
5607
4345
908
2248
2249
713
9408
1063
2253
2559
2568
2256
2257
2258
2259
3173
37
2027
7307
2264
1263
2266
6864
2268
2269
2270
2271
5965
2273
4967
2275
2276
2707
2278
2279
2280
2281
2282
3440
2284
2285
9172
2287
2288
2289
2290
2291
3451
2293
2294
2252
7088
9241
2298
5819
7935
2301
2302
2745
2304
2305
1815
2307
2308
2309
720
631
2652
2313
2314
2315
2316
2317
2318
2319
2320
2321
2322
5641
2324
2325
1938
5268
734
1279
1561
2331
2332
3666
2334
2335
5088
6130
4203
1281
7403
2341
3337
2343
2344
3604
9315
4934
6727
2349
2350
3301
2352
7855
6743
2355
7927
2357
2145
8350
2360
7047
5518
9735
326
2365
2366
2367
9457
2369
2370
2371
2372
2638
2374
2677
6293
2377
7186
5381
2380
1220
8809
2383
9321
8362
2386
7783
2388
2389
1322
8860
2392
2117
2394
8167
5051
5131
2398
2399
2400
4083
358
4511
2404
2405
2406
4375
5154
3854
2410
2411
317
2413
2414
8631
2416
2417
8418
2419
2420
2421
2422
9203
2424
4504
2426
2427
285
2429
6429
986
2432
4280
2434
2435
2436
3993
4305
2439
2440
2235
1217
2443
2444
2445
2446
2447
2448
2449
2450
7378
2452
2453
8908
3670
3951
9435
2458
1292
3175
2219
2462
2463
2464
2465
2466
2467
2468
2469
2470
2471
5470
2473
8984
2999
2476
2477
8490
7488
6037
2481
5790
2483
2484
2485
8390
1437
7714
8595
2490
2491
3284
2493
2494
8215
2496
8745
88
2499
2118
6271
9109
2503
9226
6168
2506
2507
2508
8516
4347
2511
578
1784
2514
1498
2516
2132
2518
6762
2520
8509
2522
2523
2524
2525
4847
6967
4333
2529
2530
4104
2532
5734
2534
2535
5653
2537
2538
2539
2540
5441
7400
1654
3537
3118
2546
7603
2548
2549
9565
2551
2552
2553
2554
2555
2556
2557
2558
3339
2560
3347
2562
2563
2564
2565
2566
2567
6934
2569
2570
2571
2572
2019
2574
2575
2576
2577
2578
6548
3598
2581
1903
2583
2729
2585
2586
8760
2588
2589
8398
9005
2592
2593
2594
8510
2596
2597
2598
2599
7862
7472
2024
5119
2604
2605
2606
2607
2608
2609
2057
3480
234
2613
6447
2615
139
1151
2618
2619
2620
5686
2622
3844
5909
5608
4172
2627
2628
2629
867
2631
2632
2633
2634
8910
2600
203
1203
2639
4100
2641
5022
2643
7299
2645
6213
2647
2648
5351
1232
4140
6485
2653
5661
2794
9910
4940
2658
2659
2660
2661
2662
3877
2664
5355
489
2667
2668
2669
938
2671
2750
2673
2674
2675
2676
4176
7274
7675
4278
3696
2682
2683
2684
16
2694
2687
8497
3436
2690
2691
2692
5766
6932
2695
7262
6700
2698
6228
9445
2701
4867
2703
2704
2705
3863
2277
2708
5680
2710
2711
1239
2713
1319
2715
6854
2717
1775
2719
5706
2721
7679
3311
2724
4598
2726
2727
4903
3150
6560
2731
1902
2733
5865
2735
2736
2737
2738
678
2740
2409
5326
2743
863
2303
2746
2747
3616
2749
2672
2751
2752
1675
2754
2755
6453
2757
221
2759
6212
1253
797
2763
3238
2765
4473
6911
2768
2769
2770
2771
2772
2773
2774
9897
2776
2777
2778
9318
2780
7498
9891
1370
2784
2785
2786
2787
2788
5859
2790
2791
2792
2793
7194
9114
4859
2797
2798
8041
1077
2801
901
2803
2804
2805
4103
2617
2808
2809
4033
6561
1877
9411
3422
5112
2816
9627
2818
2819
2820
1893
2822
6452
5824
2825
1193
2827
1666
2829
2830
2831
7373
2833
2834
1694
2836
2048
9086
7374
2840
2841
2842
2843
7735
3832
9829
2847
2848
2849
1749
1828
2852
5551
5350
2855
2856
7998
2858
3473
5043
9123
3141
2863
5026
1590
3599
2867
2868
2869
2870
2871
8077
6608
9385
6687
2876
2877
2878
4022
2880
9202
2882
2883
9307
2885
2886
2887
2888
6413
2890
7879
9208
2893
2894
2895
1425
2897
2898
2899
2900
2901
2902
2903
2904
2905
5799
3434
5393
2510
2910
3962
2912
4723
8421
2915
9937
873
1081
1486
2920
2921
2922
2923
5319
4130
2926
2927
2928
2929
2930
812
2932
8218
7503
3414
2936
2937
4312
2612
1455
2941
2942
5887
8118
900
5435
2947
1447
7932
2950
2951
3823
2953
8637
818
2956
2957
2958
39
2960
2961
2962
2963
8566
2965
2966
3912
2968
2969
5468
4651
7712
2973
1188
2382
3825
2977
2978
9902
3659
2981
4306
2983
2984
2985
3386
2987
8125
2989
4902
2991
2992
9884
2994
2995
2996
2997
49
8487
3000
3001
3002
3003
7763
7162
5035
3007
3008
5291
3010
8142
3012
679
9442
1187
3016
3017
1276
3019
3508
3021
8264
3023
7268
3025
3026
3027
6210
858
3030
6993
5001
3033
485
3035
3036
3037
896
8851
5701
3041
3042
3043
7742
3045
3046
5413
3563
3812
3050
3051
3052
9145
7152
5438
6368
4339
3058
3059
9249
3061
3062
3063
3064
3065
3066
3067
3068
3069
1940
3071
3072
3073
3074
3075
4153
5081
3078
668
167
8347
3082
3083
4962
5469
6928
2734
3088
3089
3090
6913
8707
6626
3094
3095
3096
3097
3098
2154
3100
6113
3102
8813
3104
3105
3106
1398
4820
3109
3110
5458
3602
3113
3114
3115
4655
3117
2545
3119
3120
3121
3122
3123
8530
4536
7295
3127
3128
3129
3130
3131
3132
3133
988
3135
3136
9166
3138
3139
8806
2430
3142
3143
3144
2601
7561
3147
6890
3149
6054
1089
3152
3153
3154
3689
3156
3157
3158
3159
3160
3161
1954
7957
3164
4506
6162
3167
1882
3169
3170
3171
3172
2260
3174
7385
1510
8862
3178
3179
3180
7555
3182
7761
3184
4621
3186
3187
7550
6806
3190
3191
3192
3650
3194
2974
3196
5555
3198
3199
5259
3353
3202
7833
3204
3205
5973
9089
3447
3209
3210
1123
149
7655
4810
3215
3216
3217
4729
3219
5227
3221
3222
9138
4363
3225
3226
8003
6353
3229
374
591
4459
3859
3234
3235
3236
3237
2764
5914
198
3241
3242
3243
3244
6722
3246
3247
3248
3249
4643
9013
3252
3253
7753
3255
3256
3257
5722
5300
3260
3261
8793
3263
9598
8913
3266
696
2742
3269
3270
3271
5968
3587
453
3275
7739
4325
9453
3279
3909
3281
3282
3283
2492
2375
3286
5135
9286
3289
3290
5498
9793
3293
6102
4425
3296
3166
3298
8312
3300
7245
3302
3303
3304
4049
4223
1035
3308
3309
2993
4062
4334
5340
3314
3315
383
3317
3907
2590
3498
3321
3539
3323
145
3325
3326
3327
3328
3329
6892
7968
3332
337
3334
3335
1201
2151
3338
1184
3340
4773
1899
7070
3344
6111
3346
8539
3348
3978
3297
3351
3352
3201
1139
5698
3356
8326
3358
9220
2265
3361
3362
3363
3364
4060
3366
3367
3368
3369
3370
3371
3372
3590
3374
3375
3376
9490
3378
8216
3380
4196
9101
1394
758
7163
3285
6482
3388
3389
1026
3391
6818
1991
3394
3395
3396
3397
3398
3399
3400
3401
1284
3403
3404
3405
3406
7705
3408
7412
3410
8687
3412
3413
5831
3415
3416
3417
3418
4957
3420
3421
8084
3423
6104
3425
3426
3462
3428
3429
3430
778
3653
634
5749
3435
1884
6060
3438
3439
2283
2911
3442
7032
3444
3445
412
1914
3039
3449
1055
2292
1791
4109
3454
5004
3456
3383
3458
3307
3460
5090
1860
3463
3464
5149
3466
4842
3468
3469
3470
3331
3472
2859
3474
3013
3476
7781
3478
1465
2611
3481
5838
7016
3484
414
3486
3487
6554
8994
3490
3491
2323
4168
144
3495
8571
3497
5560
2077
7774
3501
3502
3503
7731
3505
3506
5598
717
7853
6407
5568
291
2168
3514
3515
3516
3517
3518
3519
4744
3521
3522
3523
5066
73
316
3527
3528
3529
26
3531
3165
3533
5537
6189
5293
4718
3538
824
3540
3541
9722
8632
6449
3545
8122
3547
2459
763
3550
3551
7101
4619
3554
6905
2591
9021
7367
3559
3560
3561
3562
3048
3564
8552
3566
9391
3568
3569
3570
1670
3572
3573
847
3575
347
3577
3578
3579
3580
3581
4187
9908
3584
1640
6541
8072
8794
7029
4927
4034
3592
6800
3594
3595
3596
3597
1704
1968
1238
8730
3112
3603
1730
6844
3606
3607
3846
3609
3610
703
3612
6289
3614
3615
2748
959
3618
1483
3620
8912
3622
3623
3624
3625
3626
6352
138
8258
5624
3631
1355
3633
3634
3635
3636
9071
3638
3639
3640
1006
1908
3643
3644
3645
3646
3736
3648
7388
9720
3651
3652
1197
3654
957
8214
5751
3658
2980
4081
6930
3662
3663
3664
8452
8322
5157
3668
3669
2455
3671
3330
3673
9742
7507
3676
3677
3678
3679
3680
3681
3682
3683
992
3685
3686
3687
5538
3155
3690
2237
3692
3693
3694
4267
5204
7082
3698
3699
3700
9093
8728
3703
3704
7949
3706
3707
5096
3709
3710
6531
4467
6938
664
3715
3716
3717
3718
3719
3720
3721
2098
1491
3724
3725
3726
3727
3728
3729
3730
3731
3732
5308
421
5797
8532
3737
3738
3739
3740
1944
9403
3743
3744
3745
8352
6406
3748
3749
3750
3520
7429
3753
3754
3755
3756
3757
3758
5565
877
3761
3762
3763
7199
3765
3766
3767
3768
3769
3770
3771
3772
3773
9917
5647
3776
3777
6585
3779
9558
3781
3488
8820
3784
1142
5810
7318
3788
3789
3790
3791
3723
3793
3794
3795
3796
3797
3798
3799
8672
3801
3802
3803
3804
3805
1663
272
3808
1688
3810
391
3049
3813
3814
3815
2945
3817
3971
1722
3820
3821
3787
2952
3824
2955
9197
3827
1147
9205
1584
3831
2845
3833
3834
3835
3836
3837
8976
3839
9517
1701
3842
3843
6502
3845
232
1941
3848
3849
3850
3851
3852
3853
7543
3855
3856
3857
3858
8746
3860
2211
9463
2706
3864
400
4439
393
5127
8993
3870
3871
2353
3873
3874
1264
3876
2663
3878
3879
3880
3881
2141
3883
1627
3885
3886
3887
9533
2031
9964
1345
3892
6015
3894
6635
6916
3897
3898
9662
3900
3901
3902
3946
3904
7005
3392
1160
5679
3280
3910
3911
2967
3913
771
4738
8171
9484
3918
5876
3920
3921
3922
3923
3924
3925
3926
3927
349
3929
3930
9714
3932
3933
7721
9501
3936
645
552
3939
7066
3941
3942
7607
433
3945
9536
3947
3948
5962
345
2456
4878
5809
148
9342
3956
6795
1172
3959
3960
3961
3441
3963
3964
3965
7840
9387
7278
45
3970
4101
3972
6416
3974
9652
3976
3977
3349
3979
1728
3981
3982
6499
2020
3985
3986
3987
3988
3989
500
4366
3992
4212
999
8972
8679
3997
3998
3999
4000
629
1039
9239
4004
4005
2073
8440
6751
2255
4010
9967
4012
4013
4014
4015
2610
4017
5023
5620
4020
4021
6945
3811
7257
4025
4026
3245
6758
7214
4030
4031
4032
2810
1695
4035
8054
4037
4038
4039
4040
4041
4042
4043
5262
4045
4046
9866
4048
7737
4050
4051
5159
4053
7611
4055
4056
4057
4058
4059
3365
4061
3084
1421
9330
7200
4066
4067
4068
4069
191
4071
5526
4073
4074
4075
6340
4077
7330
4079
9115
3660
4082
5228
4084
4085
869
4097
7934
6205
4090
3809
4092
4093
9670
4095
4096
4199
4098
5476
2640
648
4102
162
8955
4105
9279
4107
4328
3259
4110
8810
4112
5048
4114
9281
4116
2531
4118
4119
4120
7992
4122
4123
4124
4125
4126
4889
4128
4129
4945
4131
4132
4133
4134
4135
4136
4137
7508
3800
2651
1362
4142
2169
4144
8438
4146
4147
4148
4149
8965
2175
4152
8268
5934
7140
4156
350
1025
4159
4160
8199
4162
6380
4164
4165
4166
4167
3493
4169
4170
4171
2626
4173
8812
4175
2986
4177
4178
5658
4180
4181
4182
7565
4184
7177
8811
3582
1033
4189
4190
9868
7080
4193
4194
492
2345
4197
4198
6542
4200
4201
4202
932
8588
6662
4206
325
4208
4209
4281
4211
2437
4213
7490
4215
4216
4217
10
4219
4220
4221
4222
6517
4224
4225
1226
4227
5980
4229
4272
4231
3711
1588
4855
1574
7704
4618
4238
8146
9771
4241
7576
1803
3208
4245
8970
4247
4248
4249
8311
4251
9460
4253
4254
9308
4256
4257
6947
9184
4260
4261
4262
4263
8152
2114
6912
3345
4268
4269
6920
7538
1769
2328
4274
4275
4276
4277
6306
7785
2433
4210
4282
2347
4284
4285
520
7338
4288
4289
4290
4291
5569
4293
1829
4295
4296
4297
4298
4299
4300
8066
4302
4303
4304
2438
2982
4307
8896
4309
4310
8476
6664
4313
4314
997
4898
5742
4318
4319
4320
4321
4322
4323
4324
3277
4326
4327
4188
4329
9845
1393
4332
8815
3895
4335
4336
4337
4331
6718
4340
4341
4342
4343
4344
1136
4570
853
9935
1521
4350
7847
4352
4353
4354
4355
4356
4357
5238
6871
4360
4361
4362
1231
4364
6936
3991
4367
4368
9004
4370
4371
8027
4373
4374
140
7733
4377
4378
4379
4380
4381
794
4383
4384
4868
4386
4387
4388
5329
4390
4391
4392
6055
8129
55
4186
4606
4398
4399
4400
4401
8887
4403
4404
4405
1395
1342
7463
4409
4410
4411
6493
819
4414
7830
4416
4417
4418
3278
5918
7458
4422
4423
8754
3295
4426
4427
4428
4429
4430
4431
102
4394
4434
4435
4436
4437
4438
8448
4440
5931
5261
4443
420
8676
2378
2681
4448
4449
4450
4451
4452
4453
2066
4455
7615
4457
4458
8591
2079
9451
4462
4463
4464
4465
4466
3712
1258
4523
9417
4471
4472
1950
5242
4475
4476
4477
4478
6999
4480
8938
8780
4483
9252
4485
2070
762
4488
2340
4490
4491
704
4493
4494
4495
4496
3291
335
4499
4500
8854
4502
4503
3206
8514
3822
8929
4508
4509
4510
2403
6571
4513
4514
4515
8006
4517
4518
4519
4520
4521
6325
642
4524
4525
4526
7389
2182
4529
4530
4531
4532
4533
4534
4535
3125
845
4538
4539
1847
1476
4542
4543
4544
4545
4546
28
4548
768
4550
6767
4552
4553
4554
1448
4556
4557
4558
4559
4560
3176
4562
4563
4564
6888
5937
4567
4568
4689
7207
4571
8225
8952
572
4575
4576
6223
4578
4579
9830
6802
6623
4583
4584
4585
4250
5748
8920
618
3967
1138
651
4593
6179
4595
4596
4597
2725
4599
4600
6386
7418
4603
9783
1961
4397
4607
4608
9344
6882
4611
4612
4613
2718
985
4616
2224
5860
175
8117
3185
6457
4623
4624
4625
4626
4627
8968
4629
4630
4631
4632
4633
4634
8592
387
4637
4638
1170
4640
4641
4642
3250
5999
4645
1198
994
4648
6483
4650
2971
4652
4653
4654
5951
4420
4657
9132
4659
7710
3957
4662
4663
8463
4665
4666
4818
4668
4669
4670
9889
7376
380
4674
8798
4676
5870
4678
4679
4680
4681
4682
4683
4684
4685
4686
7394
4688
4569
4690
2201
7843
5200
4694
4849
2025
4697
4698
4699
4700
1834
4702
989
4704
9588
1290
4707
9214
4709
4710
4711
4712
4713
4714
4715
8871
4717
7837
4719
4720
4721
4722
8447
3741
5269
7184
4727
4728
4901
4730
8109
8685
4733
9811
5502
4736
4737
3915
4739
4740
4741
8378
7969
3751
1820
4746
4747
4748
4749
6546
4751
4752
4753
4754
4755
5211
4757
6568
951
1445
5940
4762
8868
4764
4765
4501
4767
4768
4769
9904
4771
4772
1352
5595
4775
4776
737
5915
5982
798
4781
1130
4783
4784
4785
4786
8169
5906
1206
4790
9786
4792
5979
4365
4795
4796
4797
4798
4799
4800
4801
9366
4803
1639
4805
4806
4807
2806
4809
7286
4811
5796
4813
4814
1256
4816
4817
4667
6268
2191
4821
4822
4823
3928
30
4826
4827
4828
8891
1086
9146
1603
4833
4834
4835
4836
4837
424
4839
2696
4841
916
338
4844
4845
435
2526
9088
1020
4850
4851
4852
4853
4854
7638
8132
379
4858
2796
4860
4861
4862
4863
4864
4865
4866
6512
4385
4869
9987
1649
4872
9568
6958
4875
4876
4877
3952
4879
7028
2636
4882
4883
4884
8988
9620
4887
7552
4127
5353
4891
4892
4893
9832
4348
4896
4897
4316
4899
4900
643
4874
2728
4904
4139
4906
7441
4908
401
4910
4911
4912
4913
4914
3935
4916
5613
4918
4919
1589
3865
4922
4923
7689
4925
4926
3373
7961
4929
4894
4931
4932
7480
1332
4935
7298
5552
4938
4939
9137
5717
5284
1191
4944
2925
4946
4947
6787
4949
2884
4951
4952
4953
4954
6211
6707
3419
1107
4959
7810
8456
2723
4963
4964
1549
4966
2274
4968
4969
4970
4971
4972
1660
8628
4975
9703
9384
4978
2528
4980
1371
9082
4983
7426
4985
1140
4987
4988
6007
4990
4991
7459
5655
4994
4995
4996
4997
4998
8050
5000
4108
9124
5003
3455
8385
5006
5007
5008
5009
5306
9666
5012
5013
5014
5015
1070
5017
5018
5019
5020
8371
2642
9991
5024
9960
2864
5027
5028
1958
2156
5031
5032
4577
6755
9179
9776
5746
5038
5039
5040
6187
5042
2860
5044
5045
5046
5047
2767
5049
5050
2396
4582
5053
5054
7352
5056
5744
5058
5059
5060
8305
5062
5063
9051
96
9297
5067
5068
6619
5070
878
5072
5073
5074
5075
9035
5077
7915
5079
5080
3077
4292
4580
5084
5085
5086
5087
6634
5295
3461
4233
5092
5093
5094
5095
3708
5097
9409
5099
5100
5101
5102
6682
6410
5105
5106
5107
965
5109
5110
5111
2815
5113
1269
5115
5116
4019
8432
2603
4389
5121
5122
708
9654
4695
5126
1266
5128
5129
1889
2397
5132
5133
8046
3287
5136
5137
5138
5139
593
7438
6809
5143
5144
5145
5805
5147
8453
3465
5150
5151
5152
5153
20
5155
5156
7977
5158
5124
7658
5161
8193
5163
5164
5165
8485
5167
5168
5169
7564
5711
5172
5173
237
5175
5176
5177
5178
5179
5180
1111
5182
9234
5184
5741
5186
8081
2206
5189
5190
5191
5192
5193
6127
7876
9638
1575
5198
5199
4693
5201
7619
7136
4447
5205
5206
5207
5208
5209
5210
4756
2679
5213
9625
5215
9275
5217
5218
474
2267
5221
5222
3499
5224
5225
5226
6133
2401
5229
5302
5231
8857
5233
1410
5235
6141
1473
6901
5239
6221
5241
4474
6614
5244
5245
5246
5247
5410
8348
9216
5251
5252
5253
9386
9621
5256
7396
3667
3200
5260
3861
6979
5263
8511
5265
1729
5267
2327
4725
2297
5271
5272
5273
5274
5275
8721
9522
5278
5279
5280
5281
9599
5283
4942
5285
5455
5287
5288
122
5290
3009
5292
3536
5294
667
9441
5297
5890
5299
3453
5301
74
6572
5304
5305
1585
5307
7306
574
5310
5311
5312
7546
1458
8376
5316
5317
5318
4760
6371
585
5322
9448
5324
5325
6692
7987
5328
5120
1503
7878
7586
7757
907
5335
5336
5337
9372
5339
8111
6968
8381
1413
8586
5345
5346
5347
5348
5349
2854
8446
780
8068
3162
2665
5356
5357
5358
5359
5360
5361
5362
5363
5364
5365
5366
5367
5368
5369
5878
6439
5372
6027
5374
5375
5376
5825
8987
5379
5380
2379
8328
9278
7311
635
5386
5387
5388
5389
8850
5391
5392
2908
5394
5395
5396
5397
5402
8182
5400
5401
2839
5403
5404
4395
5406
5407
5408
8033
6595
5411
5412
3047
5414
5415
5416
1838
5418
5419
5420
2329
1881
5423
1922
5425
8803
5427
6362
5429
5430
5431
5432
5433
5434
2946
5436
8587
3055
5439
5440
2670
5442
7329
5444
6923
5446
5447
5448
5449
9038
5451
8888
5453
5454
5286
5456
5457
3111
2817
5460
4742
5462
5463
5464
1079
5466
5467
2970
3011
4183
5471
5472
2250
5474
5475
4099
5477
6151
6279
3806
898
5482
8292
5484
9400
5486
5487
5488
5489
5490
5491
5492
9812
5494
4965
5496
5497
4497
7333
9810
5501
4735
4076
5504
5505
5506
5507
5508
6226
4239
151
5512
5513
5514
5515
7510
676
9697
5519
5520
5521
5522
5523
5524
5525
3786
5527
7148
5529
5530
5531
5532
2975
5534
5535
5536
2161
7577
3188
5540
8197
6182
5637
5544
7598
5546
5547
5548
8313
5550
9738
4937
5553
1683
9645
4691
5695
5558
8159
3320
5561
244
8601
3714
770
5566
5567
3511
1817
5570
3940
5572
2425
4047
5575
3830
1714
4601
946
2246
5248
5582
5583
7313
4656
5586
5587
5588
5589
4620
5591
5592
5593
8321
9857
7326
5597
2051
5599
6876
5601
5602
855
5604
8477
8856
372
4573
5609
5610
5611
5612
4917
82
4505
1511
5617
5618
4408
3742
8750
6953
6192
604
5625
5626
5627
3092
5493
5630
5631
5632
5633
5634
5635
5636
5543
5638
5639
5640
9756
1175
5643
826
5645
9007
3775
5648
5649
8962
5651
5652
2536
3220
8419
5656
5657
4586
5659
5660
2654
8291
5663
5664
5234
5666
5667
8021
5669
5670
5671
5672
5673
5197
5675
5676
5677
5678
3908
2709
9791
1712
9174
5684
8055
3890
5687
5277
5689
3838
5691
5692
5693
5694
7749
5696
5697
3355
5699
5700
3040
5702
6045
5704
7990
1801
4242
7133
5709
5710
4592
1892
4724
2245
6239
163
4941
5718
1809
5720
5721
1766
7836
5724
5725
1845
6404
5728
9682
5730
376
5732
5733
2533
5735
1087
1619
3452
9709
5740
5185
6196
7639
5057
5745
5037
5747
4587
1724
7605
3657
5752
4138
5754
5755
1493
5757
5758
5759
5760
5761
6954
5763
5764
5765
2693
5767
5768
1129
5770
5771
5772
5773
5774
5775
5776
5777
5727
65
3276
5781
5782
5783
5784
5785
5786
833
5788
5789
8036
5791
5792
5793
5794
5795
4812
3735
1662
6649
9256
1335
5802
5803
5804
6848
5806
5807
8329
4230
851
5683
5812
5978
7623
5815
5816
5817
3600
2299
5820
5821
5822
5823
2824
9119
5826
5827
5828
5829
5830
9773
5832
3513
5834
9601
3734
5837
3482
3627
8260
5841
663
154
5844
5845
4283
5847
4301
5849
558
5851
5852
1369
5854
5855
5856
5857
5858
5902
4237
5861
5862
5863
5864
9692
2373
9530
5868
5869
4677
5871
5872
881
5874
5875
6891
8905
5370
508
5880
5881
5882
5883
5884
2716
7319
4018
1653
5668
8918
5061
5892
5893
5894
6996
5896
5897
5898
5899
5900
5901
5549
1592
5904
2595
4788
7147
6039
1344
5910
226
182
7612
9712
2105
5916
5917
5076
5919
9953
5921
5922
5923
796
9074
5926
5927
5928
5929
8886
4441
7053
5933
4154
6178
7720
4566
5938
5939
6222
5941
5041
5943
5483
5945
5946
1234
8396
1773
5950
3116
5952
5953
5954
5955
5956
5957
1088
1813
8430
5961
886
5963
5964
2272
9260
5967
3272
5969
5970
5971
5972
5573
5974
5975
5976
5977
5813
4782
7316
5426
1778
8422
5984
8315
5986
5987
5988
6964
5622
5991
5992
1318
2306
5995
1045
5997
5998
9961
6000
6001
6002
6003
6633
3108
8943
4989
1076
6009
6010
3254
6012
6013
6014
3893
6016
2475
6444
6019
6020
8407
3379
6023
6024
6538
6026
7071
6028
3101
6030
6031
6032
9236
17
752
6036
2480
174
3336
6040
1459
6042
6043
6044
5703
7098
6047
6048
6049
9763
6051
6108
6053
2584
4393
3034
6057
6058
6059
3437
6061
6062
5990
6064
6065
8488
6067
6068
6069
6070
6071
6072
92
6074
6075
8274
2616
6078
6079
6080
1156
6082
6083
6084
6085
1373
3557
6088
8696
6090
6091
4734
9823
6094
6095
6096
3642
1926
6135
6100
3574
3294
6103
8200
6105
6106
6107
6052
7941
5069
3695
995
1360
4673
286
6116
9379
6118
799
6120
6121
6122
6123
1047
6125
3655
5194
3492
6129
2337
8817
6132
5377
6134
6099
6136
6137
6138
5383
6140
5236
6399
1825
6144
6145
6146
6147
6148
4888
6025
5478
6152
6153
6154
6155
7041
6157
6158
6159
6160
6161
5944
8662
9419
6165
6166
9265
2505
6169
6170
8261
5216
6173
2441
6175
6176
6177
9856
6903
295
6181
7021
6183
1490
7379
493
990
6188
1931
6190
6191
5623
6193
6194
8299
2038
6197
6198
9189
8848
6201
9444
6203
6204
4089
8855
6207
964
5171
8689
4955
1858
9420
6214
6215
8814
6217
6218
6219
2054
5240
4761
9729
8802
5123
7572
6227
2699
1484
6230
6231
6232
6233
6433
6235
6236
6237
522
5715
6240
7695
2134
123
6244
6245
7236
6247
6248
6249
6250
8083
6252
836
1878
2934
9224
8614
685
2033
8720
7183
6262
6263
2336
2479
6266
6557
4358
2826
6270
2501
6669
6273
3006
9432
2799
6277
6278
8255
6280
3258
6282
7454
6460
79
1518
6287
6288
3713
6290
6291
6292
3530
7185
6295
8410
6297
6298
6299
6300
6301
6302
6303
1696
6305
405
6307
6308
2832
6310
6311
6312
6909
6314
6315
6316
7051
6318
6319
6320
6321
9251
5935
6324
4522
580
519
6328
6329
6330
6331
6332
6784
6334
6335
6336
6337
6338
1500
5503
7087
1044
6343
6344
6345
8219
6347
1576
6349
6350
9984
5839
5422
6354
6355
2495
6357
7351
6359
6360
6361
602
8223
6364
6186
62
6367
4830
6369
6370
8179
7192
6373
6374
6375
6376
6377
6378
6379
9175
6381
6382
6383
6384
6385
4265
6387
6388
6389
6390
6391
6392
6393
2189
3448
6396
6397
6398
6142
6400
8338
334
6403
587
6405
3747
3510
3512
6409
5104
5930
6412
9979
6414
7165
3973
5688
6418
6419
6420
6421
292
6423
7669
6425
2935
6427
6428
1929
8904
6431
5801
6234
6200
6435
9814
6437
6438
7039
8359
6441
6442
1052
6018
6445
6446
4604
6448
9207
9078
6341
2823
2756
6454
707
1645
4622
472
6459
1163
6461
9305
6463
9519
3943
6466
4981
6468
6469
243
6471
6472
5541
6474
1802
6476
6477
4829
6479
1998
6481
202
467
6484
127
6486
6487
6488
6489
6490
6491
3446
4412
6494
2153
6496
6497
9032
3983
6500
6501
2623
2624
9859
6304
4243
6507
6508
6509
2108
6511
2702
6513
7984
6515
6516
3306
6518
6519
6520
6521
6522
6523
6524
6525
6526
6527
6528
6529
6401
8781
6532
6533
6944
4460
6536
6537
6150
6539
8893
3586
9750
6543
6544
252
4750
6547
2579
6549
6550
2940
6552
6553
7518
6555
6556
8528
8996
1613
6434
2811
6562
6563
6564
8629
6566
5628
4758
6569
6570
4512
682
6573
9876
6575
9753
1832
6578
6579
5888
6581
6582
6029
6584
5473
1013
6587
6588
6589
6590
6591
6592
6593
575
5581
6596
6597
6598
6599
6732
6601
6602
6603
6604
6605
1121
6607
2873
6609
6610
1419
6612
6613
5243
7123
6616
6617
1863
4317
6620
9665
7135
6322
6624
6625
3093
6627
7383
6629
6630
744
874
6004
6264
6834
7155
6637
6638
6639
6640
1888
6642
6643
6644
6645
6646
6647
6648
1202
6650
6651
6652
6653
6654
1060
6656
6657
9575
24
8585
4541
4205
6663
2938
6972
6666
6667
6668
6272
6670
6671
6672
1546
6674
6675
6676
6677
6678
6679
4415
6681
5103
6683
6684
6685
6686
2875
6688
6689
7439
6691
3268
1665
6694
6695
6696
6697
6698
6699
2697
8335
7291
6703
6704
6705
6706
9715
8770
1507
6710
6711
6712
3341
6714
6715
6716
6717
3057
6719
6720
6721
7602
6723
6724
8686
6726
2348
6728
6729
6730
6731
6600
6733
6734
9913
6736
6737
8735
861
7535
1742
8190
2354
2918
6745
6746
6747
6748
4330
7409
4008
6752
6753
6754
5034
8782
8694
4028
6759
9041
6761
1980
6763
6764
6765
6766
4551
6768
6769
6770
6771
6772
6773
6774
6775
6776
6777
6778
6779
6780
6781
646
2050
6333
6785
8774
4948
6788
6789
6790
8154
9153
1947
6794
4661
6796
7003
6798
6799
3593
6801
4581
6803
1042
6805
3189
6807
8550
5142
6810
8502
6812
3589
6411
637
6816
6817
3906
7334
3656
6821
3996
6823
3080
9504
6826
6827
6828
7033
6830
6831
6832
6833
3312
7646
6825
6837
6713
1618
7205
6841
6842
4766
899
6845
6846
2650
1351
6849
2812
6851
1550
6853
4346
6855
6856
680
450
6859
6506
8740
6701
4973
5220
6865
7869
6867
6868
9008
6870
4359
6872
6873
6874
6875
7269
6877
6878
6879
6880
7834
9923
1314
6884
6885
6886
6887
8545
7220
7723
9660
1222
9454
6894
2844
6896
6897
6898
6899
1522
4819
6902
4594
6904
3555
6906
6907
5354
7341
6910
4113
1383
8505
6914
8756
3896
6917
6918
670
8573
6921
6922
5445
6924
1259
6926
6927
3086
8897
3661
6931
2686
6933
7798
6935
5249
6937
3613
6939
6940
9639
6942
4815
6534
2231
6946
250
6948
7976
8616
6951
6952
4572
9758
6955
8273
8164
2364
6959
6960
6961
6962
6963
93
4895
1774
7901
9717
6969
7634
6971
6426
9285
9352
640
6665
6977
1648
9570
6980
7471
6982
6983
6984
6985
152
6987
5966
7095
6990
6991
6992
3031
6994
6995
5895
9468
6998
311
6242
7001
7002
6797
7004
3905
7006
7007
7008
7009
5516
7011
7012
7013
9319
7015
3483
4890
7018
7019
7020
5542
7022
7023
2964
7025
7026
7027
4880
7823
7030
5033
3443
6829
7034
1036
7036
2998
7038
5371
7040
6156
7042
6702
7044
7045
7046
1354
7048
7049
7050
6317
2179
5932
173
48
7056
7057
7058
7059
7060
7061
4456
7063
7064
7065
7617
6184
7068
7069
9900
7928
7072
9515
7074
7075
5091
983
7078
3471
7608
7081
3697
7849
788
2241
7086
7347
2296
7089
2001
7091
4745
9526
177
6989
7096
7097
6046
8800
7100
2
7102
7887
2065
2015
7106
7107
1907
1489
7110
732
7112
6402
7114
7115
7116
7936
7118
7119
6760
9076
7122
6615
7124
7125
7126
7775
7128
346
7130
7131
7132
7874
9696
7622
5203
5002
7138
9931
4155
7141
7142
8130
8633
7145
7146
5907
7211
7149
7150
3872
3054
526
6195
6636
2892
7825
7158
7159
7160
8115
7940
3385
7164
6415
7166
7167
8840
9649
9237
7171
7172
468
7174
7175
7176
4185
7178
7179
7180
7181
7182
6261
4726
3203
2199
7187
7188
7189
7190
7191
6372
7193
2655
7195
7196
5891
7198
3764
9982
7201
4636
1752
7204
6840
1085
5885
7208
7209
8823
5528
2688
1331
4029
7215
1302
538
7218
7219
7226
7221
7222
8230
7224
7225
257
7227
7228
7229
7230
7231
7232
7233
7234
7235
6246
7237
7238
7239
8263
7241
7676
7243
7244
3218
11
7247
7248
7249
7250
9492
7252
7253
7254
7255
7256
4024
7258
7259
7260
7261
4840
7263
7264
7265
7266
7267
3207
1887
7270
7271
7272
7273
7526
7275
7276
6351
3968
7279
7280
7281
7282
4064
7284
7285
3214
7287
7288
7289
7290
7043
7292
7293
7294
9796
7296
7297
4936
2644
7300
7301
7302
7303
7304
7305
2487
9359
7308
7309
8108
360
7312
4266
6738
5065
9375
759
7654
5886
7320
7321
7322
7323
419
2032
5596
7327
7328
912
4915
427
7332
5499
1497
7335
7336
7337
2385
7696
7340
9389
7342
7343
9681
7345
7346
567
1626
7349
7350
6358
168
2017
7354
3903
7356
9087
7358
7359
7360
7361
7867
5146
705
7365
7366
3558
7368
7369
7370
592
7372
3146
5398
7375
633
9362
2451
1582
7884
7381
8576
6628
7384
2460
3869
7387
488
4527
7390
4054
7392
7393
4687
7395
5257
4780
7398
7399
9067
7401
7402
4489
7404
7405
7406
1280
7408
6750
7410
7411
3409
8462
537
7415
7416
7417
4602
7419
8466
5214
7422
7423
7424
7425
4984
7427
3534
3752
7430
7431
7432
5753
7434
7435
7436
9933
5141
6206
805
4907
7442
8437
7444
1250
7446
7447
7448
5840
1431
7451
7452
7453
6283
7455
9673
1389
4421
4992
7460
7461
1178
1994
6558
857
7466
7467
6033
8427
5605
6981
3145
12
1466
7246
7476
7477
7478
7479
4933
722
7482
7483
7484
7485
7486
2635
6265
7916
4214
9973
7492
7493
7494
7495
7496
7497
2781
7499
1315
1741
7502
6255
955
7505
7506
3675
7433
7509
3479
7511
7512
7513
7514
7515
7516
7517
1587
7519
7520
7521
7522
7523
7524
7525
2262
7527
7528
7529
7530
7819
7532
6087
7534
6740
7536
7537
9351
7539
7540
7541
7542
782
7544
7545
5313
7547
7548
7549
5539
7551
6149
264
7554
3181
7556
7557
7558
7559
7560
5202
7242
7563
5170
2472
7566
7567
7568
8932
5629
7571
5509
7573
7574
7575
2909
2005
7578
725
7580
7581
9200
7583
2131
7585
5332
7587
9373
7589
7590
7591
4802
628
7594
7595
8657
7597
2100
7599
7600
7601
8116
2547
6565
5750
7606
6465
4192
7609
7610
7391
5913
7613
7614
9535
7616
8706
2181
2779
7620
7621
6622
5814
7624
7625
4507
5985
7628
7629
7630
7631
8885
7633
6970
7635
7636
7637
4234
2254
7640
7641
7642
7643
7644
7645
6835
5644
7648
7649
7650
7651
7652
7653
7647
3213
2039
4731
6284
7659
7660
7661
7662
7663
354
7665
8384
7667
576
6424
7670
9883
2026
8578
7674
5212
7883
7677
7678
2722
9541
7024
7682
7683
7684
7685
7686
831
2107
4924
7690
7691
5188
7693
7694
7364
7339
7697
7698
7699
7700
7701
7702
7703
4492
3407
7706
7707
7708
7709
4660
7711
2972
323
9283
7929
7716
7717
7718
7923
445
7443
5130
3265
7724
7725
9018
8708
541
3862
9562
3504
7732
8500
7734
6895
7736
3305
7738
2862
2089
7741
9095
5853
7744
7745
7746
7747
7748
5557
7750
7751
7752
9371
7754
7755
7756
5333
7758
7759
7760
3183
7762
3004
7764
7765
870
7767
9747
7769
7770
7771
9543
8308
9489
7127
7776
7777
7778
7779
7010
8417
7782
7971
36
2215
7786
7787
7788
7789
7790
7791
5334
7793
7794
7897
9170
7797
4009
7799
7800
7801
7802
3137
7804
1965
3826
7807
7808
7809
6838
7811
8991
7813
7814
7815
7816
7817
7818
7531
2850
5545
7822
8590
7824
7157
1402
7827
115
2789
9851
7831
7832
6294
9
7835
5723
99
6462
9949
6220
8387
1157
4692
7844
8711
7846
449
7848
7083
7850
451
7104
3509
6112
7151
7856
6900
7858
7859
7860
7861
3637
7863
7864
1099
9056
7362
1080
6866
6475
7871
7872
7873
773
7875
2758
7877
5331
2891
8402
7881
7882
7562
7380
7885
3899
7103
7888
7889
7890
7891
7892
554
235
7895
7896
7795
7898
7899
7900
2527
7902
7903
8253
7905
7906
7907
7908
7909
7910
7911
7912
7913
7914
5078
7489
7917
95
7919
218
7921
4590
3427
7924
9327
7926
9187
5373
7715
7930
7931
4555
7933
2853
2300
7117
982
7938
1478
6852
1579
7942
3535
7944
9676
7946
7947
7948
9596
7950
7951
98
7953
7954
7955
7956
3163
7958
7959
7960
4928
7962
7963
7964
6551
7966
7967
7079
4743
8339
2387
7972
7973
7974
7975
6949
2625
7978
9129
7980
7981
2621
7983
6514
7985
7986
6021
7988
9671
9778
2123
4121
7993
7569
7995
7996
7997
2857
8489
8000
3032
2714
3227
8004
8005
4516
9016
8620
9604
8010
8011
8012
8013
8014
8015
9928
8017
8018
8019
8020
7474
8022
8023
2214
1760
8026
9268
8028
8029
518
8031
8032
5409
8766
8035
2482
8037
1411
5779
40
980
911
8043
8044
8940
5134
8047
8048
8049
4999
8051
8052
8188
7203
5685
8056
8057
8058
8059
8060
8061
1285
8063
8064
5889
939
8067
6965
8069
8070
8949
3273
8073
9509
1629
8076
2872
8078
8079
3969
5187
8082
6251
2814
8085
9644
8087
1110
8089
8090
8091
8092
8093
8094
1324
8096
8097
8098
8099
1800
8101
8102
8103
8104
8557
8106
8107
7310
7657
8110
3313
8112
8113
8114
8420
8368
5590
2944
8119
8120
814
9999
8123
9564
2988
8921
8127
8128
340
7143
9433
6836
8133
8134
7397
1720
9514
8138
2113
8140
8141
4498
8143
8144
8145
8244
9977
8148
8149
8150
8151
4264
895
7139
3099
8156
8157
9118
5559
1075
8161
8162
8163
6957
8165
361
9995
8168
4787
8170
3916
8172
8173
8174
2220
8176
8177
8178
9143
8180
8181
5399
8183
8184
8185
8186
8187
8053
8189
1942
4218
8192
5162
8194
8195
3632
6473
3232
4161
9192
8201
8202
8203
4920
8205
8206
8207
8208
672
8210
386
8212
8213
6820
6356
6022
8217
2933
395
8220
8221
8222
3500
8224
3056
8226
8227
8228
8229
4315
8231
9680
2227
8234
8235
8236
8237
8238
8239
8240
8241
8242
9632
5510
8245
8246
8247
8248
1655
1225
5905
8252
7904
8714
5479
8256
8257
3629
8259
7449
6171
4540
7240
3022
284
9176
8267
3585
464
8270
8271
8272
6956
6076
8275
8276
8277
9498
1975
8280
8281
8282
8283
8284
8285
8286
8287
588
8289
8290
2775
9567
8293
8294
8295
8296
5877
8298
7154
8300
1789
7092
8303
8304
7197
8306
204
7773
8309
8310
4179
9691
7829
8314
7627
8316
8317
6119
8319
8320
5594
2333
7377
8324
8325
2339
8327
5382
9545
8330
8331
8332
8333
8334
249
8336
8337
6530
7099
2428
8341
9383
8343
8344
8345
2461
3081
905
8349
894
8351
8974
8353
8354
8355
8356
8357
8358
6440
8360
8361
4287
5343
8364
8365
8366
8367
4027
8369
8370
1839
8372
8373
8374
8375
5315
6791
5461
8379
4115
5342
5352
8383
7666
5005
8386
7841
8388
8389
2486
8391
8392
8393
8394
8395
5948
8397
3319
8399
8400
8401
7880
8403
8404
1502
8406
7673
2119
8409
2442
8411
8412
8413
8414
9510
321
9106
5314
4993
7161
1248
1195
8423
5616
8763
1091
8799
9905
8429
8016
8431
5118
8433
5959
8435
8436
3934
4145
8439
4007
8441
8442
8443
8444
8445
5480
2913
3866
8449
1058
8451
3665
516
9834
8455
9301
9769
8458
8459
8460
1972
7413
4664
8464
8465
2906
8467
8468
8469
8470
8471
8472
8473
8474
8475
1545
8834
2155
8479
8480
8481
8482
8483
8484
9816
1124
3288
6066
7999
2478
8491
8492
8493
8494
2090
8496
6782
8498
8499
791
8501
4444
8503
8504
3091
8506
8507
8508
2521
8251
2861
8512
8513
5615
8515
2509
4870
8518
9149
8520
8521
8522
8523
1625
8525
8526
8527
6267
8529
5320
1513
3647
8533
9470
8535
8536
8537
8538
3233
9270
7533
2042
8543
8544
4565
1756
8547
1659
8549
6808
8551
3565
6861
8554
8555
8556
8105
9797
8559
8560
8561
8562
8563
8564
8565
7681
8567
1677
2080
8570
3496
8572
4270
9513
83
9744
1797
5327
8579
8580
8581
8582
8583
8584
6660
706
9368
4204
9538
6813
8198
4635
8593
8594
2489
3588
8597
8598
8599
8600
6929
8602
8603
8604
8605
8606
8607
8608
8609
8610
8611
8612
8613
6257
8615
6950
8617
8618
8619
8008
8621
8622
4857
8624
6124
6326
8627
2063
1189
8630
8664
3543
7144
562
8635
8636
2954
8638
8639
9782
8641
76
8643
8644
8645
8646
8647
8648
8649
8650
8651
8652
1040
8654
5289
8656
7596
8658
8659
134
8661
6163
8663
2415
8665
8666
8667
4433
8669
8670
8671
4905
8673
8936
8675
4445
8677
8678
4930
8680
8681
8682
3262
8684
4732
2230
2393
8688
3028
8690
8691
8692
8693
6757
749
9633
2212
8698
8699
8700
8457
8702
8703
862
8705
5571
6567
7727
8709
8710
2646
276
8713
8254
8712
8716
8717
933
8719
1969
5276
8722
8723
8724
8725
2192
8727
3702
8729
3601
8731
8732
8733
8734
2130
8736
8737
8738
8739
7077
8741
9421
8743
8744
2497
2561
7821
8748
8749
5621
8751
8752
8753
4424
1267
6915
8757
8758
8759
2587
8761
8762
9847
8764
8765
8034
8767
8768
8769
1519
8771
9394
8773
6786
8775
8776
8777
8778
5707
4482
9261
9952
8783
5563
9954
9606
8787
4226
8789
8790
8791
8792
8683
8596
4258
8796
9052
1293
9988
9698
9629
6224
5981
8804
2173
3140
1916
9039
5533
4111
4396
4644
3103
9969
4979
8816
6131
8818
8819
3783
8821
8822
8989
8824
8825
1913
8827
8828
3621
1804
8831
8832
8833
7470
8835
8836
8837
6432
8839
7168
8841
8842
8843
8844
8845
8846
8847
2730
8849
5390
6395
3148
7353
8715
6690
5606
5232
8858
9959
2040
8861
3177
8863
8864
8865
1818
8867
4763
8869
8870
4716
7169
9881
8874
8875
4701
8877
8878
8879
8880
8881
8882
8883
8884
7632
52
4402
5452
8889
8890
6478
8892
9223
8894
8895
4308
1501
8898
7093
8900
8901
8902
8903
6430
687
8906
8907
2454
8909
7487
8911
8829
8852
8914
8915
8916
8917
5298
8919
4588
8126
8922
8923
8924
8925
769
887
8928
7626
8930
1024
7994
8933
8934
8935
7839
8478
7501
8939
8045
8941
953
4986
8944
8945
8946
8947
7371
384
8950
3819
5736
8953
8954
4117
8956
8957
9487
8959
8960
8961
1853
38
8964
4150
205
9210
4628
8969
4246
1001
1066
8973
3746
8975
1957
8977
8978
2099
8980
8981
8982
8983
2474
8985
8986
5378
4885
9077
8990
3994
8992
7386
9113
8995
7464
8997
8998
3792
9000
9001
3542
9003
4369
3556
9006
5646
6869
9009
9010
9011
9012
3251
9014
9015
6005
9017
7726
9019
8269
6443
9022
913
2837
9025
9026
9027
9028
7469
9030
9031
6498
9033
9034
271
9036
9037
2543
8808
9040
7120
9042
9043
9044
9045
9046
9047
4236
9049
9277
5064
8797
7604
9054
9055
7866
4589
5960
5769
9060
9061
9062
9063
9064
9065
9066
9634
9068
9069
9070
1021
9072
3931
5925
9075
2013
7210
6450
9390
9080
9081
4982
625
9084
5108
7223
7357
4848
4228
9090
9091
9092
3701
9094
78
9096
9097
9098
9099
9100
3382
411
9103
9104
9105
3477
9107
9108
2502
9110
9111
9112
3489
2795
4672
9116
9117
8158
5654
9120
9121
9122
5264
1272
9125
9126
9127
9128
8086
9130
9131
1862
9133
9134
9135
9136
1788
3223
1897
9140
3450
5850
3124
9144
1896
4831
9147
1384
8519
9150
9151
8434
6225
9154
9155
9156
9157
917
1011
9160
9225
7073
9163
9164
767
7803
9167
9168
9169
7796
9171
2286
9173
3549
4789
3267
9177
9178
4808
10000
9181
9182
3292
4259
9956
9186
2356
9188
966
9190
9191
3424
9193
9194
9195
9196
7806
9198
9199
7582
9201
2881
2423
9204
3829
9903
3544
7156
9209
5166
9211
9212
6819
4708
9215
3608
9217
8124
9219
3359
9221
9222
6540
6256
4141
2504
9227
9228
9229
9230
9231
9232
9602
8301
9235
4163
7170
9238
129
9713
1562
515
787
9244
9402
9246
4609
9248
3060
9250
5052
4484
9253
9254
9255
5800
9257
9258
6451
9792
4232
9262
9263
9264
2000
9266
9267
1417
9269
8540
6632
9272
9273
9274
6172
2094
4794
6139
4106
9280
8380
9282
1481
9284
6973
9312
9287
9288
9289
194
9291
5690
9293
9294
1328
627
3524
9298
9299
9300
4961
9302
9303
9304
7838
1831
4950
4255
9309
9406
9311
3044
2720
9314
2346
1547
1768
6309
7014
9320
2384
9322
3847
9324
9325
9326
7925
214
1540
7283
9331
9332
9333
9334
9335
8963
1606
9338
9339
9340
6925
3955
9343
9247
9345
9346
5714
9348
9349
9350
9576
6974
9353
9354
9355
9356
9357
2194
2263
9360
9361
2914
9363
9364
9365
6976
902
5437
9369
9370
7664
5338
7588
9374
3024
9376
9377
9378
6117
9380
183
9382
8342
4977
2874
5254
7922
9388
5780
9079
3567
1923
9393
8772
1668
9396
9397
9398
9399
3087
9401
5
7212
9404
9405
9310
9407
2251
6209
9410
2813
9412
9413
510
9415
2580
7943
7553
6164
7845
6109
9162
9423
9424
9425
1268
1242
1112
9429
9430
9431
6275
1565
9434
3240
9436
9437
7820
9439
9440
5296
3014
9443
6202
2700
9446
9447
5323
9449
4468
1697
9452
4419
6893
1602
9456
2368
9458
3318
4252
9461
9462
9940
9464
9465
9466
9467
6997
9469
8534
9471
9926
9473
835
9636
9476
9477
9478
9479
9480
9481
9482
9483
7348
9485
9486
8958
9488
6919
3377
2807
7251
1515
9871
9495
9496
364
8278
35
9500
4078
9502
9503
4856
2147
9506
9880
9508
8074
8415
9511
9512
8574
8160
1763
3774
3840
9518
3411
9520
9521
6417
9523
9524
9525
2457
2326
9528
9529
5867
5958
9532
3888
9534
7062
7355
9537
8589
9539
9540
7680
6988
9180
9544
5808
9245
9547
9548
9549
9550
6659
6073
9553
9554
9555
9556
9557
3780
9947
9560
9561
7730
9563
9218
430
9566
1859
4873
3212
1744
9571
9572
9573
9574
9083
4271
9577
9578
9579
9580
9581
9582
9583
9584
9585
9586
1558
4705
9589
9590
9591
8153
9593
2943
9595
3705
1327
3264
8039
9600
9029
9233
9603
9875
9605
8786
9607
9608
8024
9610
9611
9612
9613
9614
9615
974
9617
9618
9619
3076
5255
9622
9623
9624
7421
9626
5459
9628
8779
9630
9631
8243
1224
5183
9635
9475
9637
5196
6941
9640
9641
9642
9643
7979
9292
9646
9647
9648
8872
9650
9651
3975
9653
4052
9655
9422
9657
9658
9659
216
9661
7886
9663
9664
9395
5125
9667
9668
9669
4094
7989
9672
7456
9674
8626
7945
9677
9678
9679
8232
5811
5729
9683
9684
9685
9686
9687
170
8318
9690
3393
5485
9815
9694
9695
7134
2362
1173
9699
6881
674
9994
4976
9704
9705
6041
7592
9708
5739
9710
9711
3239
9240
9073
2498
9716
5341
9718
9719
7504
9721
9831
1034
9724
9725
9726
9727
9728
7031
9730
9731
9732
9733
9734
2363
1404
9737
1449
9739
9740
9741
3674
2010
7382
2152
9746
7768
9748
9749
4087
9751
9752
6576
9754
9755
3949
9757
5762
9759
6274
9761
9762
6050
9764
9765
9766
9767
9768
8701
9770
4240
4351
9707
9774
9775
5036
9777
5705
9779
9780
9781
4191
1168
9784
9785
4791
9787
6422
9789
9790
5681
9542
1298
9794
816
9820
8558
290
9799
9800
9801
9802
9803
9804
8899
9806
8531
9808
9809
5500
6092
7570
9813
6436
9693
5665
9817
9818
9819
3126
9821
9822
6093
9824
9825
9826
247
9828
2846
5083
9002
6822
659
8454
506
9836
9837
9838
9839
9840
9841
9842
9843
9844
6749
9846
7852
9848
9306
9850
1207
9852
75
9854
9855
6323
4774
9858
6504
9860
9861
9862
8137
9864
9865
4311
9867
8640
9869
9870
9494
9872
1598
9874
1746
6574
9877
9878
469
9507
496
9882
7671
3310
9885
9886
9887
9888
4671
9890
7893
9892
6658
9894
9895
9896
5662
9898
9899
3343
1785
2979
9206
4770
5303
9906
5848
3583
9909
2656
1713
1396
6735
9914
9915
9916
9516
9918
3168
9920
9921
9922
1420
9924
9925
9472
9927
7865
9929
344
7812
9932
9142
9934
4044
1988
2916
9938
9939
6011
9941
9942
9943
9944
9945
9946
9559
9948
5321
9950
9951
1810
5920
8785
9955
9185
9957
4244
9317
5025
4174
9962
9963
832
5564
9966
4011
1444
6216
9970
9971
9972
7491
9974
9975
9976
8147
9978
2889
9980
9981
4065
9983
2078
9985
9986
8517
4461
9989
9990
9594
9992
6456
9702
2395
9996
5148
9998
3546
7772
