651
2
208
4
5
391
7
8
9
771
455
3
50
483
724
644
17
534
19
20
513
579
23
646
929
26
27
28
29
294
704
32
494
34
326
36
37
38
273
40
41
42
43
44
45
46
47
48
189
866
358
470
53
54
55
482
57
310
59
60
61
502
63
64
65
66
67
68
671
72
71
371
457
74
75
368
77
78
892
80
120
82
83
84
85
86
87
213
89
90
586
35
846
94
95
548
967
98
99
73
101
102
103
288
720
106
957
922
109
110
111
165
113
114
115
116
117
964
984
363
121
940
123
525
125
126
645
128
129
373
245
132
389
707
135
748
229
138
139
595
461
142
437
862
145
397
147
253
149
150
151
152
153
154
155
156
726
158
159
160
425
565
163
865
849
166
899
168
100
361
171
366
173
174
175
176
177
543
179
180
181
12
585
184
185
186
825
188
496
190
191
13
193
194
195
196
197
198
246
200
201
974
712
204
480
206
398
479
593
210
211
566
979
214
536
520
217
218
219
220
221
601
223
636
225
226
227
169
747
230
658
232
233
234
235
236
237
238
239
907
241
242
556
244
131
701
247
818
249
633
518
252
889
254
859
256
257
108
259
260
261
903
263
264
265
266
267
297
653
802
271
272
39
810
275
327
277
207
279
280
281
282
283
284
738
286
323
231
961
290
291
292
293
30
594
296
130
298
299
410
301
635
623
304
305
215
571
308
634
58
311
814
313
941
1
316
317
794
319
320
321
322
274
324
325
92
276
328
753
330
331
332
333
172
917
336
337
456
568
340
800
908
343
24
345
346
906
762
349
350
351
352
353
354
647
356
357
51
359
542
170
820
81
364
705
439
127
774
369
628
460
895
268
374
375
376
377
378
379
380
381
382
383
384
385
386
387
388
133
390
454
473
393
394
649
396
146
858
105
400
452
402
680
404
764
348
407
408
409
648
411
412
413
414
415
416
417
418
419
420
485
422
786
424
161
939
427
428
164
430
998
841
433
960
435
436
143
141
318
879
441
442
443
440
897
446
255
448
449
209
451
401
453
954
991
338
544
458
679
564
438
462
300
902
465
466
467
468
546
758
471
682
392
474
140
476
477
838
834
205
481
56
14
484
421
486
487
589
489
490
491
492
782
33
505
49
497
498
499
500
501
62
503
504
975
506
715
508
509
510
511
512
581
514
515
516
517
251
519
935
740
522
523
524
124
876
527
10
529
854
531
532
533
18
535
306
278
868
539
540
541
360
178
228
611
16
547
745
817
530
551
552
553
554
555
949
557
372
559
560
987
562
563
70
162
212
567
339
919
406
760
572
573
574
575
576
577
183
22
580
21
582
741
709
578
91
587
588
683
970
488
894
989
295
475
596
597
598
599
600
222
978
603
604
605
362
819
799
609
610
545
880
613
584
615
826
617
618
619
620
836
631
303
624
625
626
627
370
629
630
622
632
250
289
302
224
637
638
347
640
641
642
643
258
570
861
355
804
395
650
134
652
269
654
655
656
736
104
659
660
661
662
663
664
665
666
761
668
669
670
550
751
673
674
675
676
677
999
528
403
495
472
591
684
685
686
693
688
689
690
691
692
97
962
695
696
730
698
699
700
199
805
607
31
616
706
315
708
614
710
711
778
713
714
746
716
717
718
79
399
812
722
723
112
725
896
727
728
729
697
731
732
733
734
735
657
592
285
739
755
583
742
743
744
681
507
432
136
749
750
757
752
821
754
823
756
672
25
759
882
667
367
763
405
765
796
767
768
769
770
459
772
773
878
775
11
96
719
779
780
781
493
783
915
464
76
787
788
789
790
791
792
526
334
795
148
797
798
608
341
801
270
803
463
702
335
807
808
809
287
811
721
813
312
815
816
549
248
703
606
329
822
909
824
187
478
827
828
829
830
831
832
833
537
835
621
837
365
839
840
137
901
843
844
845
93
847
848
107
850
851
852
951
69
855
856
445
776
447
860
469
144
863
864
429
192
867
538
993
870
871
873
994
874
777
793
877
423
240
612
881
307
883
884
885
886
887
888
766
890
891
639
893
737
558
182
857
898
167
900
842
785
262
904
905
203
444
342
521
910
911
243
913
914
784
983
806
918
569
920
921
602
923
314
925
926
927
928
952
930
931
932
933
934
216
936
937
938
426
122
924
942
943
944
945
946
853
948
912
950
947
52
953
6
955
968
15
958
959
434
309
694
963
118
965
966
157
956
969
590
971
972
973
869
875
976
977
344
88
980
981
982
916
119
985
986
561
988
450
990
687
992
202
872
995
996
997
431
678
1000
