1
2
7156
4
5
6
7
6886
375
3547
4131
4122
8684
14
8575
2636
17
18
19
20
21
22
2571
24
6142
26
27
28
6312
4925
31
32
33
9653
35
36
37
1633
39
8778
914
8993
8999
659
45
46
8290
48
7490
50
51
5201
53
3460
55
56
57
5899
6127
60
2512
62
660
531
8593
7644
67
68
625
5219
4119
72
1665
74
75
8653
3445
78
8836
80
81
3617
83
7553
9982
5250
87
88
89
90
91
92
1047
1946
95
8450
97
98
1529
8303
101
2414
103
104
3966
106
4475
108
109
8476
8641
112
9024
114
115
3561
117
118
119
5448
2984
122
5937
1114
6078
126
127
9328
9858
130
131
132
6577
7268
135
136
908
3120
2498
5909
42
962
522
6918
9963
146
147
148
149
150
151
152
5012
154
6712
156
157
8329
159
3621
161
3990
163
1194
9741
166
6173
168
169
170
171
172
3949
174
175
176
177
7570
179
180
7218
3265
183
2436
6775
5072
187
2196
189
5654
9141
192
193
194
2541
196
9621
3742
199
200
201
9476
2994
204
205
206
207
2065
209
8510
3820
212
213
5843
215
216
5638
218
219
2081
221
222
223
224
225
226
4152
228
9064
230
231
232
233
7526
6645
236
237
238
9276
3936
3461
242
3512
244
5461
246
2118
248
249
6085
3308
4361
253
6143
255
8637
257
6297
259
260
261
262
838
264
6258
266
267
268
269
270
271
2093
2663
7487
9773
276
277
278
4799
280
4971
282
283
284
285
8572
7666
1931
289
290
291
6126
293
294
7327
296
297
298
299
300
301
2631
303
304
713
306
2543
308
4052
2843
7358
312
313
9494
5086
1211
317
4035
6857
320
321
9610
323
324
3364
3297
327
4294
329
330
331
1942
333
9533
335
336
4706
1352
8605
340
1581
5734
343
344
5775
5019
347
348
349
350
7903
9086
353
920
355
356
9444
358
8452
6308
4930
362
363
364
365
366
367
368
1984
8406
371
372
8229
322
9140
5701
5099
676
379
380
381
382
383
6010
9803
386
387
388
389
390
1333
6150
393
4631
8577
2991
397
6486
8384
790
401
402
403
404
405
406
407
9940
3923
410
411
412
413
4185
8633
416
9504
518
419
5608
421
3691
423
1329
425
4597
427
428
9828
430
2225
220
8488
434
435
436
437
438
439
594
1417
442
9410
431
445
7442
447
4950
9469
450
451
452
9147
4588
1883
456
5134
7972
459
460
1841
462
1366
6753
6104
6850
467
468
469
5760
5844
7809
473
5874
475
3950
8502
478
479
480
481
4067
483
9547
738
486
487
488
444
7802
491
5428
493
494
1911
496
5597
498
2736
2487
501
7330
503
8342
5532
506
507
508
8783
510
511
9460
513
3633
515
516
517
9412
519
520
521
8725
523
524
525
4955
8259
15
529
1875
2407
532
1280
6567
535
536
3708
2236
539
540
541
8556
543
9836
1498
546
3089
548
549
1027
5160
8901
553
554
555
556
565
558
559
560
561
562
563
7789
8610
566
567
568
7931
2827
571
661
8176
2699
9740
576
577
4736
2223
1807
5867
582
7458
584
585
8272
587
7203
589
1594
9385
592
593
440
595
596
597
3579
689
3440
601
602
603
771
605
8615
1679
608
2125
610
611
7519
572
3900
615
616
617
618
619
620
8988
622
623
624
7419
9859
6545
628
629
8895
1930
632
8677
4817
635
636
637
638
639
640
641
7971
3635
644
4899
646
647
648
649
3701
651
652
653
3704
655
747
4529
658
6884
7452
613
662
663
664
665
4581
667
668
4948
8706
671
672
673
674
675
9870
677
912
4372
680
681
8829
5686
198
5242
686
1475
863
458
690
691
692
1592
694
3196
696
9435
698
2525
700
701
9
703
8924
705
706
707
708
739
7011
711
712
9114
5561
325
9961
717
718
719
720
721
722
8423
724
725
4180
727
1518
729
7453
731
732
733
734
735
736
737
485
709
918
741
5308
7180
1650
745
746
1056
748
6676
750
2063
6037
753
4309
755
5656
757
5226
685
760
761
762
763
9461
765
766
767
8238
1050
770
6711
772
6874
774
5753
5543
1063
6847
779
780
781
7800
783
9884
785
2608
787
788
789
1718
3082
99
793
794
795
5880
5981
798
799
6282
8808
802
803
804
2745
806
807
808
6536
810
3160
6790
1545
814
815
6862
7840
2757
9000
820
247
8566
823
824
9239
826
827
828
829
830
5245
6962
833
834
835
836
837
263
6446
4718
8743
842
1782
844
3181
7157
847
4773
124
850
851
852
853
7221
855
856
4527
9720
5482
860
861
862
6935
864
865
6441
867
868
869
870
2284
872
6972
874
2641
5036
877
878
2291
1827
6086
882
5221
884
885
886
4777
888
5789
2385
4020
892
1634
894
476
896
1975
898
899
900
901
2281
4518
904
905
906
907
5872
909
910
911
102
913
41
915
7120
917
740
5479
354
921
3539
4473
873
1505
926
927
6044
929
6395
931
2632
3447
4329
935
936
7925
938
3669
940
941
9123
1521
944
945
946
3437
8586
5923
950
4459
6752
5534
954
955
5478
2289
958
959
7234
961
142
6546
1057
965
966
3217
3070
1489
1395
971
972
973
974
975
976
9018
978
1731
980
981
982
983
984
985
986
987
6270
3051
990
3357
5783
993
994
995
996
997
998
999
5041
1001
1002
1424
8304
1005
7479
1007
8576
1009
1010
1141
2435
1013
1014
4543
8613
1017
1018
1019
1020
7367
1022
1023
1024
1025
6027
550
1028
1029
2698
5182
1888
1033
1034
1035
1036
1037
1038
1039
1040
1041
8571
1043
4356
2702
5064
93
1048
1049
5571
8150
1052
1053
7431
1055
656
964
3860
1059
4078
777
3166
1061
6034
6148
1066
6406
2130
1069
1070
3834
3698
6438
9441
3667
8358
7734
9238
1079
1080
2634
9352
1083
8967
1085
5211
1087
1088
1089
1090
6460
1092
1093
1094
1095
1096
1097
4937
7756
1100
1101
1495
1103
1830
1666
7424
1107
6516
1109
1110
7911
1112
1113
7763
1115
1116
8201
1118
3673
8965
9345
1122
1886
1124
4921
1126
1127
1128
9387
1130
1131
1132
1133
1134
7117
9099
8127
1138
6402
3132
1431
1142
1183
1144
7806
1146
1147
1148
1149
2309
1151
2626
1153
5056
1155
1156
1157
3419
1159
1160
1161
1162
1163
1164
9384
7709
1167
1168
1169
1170
1171
1172
1205
1174
1175
1176
1177
1178
1179
3266
2783
1182
4397
7719
1185
1186
1187
7418
9237
1190
1191
1192
2767
164
3804
1196
1197
1198
1199
1200
4863
1264
3128
1204
5156
1206
2920
3975
5367
1210
6043
2219
3961
1214
1215
1216
1217
1218
1219
1220
1221
3490
3523
9164
2155
8270
1227
1228
2891
8899
5540
1232
1233
1234
1235
1236
1237
1238
7930
1240
1241
1242
1243
9977
1245
1246
1247
1248
1249
1250
1251
5334
9754
7965
6307
1256
1257
2777
5929
1260
1261
1262
6570
1202
1265
7559
1267
1268
1269
7948
1271
1272
2606
1747
1275
1276
1277
2305
5095
8592
1281
2929
3925
1284
1285
1286
1628
1288
8950
1290
1291
3872
5746
1294
8821
1296
5522
1298
1299
1300
1301
9198
1303
1304
1305
1306
693
1308
1309
1310
1311
4936
1313
1314
2695
1316
1317
1318
1319
188
9042
1322
1323
1324
1325
1326
1327
1328
9704
1330
1331
6538
5590
1334
6245
1336
6607
1338
9592
4765
7242
1342
1343
1430
1345
1346
1347
1348
1349
1350
1351
338
1353
464
1355
1356
6590
7805
2516
1360
1361
8842
4054
1364
4140
3080
4431
1368
1369
1370
4842
2033
1373
1374
1375
1376
1377
8972
1379
4209
1381
1382
1383
1384
1385
1386
6793
7841
1389
1390
9685
1392
1393
4517
4138
1388
1397
1398
1399
1400
4044
1402
5273
1404
1405
1406
1407
9395
1409
1410
7443
1412
1902
5932
1415
1416
441
1418
1419
1420
1421
3205
7635
8583
5976
1426
1427
6923
5501
1511
9580
3161
3832
5361
1435
8108
8010
1438
1439
1440
1441
6053
1443
7112
1445
8104
1447
3695
8232
6276
6674
547
2647
1454
4742
1456
1457
1458
8948
4869
9936
16
7549
1464
7527
1466
6359
4363
5993
1470
3554
2046
1473
2567
2173
8643
5167
1478
4910
1480
1481
7319
1483
1484
9485
9424
9271
1488
969
9246
1491
1492
1493
1494
1102
1496
1497
9137
1490
5015
1501
7500
1503
1504
925
6471
3371
7206
9382
1510
1344
3822
3067
1514
1515
1516
1517
8321
1519
1520
3600
1522
8909
3648
6497
1526
1527
1528
792
1530
3605
7866
8907
1534
7171
1536
1537
1538
1936
1540
1541
7766
4469
2903
813
3615
3510
903
2609
1550
8445
1552
3376
351
1555
1556
1557
1558
1559
1560
1561
133
2876
1564
1565
1566
1567
534
1569
1570
1571
8716
4334
4250
9540
1576
3580
5864
3714
1580
6724
1582
1583
3411
1585
5107
1587
3243
1589
1590
1591
1307
8680
590
3263
1596
1597
1998
4393
9029
5787
1602
3350
5346
1605
1606
1607
1608
1609
9151
1611
1612
968
4584
9707
6168
1617
1618
1619
1620
1621
1622
9595
8749
1625
3602
1627
7021
9788
1630
1631
1632
8059
893
1635
8810
1637
1638
1639
1152
1641
1642
7067
137
1645
1646
1647
1648
1649
6771
5845
4677
5999
1654
1655
4409
1657
1658
7574
1660
1661
5876
7952
374
5093
1105
1667
7216
1669
1670
1974
1672
5623
8022
4781
1676
2405
1678
607
1772
580
3094
6587
9951
3183
1686
1687
3498
2869
9921
6217
1692
5555
1694
1695
1696
1697
1698
1699
1700
1701
1702
1703
7375
1705
1706
1707
5317
6751
1710
9564
2862
3441
1714
1715
9226
1717
5984
1719
1720
8785
1722
1723
1724
1725
4451
9905
1728
1729
5024
5821
1732
1733
1734
1735
1736
1737
1738
1739
1740
1741
1742
7636
1744
1745
1746
1274
1748
1749
1750
13
1752
1753
4583
121
5188
1757
1758
1759
497
1761
2444
158
4661
1765
1766
7436
1768
7824
4804
1771
7094
1773
1774
1775
1776
5531
1778
1779
8658
5390
3794
1783
143
1785
1786
6688
1788
8751
1790
1791
1792
1793
1794
1795
1796
1797
1798
1799
8905
2333
9912
5667
1804
1805
5971
1681
1808
1809
1810
1811
1812
3239
1814
5558
6913
1817
288
1819
6335
1821
2947
1823
1824
1825
666
880
9434
1829
1104
1831
1832
1833
1834
1835
1836
1837
1838
1839
6627
3186
1842
1843
1844
1845
1846
2404
5869
4437
843
1851
1852
1853
5677
1855
2975
1857
1858
1859
1860
1861
1862
1863
939
1865
1866
9809
1868
5624
7914
1871
1872
1873
2640
3432
3327
8588
7096
1879
8411
1881
1882
3654
2971
6576
3529
1887
1032
1889
1890
4998
1892
1893
3057
1895
9197
1897
7186
1899
1900
1901
5234
1903
1904
6000
1906
6984
2980
1909
7210
495
1912
1913
9110
4764
9217
1917
1918
8153
5947
5934
1922
1923
9786
1925
8288
1927
1928
1929
5076
7814
5115
4575
1934
1935
858
1937
9245
1939
1940
1941
8258
5348
5918
4586
94
190
1948
1949
1950
1951
1952
6133
3943
332
5102
1957
3054
812
5809
2442
1962
1963
5584
1965
1966
1967
1968
1969
6871
1971
265
2905
1671
897
2121
1977
7048
1979
1980
7832
4589
1983
8143
9747
1986
1987
5798
1989
2815
1991
3668
1993
1994
1995
1996
1997
1598
5374
2000
9626
3570
9688
2448
2005
2006
9712
2008
2009
2010
4127
2012
2013
2014
2015
2016
8548
2018
2019
2020
7340
7922
604
7400
9710
7134
4147
2028
4387
6960
8449
7926
7990
7059
2035
3779
2037
8369
2039
2040
2041
3606
2043
8692
2045
7799
6306
2048
6995
970
2051
2052
6624
2054
2055
2056
2057
2058
2059
7964
2061
2062
5839
2064
5059
2066
5682
2068
2069
2070
7406
2072
2073
2074
2075
2076
2077
2078
1358
2080
432
2082
2083
3751
3710
2086
1944
2088
2760
2090
2091
2092
9750
2094
9691
2096
4034
5550
2099
2100
2101
2102
2103
8354
5725
5276
2107
2108
2109
2110
9022
2112
2113
2114
8784
2116
2117
9567
2119
5411
1976
9651
7716
1011
3052
5620
7713
9002
8078
1068
2131
2132
2133
2134
5714
2136
2137
6447
3803
4462
2141
2142
3423
2144
8800
7721
2147
2148
1365
2829
9511
4775
2153
2154
6637
6963
8282
2158
688
2160
6502
2162
9690
9501
2165
2166
2812
7131
8894
8427
2171
7167
7039
7217
3436
2176
2177
2178
2179
2180
2181
2742
8498
2184
3214
2186
2187
2188
2189
2190
4891
2192
2193
2194
6006
1320
5338
2621
8310
2200
5614
3630
2203
2204
4111
2206
2207
4264
2209
2210
2211
7640
6916
2214
2215
2216
2217
2218
8079
2220
2221
2222
579
2224
3845
2226
2227
2228
2229
2230
2231
2232
2233
7871
2235
538
1273
360
5906
455
2241
5436
8781
2244
2700
9612
5087
2248
2249
2250
2251
9614
2253
4402
4845
3671
2257
4565
2259
1953
4574
2262
3940
2264
2265
2409
8879
4121
2269
8501
2271
2272
7939
7043
2275
2276
2977
2278
6318
1279
1012
2552
2283
3644
2285
4695
7220
2288
957
2290
879
2292
2293
4025
9247
6355
2297
2298
4793
4500
2301
2302
2303
2304
6339
2306
2338
2308
5755
2310
2311
2312
2313
2314
4862
5052
2317
474
2319
2320
2321
2322
7401
8565
2325
2326
2327
2328
5917
2330
2331
2336
1801
2334
2475
2332
2337
2307
2339
2340
2341
2342
3999
2344
2345
2346
5756
2348
2349
4737
2351
2352
2353
2354
2355
2356
6275
3124
2359
2360
2023
2362
2363
5009
2365
2366
2367
2368
2369
702
5894
2372
6745
9091
6803
5857
2377
3043
7892
2380
2381
2382
86
2720
4671
9711
2387
2388
5827
2390
2391
2392
2393
2394
2395
2396
2397
2398
2399
2400
5413
2402
2403
6647
5670
3066
3488
2408
2665
2410
2411
2412
2413
3028
2415
5378
4749
2418
2419
5397
2421
9605
2423
5258
2425
2426
2427
2428
7828
2430
2431
2432
2296
3007
902
184
2437
9309
8520
2440
2441
1961
2443
160
2445
2446
4009
4031
2449
2450
8462
2452
8323
2454
1673
2456
2457
5865
2459
7072
2461
2462
4424
2464
2465
8750
557
2468
6074
6852
5022
1312
2473
7592
8054
2476
2477
9770
2479
2480
2481
2482
9658
4644
2485
2486
500
125
2489
3219
6137
2492
2493
9649
9986
5727
2497
4377
2499
2500
2501
2502
4018
2504
9166
2506
2507
2508
9379
6578
2511
61
73
2514
7983
1359
2517
4836
3248
6347
5650
2522
2523
9071
699
2526
2527
7349
2529
2530
2531
5879
2533
2534
2535
2536
9835
8758
2539
2540
195
2542
307
2730
8451
1289
4534
2548
2549
2550
2551
5702
3003
2554
2555
2556
2557
2558
2559
2560
2561
2562
2726
2564
2565
2566
8166
2568
3424
1058
23
2572
2573
2574
8823
2576
1222
2578
2579
8027
2581
1429
2583
9353
7591
2586
4596
2588
7639
2590
2591
2592
2593
2594
631
2596
5050
1173
2599
2600
2601
2546
9552
2865
3294
1955
2607
9869
1549
3363
314
2612
2613
2614
2615
2616
2617
7680
2619
4306
286
3506
2623
3195
7739
991
2627
4366
2629
8627
302
1610
3038
8447
2635
643
8308
2638
2639
1874
875
3345
2643
2644
7020
2646
1453
8233
7145
2650
2651
2652
2653
2654
2655
2656
2657
2658
2659
2660
2661
7092
5637
2664
5434
2666
2667
4365
2669
2670
2671
2672
2673
8659
960
2676
9642
2678
2679
8635
7858
8912
9769
2847
2685
2686
2687
588
2689
2690
2691
2692
2693
2694
9454
2696
8987
5861
3174
2245
2701
8331
2703
6066
2705
9866
2707
2708
2709
5381
2711
2712
2713
2714
2979
2716
5290
2718
2674
6856
2721
4512
9687
6883
2725
6535
2727
2185
2729
6158
2731
1762
2733
6021
2735
499
2737
3001
2739
2740
784
2182
2743
4177
805
7536
6656
2748
2749
2750
2751
1916
5969
2754
2755
2756
9587
2758
2759
2089
2761
2762
9683
4806
2765
2766
1193
2768
2769
4894
2771
8102
2773
2774
1547
6897
1760
6076
4007
8629
2781
2782
1181
8190
2785
7379
5603
2788
2789
2790
2791
2792
5362
7534
2795
3362
2797
2798
7854
2800
2801
4885
2803
2804
5862
2806
754
9582
8247
2810
2811
6510
2786
6415
1990
2816
3974
8521
2819
2820
2625
575
2823
2824
2825
2826
570
4286
2150
5472
1448
4338
2833
2834
2835
2836
2837
5649
2839
2840
6204
530
9404
2844
2845
2849
9324
2848
2846
2850
3121
2852
2853
2854
2855
9269
2857
2858
2859
3418
2861
2972
2863
9833
2604
4879
2867
2868
1689
2870
7256
7178
6702
7368
2875
7168
952
2878
245
2880
2881
2882
8545
2884
8968
2886
2887
2888
2889
9455
6075
2892
2893
2894
2895
2896
8649
2263
3020
2900
8205
2902
817
2904
1973
2384
2907
2908
2909
2910
3721
2912
2913
2914
2915
4273
2917
2918
2919
3508
2921
2252
2923
2924
2925
6084
9462
8533
1282
2930
2931
4238
2933
2934
9606
2936
2937
2938
2939
3026
2941
2942
3197
2944
8705
5109
1822
9122
2949
2950
2951
2952
2953
2954
2955
2956
2957
5830
2959
6316
2961
2962
4249
2964
1459
8596
4594
2968
2969
8154
743
1712
2973
2974
1856
2976
5840
2978
2715
1908
8285
2982
2983
1486
2985
9312
2987
5855
2989
2990
9420
2992
2993
1636
2995
2996
2997
6887
2999
3000
2738
5395
2553
3004
3005
3006
2434
3008
2680
6432
9781
3012
9830
3014
3015
8265
3017
8031
3019
8217
3021
3022
3023
6046
3025
2940
2828
1077
6580
3030
3031
3032
4900
7448
3035
9183
5345
2633
2389
3852
3041
3042
8608
1777
3045
4117
3047
3048
3049
9363
989
2723
144
1958
3055
29
6199
3058
8591
3060
3061
3062
3063
3064
3065
3211
8730
3068
3069
5169
3071
3072
3073
3074
3075
3076
3077
6016
3079
9818
3081
791
3083
3084
6485
3086
3087
3088
1452
3090
3091
3092
6301
1682
3095
3096
3097
3098
3099
2688
3101
4507
3103
3104
3105
3106
3107
5831
1408
3110
3111
3112
3113
8607
3115
9253
9860
7107
3119
138
2851
7991
9841
9449
3125
3126
3127
1203
3129
9299
3131
8413
3133
3134
8235
3309
5718
6511
3139
3140
3141
9847
6846
5254
2967
3146
3147
3148
3149
7466
3151
6756
3153
9946
3155
2374
3157
4257
9546
811
1432
3162
3163
3164
3165
8207
3167
951
2518
3170
9175
9095
3173
574
3175
3176
3177
9034
4648
3180
845
3182
1685
7146
3185
6212
129
3188
3189
3190
4796
3192
3193
3194
9882
695
2630
3198
5911
5860
3201
3202
3203
3204
9009
3206
3207
3208
3209
3210
3894
3212
1938
5536
3215
3216
8112
3218
4362
8317
3221
3222
3223
4425
3225
3226
3227
3228
6472
4472
3231
3232
3233
3993
3235
3236
3237
3238
1813
3240
3241
3242
4655
2424
3749
3246
3247
4454
3249
3250
3251
8738
6529
7769
3255
3256
3257
9845
9527
3260
3261
5477
1595
3264
1270
4951
3267
1136
3269
3270
3271
7634
3273
3274
3731
3276
7095
1688
3279
3280
7161
3282
4690
3284
8827
3286
6732
9323
3100
3290
6613
7335
3293
6494
3295
9467
5825
3298
3299
3300
5456
3302
202
3304
3305
1502
3307
251
3136
8554
3311
3312
3313
3314
2286
4221
3317
3318
3319
3320
3321
3322
3323
3324
3325
3326
1876
3328
3349
6424
8875
3332
3333
3334
384
7825
3337
1450
4482
3340
6522
3342
3343
3344
2642
3346
3347
3532
3329
7884
3351
3352
3353
3354
3355
5453
1640
3358
4420
4134
3361
6390
2610
715
3365
6964
3367
3368
8467
3370
6932
6411
3373
2577
8507
472
3377
3378
3379
7499
9640
3382
3383
5305
3385
5083
9937
3388
3389
3390
3391
3392
3393
3394
3395
3396
5380
3398
3399
3400
3401
3402
3403
3404
8359
4966
3407
3289
6820
9636
155
5953
3413
7240
8693
3416
9509
2860
1158
3500
3622
5738
7704
2569
3425
3426
4592
3428
3429
1207
448
6231
6429
3434
3435
2175
2467
3438
3439
9917
9439
3442
4331
3444
77
3446
933
3703
3449
3450
3451
8434
3453
7287
3455
3456
3457
1784
3459
678
9443
3462
3463
3464
3465
3466
3467
7484
3469
3258
3471
3472
6437
3474
9950
3145
3477
9076
4890
8812
2741
3482
6146
3484
3485
2124
3658
4151
3489
7183
3491
3492
3493
8155
3495
8294
9498
3278
3499
4354
3501
3502
3503
5042
6838
2622
1926
9474
3509
8162
3511
243
3513
3514
3515
3516
3517
3518
3519
3520
3521
3522
8713
3537
3525
3526
3677
3528
1123
4232
3531
3348
3533
3534
6609
3536
3524
7906
922
3540
3541
3542
3543
3544
3545
3546
10
3548
3549
9249
3551
3552
3553
4994
3555
3556
3557
3558
3559
3010
116
3562
9575
3564
3565
9282
3567
6206
3569
8897
3571
3572
3573
3574
357
3576
3577
3578
598
6240
3581
3582
3583
3584
3585
3586
9361
3588
3589
3590
5285
3592
3593
7476
4352
3596
5414
3598
3599
943
3601
6196
3603
3604
1531
415
3607
3608
3609
3610
8367
3612
3613
3614
1572
3616
9908
3618
3619
3620
4632
3421
6706
3624
3625
3626
3627
3628
3629
7819
3631
3632
514
3634
6572
3636
3637
3638
3639
7975
8867
3642
3643
4097
1015
3646
3647
1524
3649
3650
3651
5365
3653
2240
3655
3656
3657
3487
3659
3915
3661
8813
3478
6683
3665
3666
1075
8769
3776
5332
2802
3672
1119
3899
8011
3789
3527
3678
3679
3680
3681
6553
3683
3684
1482
3686
3687
3688
9072
3690
4274
6434
3693
4805
2831
5255
85
1072
9453
3700
650
9447
687
654
3705
3706
3707
537
3709
6172
5955
3712
4813
8606
3715
3716
3717
3718
3719
3720
4136
7293
3723
234
3725
3726
3727
3728
4266
3730
5527
8958
3733
3734
3735
7378
3737
3738
2375
9248
3741
4920
3743
3744
6596
3746
3747
3748
6083
3750
2084
5110
3753
3754
3755
2752
6047
3758
3759
3760
3761
3762
6673
3764
3765
3766
3767
3768
3769
3692
3771
3772
3773
3774
1297
256
3777
3778
9745
1403
3781
3782
7057
3784
8302
3786
8580
3788
6915
3790
3791
3792
2722
1850
3696
5659
9294
5039
3799
3800
1121
3802
7900
6671
3805
3806
3807
2724
7560
5333
5948
3812
8960
3814
3815
3816
6412
3818
3819
211
3821
1512
3823
3824
2602
3826
3827
3828
6309
7959
3831
6828
6179
1071
6615
5852
3837
8287
3839
8611
5805
3842
3843
3844
5703
3846
6467
4328
3849
316
9628
1924
63
3854
3855
3856
7823
3858
1894
1073
3861
3862
3863
4095
3865
3866
3867
3868
3869
3870
3871
4268
3873
3874
3875
6431
3877
3878
3879
3722
3881
3882
3883
3884
3885
9875
3887
3888
9693
7173
3891
3892
3893
7532
3895
3896
3897
3898
3959
614
3901
3902
3903
3904
3905
3906
6014
3908
7201
3910
3911
3912
3913
3914
5265
5462
3917
3380
3919
3920
7433
3922
4537
3924
7247
3926
3927
5058
3929
8703
3931
8264
9639
3934
3935
2417
9004
9665
3939
2898
3941
2597
9981
7717
3945
2645
3947
3948
9894
3756
3951
3952
6352
3954
4489
7512
5914
3958
9043
3960
5672
3962
3963
2202
3965
7520
3967
3968
3969
7628
3971
3972
3973
2817
1208
3976
3977
3978
4423
9221
11
3982
3983
9724
3985
5369
3987
7621
3989
162
3991
3992
7937
3994
3995
3996
6346
3998
2343
4000
4001
4002
4003
484
4005
4006
4302
9142
2447
609
4011
4012
4013
4014
4015
6315
4017
2503
5910
2126
4021
4022
8379
4024
2294
1767
5246
5606
8877
4030
2004
4032
4033
2097
318
2347
4037
4038
4039
4040
6451
4042
4043
6124
6822
4046
4047
4048
4049
544
4051
6951
422
1363
4297
4056
4057
7035
4036
1675
4099
4062
9289
6824
4065
4066
482
1140
7944
4070
8405
6512
8000
9723
4075
4076
4077
1060
8357
4080
4081
9131
4083
4084
4085
4086
4087
4088
4089
6710
4091
4092
1451
4094
8228
4096
871
4098
4061
4100
4101
4102
4103
9979
4105
4106
4107
4987
4109
4945
7465
8083
9500
4114
4115
4116
4029
4118
71
4120
3454
12
4123
4124
4125
4126
2011
4128
4129
4130
3981
552
8336
3360
4135
2911
6030
2050
4139
2149
8123
5313
4143
4144
4145
319
5053
2350
4149
4150
5044
4453
4153
4154
6130
8536
7992
9458
7723
4160
4161
4162
4163
4164
4165
4166
9739
4168
4169
4170
4171
7258
4173
4174
7276
4176
2744
8140
9497
6409
4181
4137
4183
4184
7566
4186
1099
4188
2104
4190
4962
4192
4193
2932
1709
4196
4197
4198
4199
7390
3130
5815
4203
4204
1864
4206
4460
4208
1380
4210
4211
4212
4213
9964
4215
4216
4217
4218
4219
4220
6266
4222
9061
9565
5062
4226
934
9938
4229
4230
4231
3530
5148
4234
4235
7053
4237
2280
4239
4351
4241
9207
4243
4244
4245
4246
4247
1915
2963
889
7949
4252
4253
4254
4255
4256
9025
4258
4259
2488
4261
4262
4263
2208
1680
5431
4267
8092
4269
4270
4271
4272
2916
4053
9507
4276
4277
8721
4279
6799
8900
7855
4283
4284
1743
3027
4287
4288
4289
4290
4291
4292
4293
7575
4295
1434
4055
4298
4299
4300
4301
1604
4303
4304
4305
2620
2439
7548
7835
4310
5079
5813
4313
4314
4315
4316
4317
4318
4319
4320
9929
6509
4323
4324
4325
4326
6491
3848
394
4330
3443
4332
4333
2545
4335
4336
3034
1000
4339
4340
8415
4342
2496
4821
4345
4346
4918
4348
4349
9371
2191
3595
4353
3420
4355
1044
4357
4358
4359
3817
252
2490
9118
4364
2668
2628
4367
4368
4369
4370
4371
679
8614
4374
5387
4376
139
9673
4379
4380
4381
4382
4383
4384
4843
7226
1332
4281
4389
8529
4391
4392
6246
4394
4395
4396
254
9026
4399
4400
4401
4388
4403
4404
4405
4406
4407
4408
3372
4410
4411
4412
4413
8094
4415
4416
4417
6418
7082
3359
4421
1964
3979
2463
8335
6160
4427
4428
4429
3285
6782
4432
4433
4434
4435
461
1849
4438
4439
79
4441
8115
7791
1372
4445
4446
4447
4448
4449
4450
1726
4452
227
4949
4455
4456
4457
4458
9957
7025
4461
2140
6234
4464
4465
4717
4992
9233
9672
4470
4157
3230
5359
4474
107
4476
6096
4478
4479
4480
1065
7792
5748
4484
4485
4486
800
4488
3955
4490
4491
4492
4493
2520
4495
4496
4497
4498
4499
1615
5886
4502
281
4504
7643
4506
3102
4508
4509
4510
4511
5336
6772
4514
4515
4516
1394
1548
4519
4520
4521
4522
4523
4524
4525
4526
857
4528
6425
9787
4531
9759
7733
2547
4535
8191
409
4538
7447
4540
3330
7037
9157
3412
876
4546
4547
5890
4549
5600
4551
9988
4553
4554
4555
4556
4557
4558
4559
4560
4561
4562
4563
4564
2258
4467
4073
4568
5721
5826
4571
4572
9403
2261
1933
4576
5881
4578
4579
4580
1826
4582
6332
1614
4585
6667
4587
454
7603
4590
4591
8903
4940
3476
4595
2587
426
4598
4599
4600
4601
4602
8830
7539
4605
8340
4607
4608
4609
5781
8543
4612
6889
3029
4615
8939
5326
4618
4619
4620
6343
4622
9518
5758
4625
5882
4627
4628
4629
4630
5687
2732
4633
4634
4635
4636
4637
4638
7675
4640
8055
4642
4643
2484
4645
564
4864
6004
6555
4650
4651
8215
4653
4654
1588
4656
4657
4658
328
4660
8682
7853
4663
4664
8651
4666
4667
4668
4669
4670
890
4672
4673
4674
4675
7081
4871
8850
4679
4680
4681
4682
420
6102
4685
4686
9753
4688
4689
3283
9572
4692
4693
5307
3953
4696
4697
4698
4699
8841
4701
4702
4703
4704
8756
6385
4707
4708
7200
3040
9470
4712
4713
4714
3292
4716
4466
1677
4719
4720
4721
4722
4723
5641
4725
4726
4727
4728
4570
9536
4731
1462
4733
6064
9047
3810
4148
6950
5204
4740
7773
1455
4743
4744
4745
4746
4747
9694
8168
7641
4751
4752
4159
4754
4755
4756
6969
4758
4759
4760
4761
4566
4763
5284
1340
9718
3078
6914
4769
2001
4771
7616
848
5213
7894
4776
887
4778
4779
4780
4060
6750
4783
4784
4785
4786
4787
3431
9744
4790
4791
4792
6110
4794
4795
9368
4797
4798
6875
4800
4801
4802
4803
7337
3694
9952
4822
9082
4809
4810
4811
4812
3118
4814
4815
9149
634
6427
8587
4820
4344
4807
4823
8793
4825
4826
4487
4828
4829
4830
8938
4832
4833
4834
839
1652
4837
4838
4839
5617
1789
7951
4385
4844
9212
4846
4847
4848
4849
4850
4851
4852
4853
9973
4855
4856
4857
4858
6888
1578
4861
8167
7090
4647
4865
4866
4867
4868
8723
4870
4968
3338
4873
4874
4875
9604
4877
4878
2866
4880
4881
4882
4883
4884
2256
7836
4887
4888
3946
3479
6072
1295
6263
2770
5715
4896
4897
3275
645
3033
2611
4902
4903
4904
7498
4906
9094
3933
4909
1479
4911
4912
4913
4914
1401
4916
4917
4347
7741
8052
1125
8256
4923
4924
5280
4926
4927
6287
4929
9526
6872
4932
3013
4311
4935
2472
2598
4938
4939
528
4941
4312
4943
4944
1335
6808
4947
7353
2519
4788
217
4952
4953
3970
526
4956
4957
9585
9792
4960
9161
4191
4530
4964
4965
3406
4967
3169
9039
4970
4503
4972
4973
2157
4975
6926
4977
4978
5878
4980
9757
3830
4104
4984
9332
4986
4108
6120
4989
4990
4991
5111
4993
5129
5891
8362
4997
6634
4999
5000
8390
5002
5003
5004
1120
5006
5007
9056
1574
5507
5011
153
5013
6092
7657
5016
5017
5602
9889
5020
5021
2471
5769
1730
5025
5026
5027
9415
591
5030
6444
5032
3859
7179
5035
8158
5037
6036
7945
5040
4872
3504
5043
64
6781
7622
5047
2624
5990
2373
9423
2316
2027
5054
8380
8930
5057
1787
208
5060
5061
8468
9817
6219
5065
5427
5067
2036
5069
5070
5071
186
5232
5074
5075
2595
6539
5078
8694
5080
5081
5082
9060
5084
5085
5198
2247
5088
2681
5090
123
5092
9892
7762
4194
5096
5097
5752
9116
5100
5101
1956
7750
2763
5105
7686
1586
9902
2946
3752
7282
5112
5113
5114
1932
5116
5117
5118
5119
5120
5121
7159
5123
5124
5125
4296
3050
5128
1471
5130
6746
5132
5133
457
1239
6005
3331
5138
5139
5140
9393
5142
5143
5144
9346
5146
5147
4233
5149
5150
5151
5152
5153
1802
5155
1098
8389
5158
8944
551
7004
5162
5163
5164
8849
5166
5916
5168
1613
5170
5171
5172
433
5174
6998
5176
5177
5178
4341
5180
5181
1031
5183
5184
5185
5186
5187
1756
5189
5190
6504
5104
5193
5572
5195
9635
5197
315
5199
5200
52
5202
5203
4739
5205
9668
5207
5208
3763
5210
1086
5212
4774
5214
5215
5216
5217
5218
70
5220
883
8995
1016
5224
5225
758
7918
5228
5229
816
5231
9933
9528
3568
5235
5236
7682
5238
5239
5240
5241
7620
5243
5487
831
7421
5247
5248
5249
2383
5251
3835
5253
3144
5895
5256
7613
3244
5259
5260
5261
5262
5263
5771
3660
2544
7176
5268
5269
5270
5271
5272
5736
9372
2003
2106
6303
5278
5279
30
3277
4418
5283
4248
3591
5286
5287
5288
5289
2717
5291
6465
9288
8755
5295
7463
9432
5298
5299
5300
5301
5302
5303
5304
3384
5306
9714
9263
5309
5310
5311
5312
4142
5314
5315
5316
1708
5318
5319
5320
5321
5322
5323
5324
7137
4617
5327
5328
8788
5330
5331
2239
5847
8172
5335
3793
5337
2197
5339
5340
5341
6543
5343
7938
3037
6743
5347
8539
5349
5350
5351
5352
5353
5354
5355
5356
5357
5358
923
5360
5662
7462
8455
5364
3652
7891
43
5368
6660
5370
5371
5372
5373
1999
5375
5376
5377
2416
5379
3397
2710
5382
7426
5384
9023
5386
5514
5388
5389
1781
5391
5392
5393
5394
3002
8768
6992
5398
5399
5400
5401
5402
3928
5404
7231
5406
5407
5408
5409
5410
2120
5412
2401
3597
5415
9220
5417
5418
7385
2582
5421
9190
6038
5424
5425
2585
8141
492
5429
5430
6765
5432
5433
2266
5435
8846
6840
5438
5439
5440
5441
8356
3
5444
5445
5446
5447
120
5449
3044
5728
5452
54
5454
5455
3301
5457
5458
5459
5460
2879
8881
9815
5464
5465
5466
5467
5468
7275
5470
5471
2830
5473
5474
5475
5476
3262
956
919
6071
5481
859
5483
5484
5485
6017
5244
5488
5489
3178
5491
5492
5493
5494
5495
5496
5497
5498
1111
9473
5420
5502
7245
5504
5505
5506
5010
5508
5509
5510
5511
5512
5513
1004
5515
5516
5517
5194
1500
6165
5038
3775
9821
5524
5525
5526
2807
5528
5529
5530
8218
505
5533
6156
7722
2728
5537
5538
7366
2318
5541
5542
776
5544
5545
5546
5547
5548
5549
2098
5551
5552
4646
5554
1693
9962
7267
1815
5559
274
714
5885
5563
5564
8412
5566
5567
5568
5569
5570
6556
2637
5573
5574
5575
5576
5577
5578
5579
5580
5581
5582
5565
4422
5585
9568
5587
5588
5589
8729
5591
7329
5593
2238
9624
5596
8922
5669
5599
4550
5601
5018
786
9734
5605
4532
5607
9666
5609
8014
4691
5612
5613
2201
5615
8936
4840
8193
5619
2521
6272
5622
2455
7646
5625
5626
5627
5628
5629
2025
5631
5632
5997
5634
5635
5636
8546
1180
5639
5640
4724
5642
5643
6413
8421
5646
5647
5648
2838
2927
5651
9768
7651
2864
9488
756
5657
5658
3796
8951
5661
5126
5663
5664
5665
5666
2495
5668
5598
840
5671
1213
5222
5674
8015
2060
1854
5678
5679
5680
5681
2067
5683
5684
7998
2315
7724
5688
5689
5690
5691
5692
5693
9401
8855
5696
5697
5698
5699
2198
376
2282
489
5704
5705
1828
6663
5708
5709
1422
5711
5712
9855
2135
6742
9070
5717
9015
5719
5720
9813
5722
9600
5724
6890
3158
4343
3689
3375
5730
3259
5732
5733
342
5735
3780
5737
3422
5739
8230
5741
5742
5743
5744
5745
1293
5747
4483
5749
5750
5751
5098
775
5754
1150
9040
5757
4738
5759
470
5761
5762
5763
8513
5765
5766
5767
6642
4741
5770
377
5772
9406
773
7010
5776
5777
5778
5779
5780
9153
5782
992
6731
5785
5786
1601
5788
2364
5790
8410
5792
5793
5794
5795
5796
2361
1988
8562
8020
5801
2123
5803
6321
3841
5806
5807
7528
2580
5810
5811
5812
9990
5814
4202
5816
5817
6001
5819
5820
979
4225
5823
5824
326
9128
1663
5828
5829
3310
3108
9880
5833
5834
5835
5836
5837
5838
751
5396
5841
7042
214
6773
6729
5846
7813
5848
5849
6151
6709
8281
5853
5854
1579
5856
2376
5858
5859
7909
1508
7872
5863
4860
2458
5866
9756
5868
5209
6801
5871
8236
5873
5520
5875
1662
4240
4979
1030
796
4942
4626
5883
5884
4178
5091
5887
5888
8149
2138
4995
5892
8595
2371
3795
5896
5897
5898
58
5900
7795
5902
5903
5904
9901
6487
310
5908
140
4019
9700
5912
5913
3957
9132
1477
2329
8008
5919
1259
7543
7295
9358
5924
5925
5926
5927
5928
5920
8724
7981
1414
2842
6051
5935
8917
4501
5938
1467
5940
7700
5942
5943
5944
9738
5946
1920
203
4931
5950
5951
5952
4544
5954
8483
1062
6377
5958
5959
5960
5961
8197
5963
5964
5965
5966
6976
5968
2753
5970
5499
5972
5973
5974
8840
6283
5977
5978
5979
5980
797
5982
5983
400
6198
8828
5987
5988
5989
1970
5991
5992
9414
5994
5995
8671
8253
5998
1166
8760
9505
3685
6003
3179
5136
682
6007
6008
6009
3335
6011
5048
6013
2945
6505
9798
7083
4606
6019
6020
2357
6022
6023
6024
6025
6026
1026
9517
6029
4182
6031
6032
6033
1064
841
5521
752
5423
6039
6040
6041
6042
7163
9726
6045
3024
3757
6314
4004
5723
9078
6052
1442
6054
6055
6056
6057
6058
6059
9721
6061
6062
6063
6869
6065
7843
6067
6068
6069
6070
8085
4946
6073
8114
1229
6469
6077
4260
6079
6080
8992
6082
3245
9219
250
881
5383
6507
6089
6090
6091
9440
6093
6094
6095
6558
6097
6098
6099
6100
4694
7354
8175
373
6105
6106
6107
742
6109
2299
6111
6112
6113
9829
6115
6116
6117
6118
6119
4988
6121
6122
6123
4915
4545
292
6475
6665
6129
110
6131
6132
2260
6134
6135
1008
2491
6138
3374
6140
6141
25
7311
6144
6145
8712
6147
5985
6149
392
5850
1691
7154
6154
8676
1472
8919
8067
6159
9515
6161
6162
6163
6164
7947
6166
6167
7530
6169
6170
6171
2085
2234
6174
6175
6176
6177
6178
3833
6180
6181
6182
6183
6184
128
6186
7711
3675
6189
6755
6191
6192
6193
6194
2324
1626
6197
4481
4895
6880
6201
6202
891
2841
6205
1413
6207
6208
8888
6210
6243
4189
6213
6214
6215
6216
6152
6218
1046
581
6221
6222
2675
6224
6225
5621
6227
6228
9165
6230
9305
6232
6233
6734
1354
6236
2775
6238
6239
4156
6241
6242
6211
6244
3009
1599
7136
6248
9054
6250
6251
2960
8023
6254
8892
6256
8043
1972
6259
6260
6261
6262
3056
6264
6265
3316
6267
9663
599
988
6271
6226
6273
6274
2734
6727
6277
6278
6279
6280
6281
5519
1425
6284
6285
6286
4928
6288
6289
6299
6291
6292
6293
6294
6295
6296
258
6298
6290
6300
3093
6302
5277
4069
1082
2047
1255
7347
3829
6310
6311
583
6313
6048
7810
8664
6317
2279
6319
6320
84
7876
7508
6324
2906
6326
6327
6328
6329
6330
6331
1754
6333
6334
1820
6336
6337
6565
1278
6340
6341
6924
7589
6344
6345
3997
4494
6348
6349
6350
6351
182
6353
6187
2433
6356
6357
6358
5939
6360
6625
6362
8064
2871
6365
6366
6367
6368
6369
6370
6371
6372
6373
6374
6375
5644
5957
6378
6379
5293
6381
6382
6383
6384
337
6386
6783
6388
6389
2796
6391
2105
6393
6394
1212
6396
6397
6398
6399
6400
7050
1139
6403
5127
6405
1067
6407
6408
726
6410
1656
4732
6376
9650
2814
6416
6417
5282
6419
6420
6421
5329
7015
7291
657
6426
4818
6428
3433
6430
6325
8179
6433
2965
6435
6436
3473
2570
6439
6440
866
9752
6443
578
8775
895
4548
6448
6449
6450
1905
6452
6453
6454
6455
6456
6457
6458
6459
1091
6589
6462
6463
6464
5292
9442
3847
6468
2778
6470
1506
4280
6730
6474
59
6476
6477
6478
6479
6480
65
9782
7583
8737
7044
398
4898
9659
6489
6136
4327
6492
6493
2605
6495
6496
7449
8073
6499
7982
6501
2161
6503
5191
6015
6506
6088
6508
7149
2167
9290
4072
9989
6514
6515
1108
6517
6518
7046
6520
7783
3341
6523
6524
7164
6526
932
6528
8484
6530
6531
6532
6533
6534
9489
1321
6537
2029
5077
6540
8856
6542
5342
7300
627
963
6547
6548
6549
7027
6551
6552
3682
6554
9045
7976
1428
4477
6559
6560
6561
6562
6563
6564
6338
6566
1568
6568
6513
7165
7139
7772
9292
6574
6575
6744
1562
2510
2205
4614
6581
6582
6583
6584
6585
6586
1683
6588
8470
4236
6591
6592
6593
370
6595
3745
6597
6598
6599
6600
6601
1629
6603
6604
6605
6606
1337
6608
3535
6610
6611
6612
1258
6614
5252
6917
6617
6618
6619
6620
6621
6622
6623
2053
9898
7071
1840
6628
4541
6630
6631
6632
6633
1891
6635
6636
1225
6638
6639
6640
6641
5768
9857
6644
235
6646
1847
6648
545
6650
6651
6652
6653
9260
6655
2747
9343
6658
6659
3986
100
6662
5707
6664
6128
6666
9178
6668
6669
6670
1525
6672
1848
7994
6675
749
6677
6678
6679
6680
6681
6682
7670
6684
6685
6686
5046
5403
309
8762
6691
6692
6693
6787
6363
6696
6697
6698
6699
6700
6701
4090
6703
6704
6705
3623
5363
9200
4603
9993
3475
1584
6713
6714
8466
6716
1223
6718
6719
5073
6721
8136
8144
341
6725
6661
7960
6728
1651
6473
5784
7625
6733
5996
6735
7610
6737
6738
6739
6740
6741
5033
2779
4110
3942
5131
6747
6748
6749
3944
4195
6720
3988
6754
4577
6695
6757
2274
6759
6760
6761
6762
6958
6764
4360
6766
6767
6768
6769
6770
744
4513
391
4539
185
6776
6777
6778
4886
6780
5045
1367
6387
6784
6785
8670
6694
6788
6789
1959
6791
6792
1387
7148
6795
6796
6797
6798
8311
6800
5870
6802
9808
6804
5518
6806
6807
5877
6809
6810
6811
2031
6813
6814
6815
6816
6817
6818
6819
3409
6821
9359
6823
4064
1870
6826
6827
1433
6829
6830
6831
6832
6833
6834
6835
6836
6837
3505
6839
5437
8538
6842
6843
6844
6845
3143
7537
6848
6849
466
6851
2470
6853
2115
6855
3876
1509
6858
6859
6860
6861
5230
6863
6864
7989
6866
6867
6868
5154
6870
5049
44
6873
5774
279
6876
6877
8487
6879
6200
3809
6882
3808
5949
6885
8
2998
4859
4613
3916
6891
3199
6893
9976
6895
6896
2776
6898
6899
6900
6901
5051
6903
6904
6905
6906
6907
9459
6909
3142
6911
6912
1816
9737
9187
2213
7246
3053
6919
6920
6921
6922
6557
6342
8869
7729
6927
6928
6929
6930
6931
1465
6933
6934
2159
6936
3739
6938
6939
6940
6941
6942
6943
7668
6945
7249
6947
6948
4824
7562
6689
6952
6953
6954
6955
6956
6957
369
6959
2030
6961
832
2156
3366
6965
6966
6967
6968
4757
7839
6971
924
6973
6974
6975
8626
3984
7655
6979
6980
6981
6982
3356
7565
9698
6986
6987
6988
6989
6990
6991
6249
6993
9779
2049
6996
6997
5175
6999
7000
7001
7002
7003
5161
7005
7006
7007
7008
9801
345
710
7012
7013
7014
6423
7016
7017
7018
7829
6910
1287
7022
7023
7024
4207
7026
5523
7028
7029
7030
7031
7032
7546
1513
4058
7036
2021
7038
1869
7040
7041
9586
1770
197
7045
6519
7047
8211
7049
6401
7051
7052
1357
7054
7055
7056
3783
7058
2034
8973
7061
9041
7063
7326
7065
7066
2821
7068
6763
7070
6626
5490
7073
2139
7075
7076
7077
7078
7079
7080
4676
4419
5486
1396
7085
7086
7679
7088
7089
7767
7091
2662
7093
4227
8935
1878
7097
7098
7099
7100
7101
7102
7103
9326
7105
7106
3713
7108
822
7110
7111
1444
7113
7114
7115
7116
1135
7118
7119
916
7121
7122
7123
7124
7125
7126
7127
7128
2199
7905
2168
9258
7133
2026
7135
6247
5325
7138
6571
7140
7626
399
7143
7144
2649
3184
7147
6794
4322
809
7151
7152
9490
6717
3785
5443
9391
7158
5122
7160
1643
7162
8081
6525
1263
7166
2172
1563
9313
7170
1535
1960
3890
7174
7175
5267
7177
9793
5034
1884
7181
7182
4027
7184
7185
1898
7187
7188
5645
7190
7191
7192
7193
7194
7195
7196
7197
7198
5173
4709
3909
7202
3560
8399
7205
2532
7207
7208
7209
1910
7211
7212
7213
7214
1460
1668
2174
9607
7219
9429
9067
9521
7223
7224
7225
4386
4683
7228
7699
7230
2494
7232
7233
6758
7235
7236
7237
2764
3381
3414
7285
1341
7243
7244
8180
9003
3448
9156
6946
7250
7251
7252
7253
7254
7255
3253
7257
4172
7259
7260
7261
7262
7263
7264
4735
7266
5557
134
9832
5655
7271
2143
8681
7351
5710
4175
7277
8655
7279
7280
7281
1283
7283
7284
7595
7286
2883
7288
7289
7290
6629
7292
3880
7294
5922
7296
7297
7298
7299
6544
7301
8863
7303
7304
7305
9811
9267
7308
7309
7310
7522
7312
7313
7314
7315
7316
7317
3864
6002
7320
7321
9229
7323
7324
7325
7064
295
6707
5592
502
7331
7332
7333
7334
4715
7336
3287
9812
7339
9966
6500
7342
7343
8668
7345
7346
5594
7348
8096
7350
4010
7352
229
4684
7355
7356
7357
311
1339
7360
7361
7062
7363
4922
7365
5539
9561
1914
7369
7370
7371
7372
7373
7374
1704
7376
7377
4996
2813
7380
7381
7382
7383
7384
5419
7386
7387
7388
7389
4200
7391
7392
8985
7394
7395
7396
7397
7398
7399
2024
2323
7402
7403
1137
7405
2071
7407
7408
7409
7410
2438
7412
7413
7414
7415
7416
7417
1188
69
8599
6139
1542
7423
8126
7425
6087
7427
7428
7429
7430
7979
8148
3921
7434
7435
4026
7437
7438
7439
7440
7441
446
1411
7444
7445
7446
6774
4337
6237
7450
7451
3853
8652
7454
7455
7456
7457
7467
7459
7460
7461
2793
5296
7464
6579
3150
7694
7468
7469
7470
7471
9662
7473
7474
7475
3594
7477
7478
1006
9389
7481
7482
7483
6983
7485
9679
5560
7488
2856
49
7764
7492
7493
8579
7074
3085
7497
8685
7740
3801
7501
7502
7957
2618
6203
9170
7507
6323
7509
7510
7511
928
7513
7862
3114
7516
7517
7518
612
105
7521
1143
7523
9046
7525
3724
6103
5808
7529
1616
7531
2460
8098
2794
7535
9399
778
7538
4604
8034
7541
7707
5851
4963
9696
7033
7547
4308
1463
7550
7551
7552
5804
7554
8696
7556
7557
7558
8074
6881
7561
4624
7563
7564
3670
414
7567
7568
9790
178
7571
7572
7573
1659
9924
7576
7577
7578
7579
7580
7581
4071
6483
3156
7585
9549
7587
7607
4621
7590
5426
2474
7593
7594
7241
3980
7597
7598
9295
5028
7601
7602
1982
9087
7605
7606
7588
7608
7609
6736
7611
7612
5257
7614
7615
4772
5005
7491
7619
8105
6235
6687
7623
7624
167
7141
7627
4954
7629
7630
7631
7632
7633
3272
1423
4285
7637
7638
8688
2212
7420
7642
2704
66
7645
7604
7647
7648
7649
7650
5653
7652
7653
7654
2145
7656
4827
7658
7659
7660
7661
7662
7663
2988
9479
287
7667
6944
7669
3664
7671
7515
7673
7674
4639
7676
7677
7678
8718
7504
7681
5237
7683
8765
7685
3496
7687
7688
7689
7690
7691
7692
7693
769
8309
7696
7697
7698
7229
5676
7701
7970
7703
7272
7705
7706
7542
7708
1653
7710
6354
7712
2127
7714
7715
5802
4782
8106
1184
7720
2146
5556
4753
4265
7725
7726
7727
7728
4976
7730
7731
7732
8063
3468
7735
7736
7737
7738
3281
3918
4919
7742
7743
7744
9897
7746
9261
7748
7749
5103
1573
7752
7753
7754
7755
4187
7757
7758
7759
7760
7761
1896
849
7618
7765
191
8669
7768
3254
7770
7771
6484
5023
7774
7775
7776
7777
7889
7779
7780
7781
7084
6521
7784
7785
7786
7787
7788
5553
7790
4443
3339
7793
7794
9799
7796
7797
7798
953
782
8807
490
7803
7804
2079
1145
7807
7808
5535
1117
7811
7812
9286
9667
7815
7816
7817
385
3964
8638
7821
7822
3857
1769
3336
7915
7827
6035
7019
7830
723
1981
7833
7834
9537
6779
7837
4750
9223
1544
7495
7842
4505
7844
7845
9893
7847
7848
7849
7850
7851
7852
4662
2799
4282
7856
7857
8360
7859
7860
7861
1818
7863
7864
9085
6908
7867
7946
8174
7870
6223
5610
7873
7874
7875
6322
7877
7878
7879
7880
7881
7882
7883
1603
7885
7886
4093
7888
7778
7890
5366
181
7893
2152
7895
7896
7897
7898
7899
7782
8636
7902
1554
7904
7130
3538
7907
7908
9671
7910
1806
7912
7913
6825
7826
7916
7917
5227
8437
7920
7921
8286
7923
7924
937
2032
7927
7928
7929
5135
569
5936
7933
8241
1780
7936
3234
5344
1943
8791
7941
7942
6361
6190
3798
7868
6305
8355
3729
6541
1371
3039
7953
7954
7955
7956
7503
7958
4982
2832
7961
7962
7963
5179
1254
9284
7967
7968
7969
1165
642
4641
7973
7974
3640
4893
9749
7978
2429
7980
8991
7341
2515
7984
7985
7986
7987
7988
6865
4444
4045
4471
4959
8280
7995
7996
9503
5685
7999
4567
9839
8820
8003
8004
8005
8006
8007
2087
9030
1437
6188
9308
8013
5031
5675
8016
8017
8018
8019
4398
8021
1674
8394
8024
8025
8026
7172
8028
8029
8030
3018
2505
8033
111
8035
8036
8037
2899
8039
9998
8041
8042
6257
8044
8045
4593
8047
8048
8049
8050
8051
684
9934
2335
6269
8056
8057
9914
38
8060
8061
8062
4934
3152
8065
8066
5266
8068
8069
8070
8071
8072
6498
1266
8075
8076
8077
2524
8438
8080
3850
8082
3452
8084
7582
8086
8087
6985
8089
8090
8091
1292
4242
4414
8095
2528
8097
7533
8099
8100
8101
2772
4623
1446
5297
7718
8107
1436
8109
8110
8111
967
8113
2469
4442
8116
8117
8118
8119
8120
8121
8122
4141
3220
8125
1106
7404
2378
9842
8130
8131
9789
8133
8134
8135
6722
8137
7270
8139
8145
1391
9516
7069
396
8278
8146
8147
7432
5889
1051
8151
8152
1919
2970
3494
8983
8157
6125
8159
8160
8161
1195
8163
8164
8165
8811
683
240
8169
8170
8171
6649
8173
7869
1507
7751
8177
8178
3408
5503
8181
8182
8183
8184
8185
8186
8187
8188
8189
2784
4536
8192
9303
1076
8195
8196
7544
8198
8199
8200
4016
8202
8203
8204
2901
8206
5956
8208
8209
8210
1978
8212
8213
8214
4652
8216
8038
5450
8219
8220
8221
8222
8223
8224
8225
8226
8227
7318
465
5740
8231
1449
2648
8234
3135
1644
4436
768
8239
8240
7934
8242
8243
8244
8245
8246
2809
8248
8249
8250
8251
8252
9684
8254
8255
7364
8257
2237
8526
8260
8261
8262
8263
3932
3016
8266
8267
8268
8269
1226
8271
8809
4569
8274
8275
8276
8277
4766
8279
7887
3836
4974
8283
8284
4901
2022
3838
3507
8289
47
8291
8292
4985
5106
8295
8296
8297
7672
9129
4155
9109
7155
6304
1764
8305
8306
8307
9310
7695
7129
7393
8312
8313
8314
8315
6481
8124
8318
533
8320
728
8322
8530
8324
8325
8736
8327
8328
1763
8330
1045
8332
8333
8334
3224
5616
8337
8338
8339
7087
8341
504
8343
8344
8345
8346
8347
8348
8349
8350
2122
8352
8353
8237
8363
5442
4079
8194
3405
5089
8361
3736
3315
8364
8365
8366
3109
8368
2038
3191
8093
8372
8373
8374
8375
9143
8377
8378
8926
7150
8381
8382
8383
3036
8385
8386
8387
8388
5157
5001
8391
8392
9092
6253
8395
8396
8397
8398
7204
5480
8401
8402
8403
8404
4082
6594
8407
8408
8409
9437
1880
5583
7227
8414
7215
8416
8417
8418
8419
82
7189
8422
7831
8424
8425
8426
9053
8428
8429
8430
8431
8432
8433
4112
8435
8436
8790
2874
8439
8440
8441
8442
8443
8444
1551
8446
1081
3171
6812
96
5921
359
8453
8454
7328
8456
3386
8458
8459
8460
8461
2451
8463
8464
8465
6715
3369
6937
8469
6461
8471
8472
8473
8474
8475
8300
8477
8478
8479
8480
8481
8482
3711
6364
8485
8486
9236
7199
8489
8490
9648
8492
4841
8494
8495
5822
8497
9120
5694
8500
2270
477
8503
8504
8505
8506
5729
8508
8639
6490
8511
8512
5764
8514
8515
8516
8517
8518
1867
4307
9602
7599
8523
8524
8525
9641
8527
9706
4390
2453
8531
8532
2928
8534
8535
1577
8537
5165
2273
8540
8541
9506
4611
8544
2268
273
6422
2017
8549
8550
8551
8552
3566
2958
8555
542
8557
8558
8559
8560
8561
9241
8563
8564
6195
7109
8567
8568
8569
8570
1042
5700
8573
8574
8046
4659
395
8578
7494
3787
8581
8582
1003
8584
8585
948
4819
1877
8589
8590
3059
5799
8316
8594
8847
2966
8597
8598
7838
8600
8601
9941
8603
8604
339
2129
8298
5055
8609
1800
6255
8612
5223
4373
606
8616
8617
8618
9680
8620
8621
8622
8623
8624
8625
5967
2943
8628
3930
8630
8631
8632
2042
8634
1885
7901
4205
7820
8509
8640
7540
8642
1476
8644
8878
8273
8647
2948
2897
8650
4665
730
76
8933
7278
8656
8657
7935
4983
8660
8661
8662
8663
6252
8665
8666
8129
7344
1201
6786
4463
8672
8673
8674
8675
6155
633
8678
8679
1593
7273
2478
8683
1751
4905
2563
8687
2589
8689
8690
8691
424
3415
4533
8695
7555
8697
8698
8699
8700
8701
8803
2780
8704
3907
670
8707
8708
8709
8710
8711
3483
5962
8714
8715
141
8717
6018
8719
8720
4278
8722
5941
9985
3458
8726
8727
8728
5275
8801
8731
8732
8733
8734
8735
8326
4251
3252
8739
8740
8741
8742
1054
8744
8745
6878
8747
8748
1624
1921
9058
8752
8753
8754
2697
9643
8757
2538
8759
4041
8761
6690
8763
8764
7684
8766
8767
2277
1992
8770
8771
8772
8773
8774
6445
8776
8777
40
8779
8780
2243
8782
509
6854
1721
8786
8787
8547
8789
7919
7940
8792
6949
8794
8795
8796
8797
8798
8799
6978
7034
8802
8702
8804
8805
8806
7801
801
586
3811
4028
3480
3662
8814
8815
8816
8817
8818
8819
8002
8553
8822
2575
8824
8825
8826
4430
5986
5842
573
8831
8832
8833
8834
8835
6108
8837
8838
8839
5975
4700
1362
8843
8844
8845
2242
4350
9676
6841
4678
8851
8852
8853
8854
5695
7950
8857
8858
8859
8860
8861
8862
7302
8864
8865
8866
3641
8868
6925
8870
8871
7846
8873
8874
305
8876
3046
8645
2267
8880
6392
8882
8883
8884
8885
8886
8887
6209
8889
8890
8891
3840
8893
2169
630
3154
2002
8898
1230
2254
4132
8902
7524
8904
947
8906
1533
8908
9374
8910
8911
2682
8913
8914
8915
8916
7977
8918
6157
8920
8921
3291
8923
704
8925
7664
8927
8928
8929
1154
8931
8932
8654
8934
5281
4133
8937
4831
4616
8940
8941
8942
8943
5159
8945
8946
8947
3770
8949
3825
5660
8952
8953
8954
8955
8956
8957
3732
8959
8400
8961
8962
8963
8964
3938
8966
2370
2885
9398
8970
9240
1378
7060
8974
8975
8976
8977
8978
8979
8980
8981
8982
8156
8984
3229
8986
5294
9135
8989
8990
5931
6081
1546
8994
5673
8996
8997
8998
9008
819
846
2128
6616
3937
9069
9006
9007
1209
5469
9010
9011
9436
9013
9014
3137
9016
9017
977
9019
9020
7993
2111
5385
113
5726
5800
9027
9028
1600
8009
9031
4113
9033
2406
9035
9036
9336
9038
4969
4059
7362
8128
3674
9044
9199
3427
7265
9048
9049
3187
6657
9052
2170
2420
9055
5008
9057
8493
9059
8457
4223
9062
9063
669
9065
9066
854
9068
9005
5716
4023
5451
9073
9074
9075
3663
9077
2466
9563
9080
9081
4808
9083
9084
7865
4440
4762
9088
9089
9090
7584
8393
9093
4907
3172
9096
9097
9098
3268
9100
9101
9102
9103
9104
9105
9106
9107
9108
8301
930
9111
9112
9113
5137
7307
9622
9117
1468
6643
2183
9121
8648
942
9124
9125
9717
9127
4729
8299
9130
3813
5915
9133
9134
621
9136
1252
9138
9139
1084
7422
449
8376
9144
3697
9146
453
9148
4816
7514
6527
9152
4610
9154
9155
7248
3645
9158
9159
9160
4961
9162
9163
9483
9456
8032
9167
9168
9169
7506
9171
9172
9173
9174
8448
9176
9177
818
9179
9180
9181
9182
7472
9184
9185
9186
4734
9188
9189
5422
9191
9192
9193
9194
9195
9196
5094
1302
4649
6708
9201
9202
9203
9204
9205
8528
8371
9208
9209
9210
9211
2255
9213
9214
512
9216
3306
9218
2926
5416
7596
9942
6970
9224
9225
1716
8142
6488
9280
9230
9231
9232
4468
9234
9235
8746
1189
1078
825
8971
9625
9242
9243
9244
3213
1499
2295
3740
3550
9250
9251
9252
3116
9254
9255
9256
9257
7132
9259
6654
7747
9262
5907
9264
9265
9266
9115
9268
8319
9270
1487
9272
9273
9274
9275
239
9277
9278
9279
2163
9281
4892
9708
7966
9285
2805
9287
6380
4063
3138
9291
6573
9293
3797
8522
9296
9297
9298
4201
9300
9301
9302
5618
9304
5933
9306
9307
8012
7411
6805
9311
2986
7169
9314
9315
9316
9317
9318
9319
9320
9321
9322
3288
2684
9325
7104
9327
4050
9329
9330
9331
8293
9333
2877
9335
9037
9337
9338
9339
9340
9341
9539
9051
9344
4835
5145
9347
9348
9349
9350
9351
1231
2584
9354
9355
9356
9357
949
3122
9360
3587
9362
6404
241
9365
9366
9367
8370
9369
9370
6902
5274
9373
1523
9375
9376
9616
9378
2509
9380
9381
4146
9383
7702
5029
9386
1129
9618
7480
9390
9001
9392
5141
9394
3611
9396
9397
8969
2746
9400
8499
9402
4573
352
9405
5773
9407
9408
9409
443
9411
418
9413
1469
7600
9416
9417
9418
9419
9562
9421
9422
5893
1755
9425
9426
9427
9428
2287
9430
9431
759
9433
5706
697
9012
5791
9438
1713
5014
1074
6466
9364
3575
9445
9446
3702
6723
2358
9450
9451
9452
3699
1315
2890
6550
2822
4158
1532
9215
764
7505
9463
9464
9465
4375
3296
9468
4008
4711
9471
9472
2719
3430
9475
3303
9477
9478
7665
9480
9481
9482
1224
9484
1485
9486
9487
8138
8686
7153
9491
9021
9493
2981
9495
9496
4179
3497
9499
3956
2164
9502
7997
417
5818
8542
4275
9508
3417
9510
2151
9512
9513
9514
6012
9227
6028
8103
9519
9520
7222
9522
9523
9524
9525
361
5731
5233
9529
9530
9531
9532
334
9534
9535
4730
9558
9538
9342
1575
9541
4687
9543
9544
9545
3159
6049
9548
7586
9550
9551
2603
9553
9554
9555
9556
9557
1907
9559
9560
1021
9448
9079
1711
4224
9566
821
5586
9569
9570
9571
5611
9573
9574
3563
9576
9577
2386
9579
3486
9581
2808
9583
9584
4958
9960
1945
9588
9589
9590
9591
7359
9593
9594
1623
9596
9597
9598
9599
6050
9601
7322
9603
4876
2422
2935
2379
9608
9609
1664
9611
2246
9613
2922
9615
9377
9617
9388
9619
9620
9910
5264
9623
5595
7489
4770
9627
3851
9629
9630
9631
9632
9633
9634
5196
3410
9637
9638
4908
7239
527
2677
4705
9644
9645
9646
9647
8491
9826
6414
8351
9652
34
9654
9655
9656
9657
2483
9228
9660
9661
7142
6268
9664
9682
4068
9150
5206
9669
9119
3200
1543
9932
9674
9675
8848
9677
9678
3168
8619
9681
7617
8001
5633
5066
9686
7274
471
9689
2818
2095
9692
3889
4748
9695
7545
9697
8088
9699
6892
9701
9702
9703
2044
9705
9206
2300
9283
9709
5630
9578
2007
9713
6101
9715
9716
9126
5562
9719
1539
6060
9722
4074
6977
9725
9032
9727
9728
9729
9730
9731
9732
9733
5604
9735
9736
4768
5945
4167
9457
165
9742
9743
4789
5068
9746
1985
2873
7932
272
9751
6442
9542
1253
9755
6220
4981
9758
1474
9760
9761
9762
9763
9764
9765
9766
9767
5652
2683
9466
9771
9772
275
9774
9775
9776
9777
9778
6994
9780
3011
6482
9783
9784
9785
4710
6153
6602
9873
7569
9791
9492
2872
9794
9795
9796
9797
4767
5901
9800
7009
9802
7818
9804
9805
9806
9807
6185
8519
9810
7306
7338
8646
9814
5463
9816
5063
463
9748
9820
6229
9822
9823
9824
9825
5405
9827
429
6114
4933
9831
7269
1947
9834
2537
8496
9837
9838
5192
9840
3123
8667
9843
9844
4542
9846
4889
9848
9849
9850
9851
9852
9853
9854
5713
9878
9670
9050
626
3117
9861
9862
9863
9864
9865
2706
9867
9868
2787
378
9871
9872
8132
9874
3886
9876
9877
9856
9879
5832
9881
4426
9883
3481
9885
9886
9887
9888
346
9890
9891
2513
8872
173
9895
9896
7745
7943
9899
9900
5905
5108
9903
9904
1727
9906
9907
8420
9909
7496
9911
3676
9913
8058
9915
9916
600
9918
9919
9920
1690
9922
9923
210
9925
9926
9927
9928
4321
9930
9931
4378
9334
8053
9935
1461
3387
4228
9939
408
8602
9222
9943
9944
9945
8896
9947
9948
9949
5797
1684
7238
9953
9954
9955
9956
7486
9958
9959
2195
716
1553
145
4214
9965
3470
9967
9968
9969
9970
9971
9972
4854
9974
9975
6894
1244
9978
5500
9980
1954
9145
9983
9984
5930
1803
9987
4552
6569
6726
9991
9992
9819
9994
9995
9996
9997
8040
9999
10000
