7795
4777
3
5725
5
6
6299
2554
9
10
2174
3848
6016
8629
15
16
17
1134
19
20
700
22
3361
24
9865
5483
27
28
6584
30
2652
8661
33
34
35
6081
7087
38
5668
3618
2887
752
545
7588
45
46
1881
48
4215
4434
51
3335
53
54
55
56
57
1945
59
6032
6341
1037
3926
64
4895
252
50
68
69
70
71
72
73
74
148
76
8307
78
6475
2931
81
5255
83
84
2180
7321
87
7145
8323
7122
6754
92
886
94
7685
96
97
98
99
1523
101
102
5911
104
105
7904
107
108
109
110
111
8303
2996
114
3527
1602
117
9471
119
9686
121
4024
123
124
9128
8996
127
9064
129
130
2647
132
133
2245
4837
8641
137
7690
139
140
141
1551
143
4357
145
7870
147
75
149
150
151
3733
153
154
155
6921
157
9835
159
160
5638
162
2026
164
165
166
2381
168
169
4883
1201
172
1165
174
8472
6965
7540
178
3423
1589
4907
182
9347
184
2811
3045
4037
188
8167
4969
5623
636
1905
7204
1801
196
4730
198
218
1428
201
202
3545
204
1257
206
207
208
6437
4793
211
4614
5771
214
3588
7987
217
199
219
6955
4240
1384
223
7020
3296
7855
227
228
3298
9836
480
6758
233
234
235
236
237
1340
443
240
8527
2718
2626
244
245
246
247
6349
249
250
1912
2642
253
254
1456
9327
257
8905
259
301
167
262
1202
264
7476
4411
6946
268
269
8065
1780
272
273
274
275
7188
373
9194
8389
775
8315
282
283
4785
285
286
7234
3785
289
290
291
1515
293
294
9722
296
2562
3738
2166
300
260
6306
9770
2071
4846
306
307
308
309
8184
311
312
8044
314
315
316
317
318
3127
320
321
322
7704
324
325
9270
327
8054
329
330
331
1928
333
6007
5977
7193
337
338
339
340
341
6120
343
4631
2115
7333
347
2901
349
4479
351
352
353
354
355
356
4940
358
7199
5689
361
362
363
364
2233
366
367
368
6622
370
7211
372
277
374
7359
6582
377
378
379
380
7955
584
975
384
385
386
387
388
6578
390
5461
392
2064
1115
395
9444
397
4117
1965
4301
401
7172
403
3411
405
3999
5649
3372
409
410
411
412
6411
414
5438
416
417
2426
419
1052
421
422
423
424
425
4274
427
428
429
430
431
432
8578
434
435
436
3696
2327
439
440
8148
3591
239
444
445
446
447
448
6063
2822
5760
9401
453
6894
2372
456
457
458
459
8298
2409
2967
463
464
5976
7085
467
2615
1790
692
471
472
473
474
3430
4522
477
478
4469
231
481
482
483
2972
485
2241
487
833
489
2038
6902
5179
493
494
495
4884
497
498
499
500
501
1732
1806
2394
2287
506
969
508
3504
5571
511
8441
8176
2836
515
1021
517
8688
519
520
521
522
6914
8158
525
8173
2733
785
529
530
531
3027
7914
534
535
536
537
538
3133
7422
9179
4910
4891
544
7048
546
547
548
9556
2756
551
6651
553
554
555
1564
9610
558
559
8776
158
600
563
5379
4913
566
5797
6414
2246
570
113
8051
5480
574
7451
576
577
5228
9758
580
6626
582
583
1397
585
4613
3295
588
1537
646
58
592
593
5026
595
596
5232
1865
599
5714
601
7440
603
604
376
606
607
3765
609
5241
611
2741
5433
7982
615
616
617
4171
4707
620
621
622
4541
1405
2161
626
627
628
629
5020
9944
632
5459
634
6991
4179
637
638
4349
9824
641
1956
2977
644
645
5426
7809
648
9286
650
651
652
653
654
7683
9367
657
2415
7503
660
661
662
7836
664
9409
666
667
4000
669
8242
671
672
673
2286
675
676
3938
2337
6604
680
6174
682
683
684
5764
3183
687
688
689
690
691
470
693
4739
4260
3362
697
698
5537
1818
701
702
4044
704
37
7466
4781
1637
1044
3873
711
2706
8093
714
3048
6707
717
718
719
938
721
722
4259
724
6897
6982
727
2524
729
89
731
732
733
7574
735
736
2616
4487
739
640
4429
5383
2619
744
6127
746
747
4713
2227
750
751
1707
753
754
128
5578
9997
8478
2436
760
761
762
763
764
9584
766
767
768
3346
6012
771
772
12
8792
8975
9614
777
778
6458
9019
781
5958
783
784
3136
786
787
8331
7534
3254
791
6404
793
794
2377
7496
797
798
799
800
801
802
3719
841
805
6001
5445
8582
809
810
2751
830
1246
6831
815
816
817
818
819
820
821
822
823
4016
9391
826
7926
4296
829
812
9009
832
6553
6750
835
836
837
9044
839
3805
4473
5539
3020
844
4284
846
847
848
6944
850
8427
852
853
3510
855
856
857
858
859
2982
4717
862
6326
864
865
866
867
5311
869
870
871
1503
873
7546
875
876
877
878
879
7547
881
882
883
2792
885
7699
887
6435
889
5589
8239
892
3557
894
2396
896
897
2285
899
900
901
5115
8952
904
5321
3650
907
908
7676
910
6572
912
913
914
9395
916
917
918
919
920
8784
3979
510
924
4948
926
927
928
929
930
931
7021
933
934
2457
9929
937
8185
3928
6892
2928
942
943
944
8422
946
8159
948
3802
950
951
952
4490
4318
955
956
957
8440
959
8077
9273
962
3826
9220
965
9642
967
968
507
970
1802
3252
973
974
383
976
977
978
979
980
981
7835
983
984
985
1370
987
988
989
990
8202
992
993
994
995
996
997
998
999
1000
1001
1002
1003
5572
1005
4645
1007
7395
4556
4584
1011
1012
1013
3329
9983
1016
7725
1018
1019
6036
5220
1022
4603
7735
1025
5527
6318
9232
7109
5451
1031
2347
1033
8892
1035
7713
4537
1038
9005
1040
4207
1042
1043
709
1045
1046
5194
1048
1049
1050
1051
420
9797
5082
1055
1700
1057
1058
2737
4364
1061
1062
466
8608
5422
6218
1067
4742
1991
1070
1071
2066
1073
1074
7938
8495
1077
1078
1079
1080
8403
1082
1083
1084
8497
1086
1087
1088
2127
1090
1091
1092
1093
4149
1095
1096
8306
7666
1099
1349
1101
1102
9314
1104
1105
3226
3426
1108
1109
7693
1111
1112
7730
2954
4341
1116
7900
6653
1119
1120
1121
8663
3551
1124
1125
2813
1127
1128
1129
1130
1131
1132
1133
8289
1135
2061
9840
1138
1139
1140
4665
2312
1143
1144
1145
1146
1147
5390
1149
1150
1151
4113
1153
1655
7439
737
1157
2014
4083
5003
1161
2406
7433
1741
9272
1166
1241
9223
6972
1170
1171
1172
7872
1174
1175
1176
1177
7455
8301
7592
1505
1182
5203
1737
1185
1186
7057
1188
6760
1190
1191
1192
1193
1194
1195
6011
1197
1198
1199
2455
9383
263
1203
2183
1205
1206
1207
7766
1209
1210
9249
1212
1213
2801
2298
7184
1502
1218
1219
271
8302
1222
1223
1224
5601
3463
4752
790
9403
2929
1231
1232
1233
278
8322
1236
1237
1238
4877
6499
1167
7935
1243
5397
1245
9455
7040
1248
1249
1250
1251
1252
1253
1254
3156
9294
2191
4633
2538
1260
1261
1262
6808
1264
3853
1266
1714
7374
5119
1270
1271
1272
2235
2512
541
5904
1277
1278
5231
1280
5441
9620
1283
1284
6779
1286
1287
1288
1289
1290
4127
1292
1293
5529
1295
1296
1297
1298
1299
1300
1371
1302
7261
1312
6131
6186
2077
7953
1309
5116
8448
1304
1313
1314
1315
1316
1317
1318
1319
1320
1321
2039
703
1310
7726
1787
6295
1844
8415
1330
1331
1332
8593
4627
1335
1336
2468
8673
1339
238
1341
2248
8604
1344
1345
1346
1347
1348
3520
6823
1351
1352
1353
1354
1355
1356
1357
1358
1359
1360
1361
4199
1363
1364
1365
1366
6590
2211
1369
986
9885
1372
4444
1097
5412
1932
1377
7165
1379
449
9075
1382
1383
3728
1385
1386
1387
8962
2753
1390
1391
93
1393
2091
5409
9416
8116
4110
1399
1816
1576
1402
6258
2331
7242
1168
1407
3179
1409
1410
9920
1412
1413
1414
1415
6806
4648
2309
3668
1420
7065
1422
1423
1424
1425
1426
1427
200
3378
1430
1545
1432
1433
1434
3558
1436
1821
2185
1439
1440
1441
1442
915
1444
1445
7710
2850
1448
1449
8353
1451
1452
3282
1454
1455
255
1457
1458
1459
1460
1461
1462
1463
8517
1465
1466
1467
1468
7537
8481
1471
7689
8455
1474
1163
1476
8733
5365
1479
1480
1481
1482
1483
1484
9547
1486
1487
1488
1489
2231
1491
1492
1493
2694
7196
4329
3660
3487
1688
4022
1501
2463
1228
1504
7038
3284
1507
7091
9953
2793
1511
1512
1513
1514
1904
5280
1517
1518
1519
1520
1521
1785
100
4292
5730
1526
1527
7775
1529
1530
1531
1532
1533
1534
1535
1536
589
1538
1539
9348
1541
1542
1543
1823
1431
1546
1547
1548
1549
9965
3040
7867
1553
1554
2276
5259
7152
1558
5592
7497
1789
1562
1563
1322
7028
1566
1567
1568
1569
1570
1571
6717
1573
8820
5052
1401
1577
4515
1579
1580
840
1582
1583
1584
1585
1586
7602
6575
180
1590
3283
1592
1593
1594
1595
1596
1597
26
1599
1849
1601
2876
3528
5427
7918
4
1607
1608
3249
1610
1611
4412
7203
2296
1615
1616
1617
1618
4600
1620
1621
8986
1623
1624
6214
1626
1627
1628
1629
1630
4853
1632
1864
1634
1635
1636
9136
1638
1639
5819
5442
9434
1715
3132
5532
1646
1647
2
1752
2434
5998
2121
1653
7125
1154
758
1643
1658
359
1660
1661
9446
1663
1664
1665
2763
6374
5852
1669
1670
1671
1672
1673
1757
1675
5095
1677
1678
1679
1680
1681
9826
1683
1684
8645
8887
1687
1499
1689
1690
1691
1692
4573
1258
9010
1066
6248
1698
5986
1141
1701
9427
8735
484
1705
5089
8284
1708
9638
1710
7102
1712
9284
2775
9560
3927
1717
6634
7649
1720
1721
1722
9265
1724
503
1726
5605
1728
1729
1730
1731
332
1733
5058
1735
813
765
1738
1739
1740
1164
6283
2930
1744
9906
1746
9472
1748
5040
3277
1751
1649
1753
2413
9174
1756
1674
532
1759
1760
1761
1762
1763
2656
4334
1766
5810
8512
1769
1770
6986
7605
1773
1774
6969
1776
1777
5798
1779
7851
1781
1782
1783
1784
1522
3115
1326
32
476
469
1791
1792
1793
2395
7214
1796
1797
1798
2820
8766
195
7413
1803
1804
1805
8408
9528
2196
7754
1810
1811
782
9186
7485
5447
1400
1817
400
345
5586
1437
1822
3530
1824
1825
3795
1827
1828
9633
9904
1831
3610
1833
1834
1835
3382
5559
1838
8329
4452
8320
6279
2491
1328
6549
1846
1847
3051
5362
1850
1851
9082
1853
1854
1855
1856
1857
1858
1859
1860
1861
3210
7384
1633
598
1866
6966
1868
1869
1870
1871
7464
3556
1874
1875
1876
6409
1878
7709
9524
47
1882
8233
1884
6714
1886
1887
1888
1889
2416
9317
1703
1893
1894
1895
6742
1897
1898
1899
1900
1901
1902
1903
292
8707
8930
1907
749
1909
1910
1911
2293
4658
1914
3060
1916
1917
3033
1919
1920
3597
8549
1923
6675
1925
1926
1927
7394
1929
1711
1931
1072
9108
1934
1935
1936
1937
1938
9612
1940
8083
4270
7178
8780
4971
1946
1947
1948
9941
3018
1951
1952
2412
1954
1955
6026
1557
8300
1959
2170
923
1962
1963
2912
8856
1966
5301
1968
2997
1970
1971
1972
4339
1974
7901
1976
5743
1978
670
1980
1981
7494
1983
1984
6172
3593
1987
1988
360
9290
4926
7865
1993
5262
1995
3546
6543
1998
1999
2000
2001
2002
6037
2004
2005
2006
9854
3364
4393
6573
2011
5971
2013
1158
2015
9282
2017
2018
4905
2020
2021
2022
2023
8043
7434
163
2027
5707
2029
2030
2031
2032
792
8101
4036
2036
2037
490
556
2040
2041
2042
7483
2044
2045
2046
5405
2048
3241
8316
2051
2052
2053
2054
2055
2056
9543
3990
3125
2060
4386
587
2778
393
6950
7668
2067
2068
5384
44
304
6995
5022
2074
2075
6866
1307
2078
2079
2080
2081
2082
2083
4786
3648
2086
2087
2088
2089
2090
1394
2092
2429
2094
2095
2096
8049
2098
2099
2100
2101
2102
4799
2104
2105
2106
3951
2108
2109
2110
8571
8279
2113
2114
7560
2116
2117
2118
8299
2120
1794
2122
2123
2124
2125
2126
1089
7946
2129
2130
2131
5450
2133
2134
2135
9052
2137
4048
8727
2576
7991
6670
2143
2144
2145
5070
2147
3614
2149
2150
2151
4960
5863
8617
2155
2156
2157
2158
2159
4114
3569
4145
2163
4601
3059
299
2995
2168
8326
116
2767
2172
2173
11
2175
2176
5869
2178
6555
85
8224
6843
1204
5045
1438
2186
2187
9014
8557
2190
205
2192
9894
5656
2195
1808
1704
2198
3417
2200
720
2202
2203
2204
2205
2206
2207
2208
2209
618
1368
2212
9482
2214
2215
7806
2217
5887
2219
2220
7156
2222
2223
7672
6135
6192
2859
2228
2229
9375
1490
633
365
2234
1226
668
2237
2238
2239
2240
3658
2242
8276
2244
134
569
2247
1034
2249
2250
2828
2252
2253
2254
2255
8799
2257
2734
2259
2260
2261
1973
6835
3195
2265
6321
2267
8702
2269
2270
2271
6198
2273
7686
2275
1555
8563
1985
2279
1772
8728
2282
2283
2284
898
674
505
2288
2289
5642
189
3862
5631
2294
2295
1614
2297
1215
2299
2300
2301
2838
2303
2304
2305
2306
8822
6452
1418
2310
2311
7569
2313
2314
2315
2316
2317
2318
1986
344
2321
2322
7113
3165
6379
2326
438
5287
9787
2330
9101
9447
8636
2334
2335
9724
7034
2338
2339
2340
2341
5575
2343
2169
6662
2346
4151
5294
2349
2350
2351
2352
2353
2354
7860
5063
2357
9024
2359
2360
2361
2362
6530
2364
2365
2366
2367
2368
2369
2370
2371
455
2373
2374
2375
2885
795
2378
9088
2380
261
2382
7368
2384
6142
6410
5873
2388
2389
2390
9818
2392
2393
1725
1652
895
2397
2398
2399
2400
2401
8124
2403
2404
2405
3428
8971
4119
9493
2410
2411
1953
2943
2414
6489
4438
3789
2418
3413
2420
2597
2422
2423
2424
2425
4854
2427
2428
7923
2430
8193
2432
7551
5735
2435
9061
3750
2438
2439
9134
2441
2442
3907
2444
7960
8807
6033
2448
8463
7646
8188
2452
8510
2454
1200
2605
2908
2458
6759
2460
2461
2462
2773
2464
2536
1651
2467
1337
8964
2470
2471
8433
2473
2474
1478
2476
2477
2478
2479
9986
9370
2580
2483
2484
9217
2486
2487
2488
2489
5507
9498
8979
2493
2494
8698
2496
2497
2498
2499
2500
2501
2661
2503
2504
2505
6975
2507
7801
2509
2510
2511
1274
2513
2514
2515
7541
2517
2518
4343
2520
2521
2522
516
4844
2525
2526
2527
2199
2529
2530
2531
2532
6640
2534
2535
8774
2537
1259
2539
5272
9071
3248
8459
5223
2545
6520
2547
2548
2549
3373
4470
2552
2553
6689
2555
2556
2557
2558
2559
2560
9228
1006
7687
7628
7222
2566
6954
7351
2569
2570
2571
2572
2573
2574
2181
7724
5025
2578
2579
4288
2581
4294
2583
8777
571
7486
6532
605
1136
3845
5087
2592
2593
2594
8613
2596
2925
2598
8689
2600
2601
2602
2603
2604
4211
4943
2607
2608
2609
2610
2611
2612
2613
4681
468
5147
2617
2618
743
2620
2621
2622
3968
2624
9485
243
2627
2628
2629
2630
6076
2632
2633
2634
2635
8967
4011
8704
2889
2640
2641
1263
9539
2644
2645
8837
3723
1334
8904
2650
2651
5313
5616
4160
2655
1764
2657
2658
7823
8473
1342
2662
6906
2664
2665
2666
502
9790
3197
2670
2671
7346
2673
2674
6171
8646
2677
2678
2171
3367
2681
2682
6446
2684
2685
5843
2687
6605
2689
4925
2691
2692
2693
1494
2695
5086
2697
2698
8782
2700
2701
2702
2703
2704
2705
7998
346
2456
2709
9407
5704
2712
7731
2714
2715
2716
2717
242
2719
5112
3480
6679
6658
2724
6631
8046
2727
2891
2729
2730
2731
2732
527
2258
212
2736
7794
2738
2739
2740
612
2742
2743
5421
2745
2746
6449
2748
2749
543
811
3276
8607
8434
2139
550
2757
2663
2759
2760
8349
4710
6513
4572
2765
2766
4811
6175
2769
9567
7896
5566
5790
2774
1267
2962
1470
2063
2779
2780
6562
4812
2783
2784
2785
2786
7831
2788
2789
2790
2791
884
3955
2794
2795
8860
2797
2798
4052
2800
1214
2802
2803
2804
2805
2806
3686
2808
4568
2810
185
5526
4654
2814
1788
5925
1906
2818
2819
1799
2821
450
2495
2824
2825
2826
7641
4496
2829
2830
3682
2832
2833
770
2835
514
2837
9782
2839
8696
7997
2842
3239
3023
4970
2846
2847
2848
2849
2913
2851
2852
2853
2854
5804
2856
2857
8382
8174
2860
2861
2862
2863
2864
2865
2866
2867
2868
2869
2870
8659
1324
2873
2874
2875
1960
2877
2878
2879
8872
4525
9074
2883
2324
2376
2886
4323
6546
9302
2890
3351
2892
2893
2894
2895
2896
2897
8317
2899
2900
348
2902
2903
2904
1389
4344
2907
9849
2909
4912
2911
1964
1447
2914
2915
7894
5753
2918
9707
2920
2921
7980
2923
7661
2421
2926
2927
1990
4803
61
80
2932
6368
8297
2935
2936
7863
2938
9484
2940
2184
2942
1754
2944
573
2946
1056
5715
6000
2950
5886
2952
8552
1114
2955
2956
2957
2958
2164
2960
3661
3774
4008
2964
9207
2966
462
2968
5935
2970
2971
3438
2973
8852
2975
2976
313
2978
2979
5881
5317
5740
5695
2984
4030
2986
7874
3807
5250
8722
2991
9710
2993
9800
557
4252
4958
7873
2999
3000
3001
3002
8118
3004
9345
3006
9385
6510
5021
4358
3011
3540
9760
3014
3015
6049
3017
8505
3116
843
3021
3022
2844
3024
3025
3026
1758
3028
5949
3030
3031
3032
5629
8532
3035
3036
1807
3038
3039
5906
3041
3042
2815
3044
186
3046
3047
3831
6117
3050
6681
3052
3053
3054
3055
3056
3057
9996
3742
4192
3061
3062
7738
3064
3065
3066
3067
3068
3069
3070
3071
3072
3073
3074
3075
6783
1036
3078
7484
3080
9570
3082
7718
3084
3085
7829
3087
3088
7269
3090
3091
3092
5102
7959
1891
3096
3097
4927
3099
3100
5027
3102
3103
4587
3105
5454
3107
3108
8647
3110
3111
3112
4317
3114
5309
5162
3117
3118
1890
3120
3121
8802
3123
3124
8203
5980
319
3128
3129
7674
3131
1644
6826
3134
3135
5785
9150
3138
4468
3140
4747
3142
3143
3144
1676
3146
3147
3148
3149
4899
9456
3152
9689
3154
5209
6180
4610
7506
3159
3160
3161
3162
3163
3164
2884
3166
3167
3168
3169
3170
3171
3172
3173
3174
3175
9909
3177
3178
9970
3690
6426
6973
686
3184
699
3186
3187
3188
3189
3190
3191
8485
9143
8095
2264
6278
8059
3198
3199
3200
3201
3202
3203
6231
1745
3206
8392
3208
3209
740
3211
3212
3213
3214
394
4652
3217
4771
3219
9330
3221
5253
3223
3224
6471
5755
7635
3228
3229
9275
3231
3232
3233
3234
3235
2034
2686
3238
2843
9999
681
3242
6577
3244
3245
3246
3247
8829
7029
3250
3251
8401
3253
872
3255
5584
3257
7272
3259
3260
3261
8951
7238
5049
3265
7018
9439
3949
3269
3270
3271
3272
173
3274
5995
2949
5754
3278
3982
3280
2590
3457
1591
1506
3285
3286
3287
3288
6024
3290
3291
3292
3293
3294
2062
6156
4212
1152
3299
3300
3301
3302
3303
1429
3663
3306
3307
3308
3309
3310
3311
3312
3313
3314
3315
808
213
8069
1800
3320
3321
3322
1561
3324
3325
3326
939
3328
1014
3953
7957
3332
9957
3334
5256
3336
3337
3338
3339
3340
3341
8507
3343
3344
3345
6524
4138
3348
3349
5717
9938
3352
8453
3354
3355
3356
4219
4779
3359
3360
23
696
3363
5762
91
3366
2680
2672
3369
9641
3371
408
2550
4387
3759
3137
13
3419
5467
3380
3381
1836
3383
3384
9104
5879
3387
3388
6296
6191
3391
3392
3461
3394
3395
3396
3397
8700
3399
9751
3401
3402
3403
3404
3405
3406
3407
3408
3409
3410
404
1375
4073
3414
3415
3416
8765
9671
4858
3420
3421
3422
179
3424
8937
4687
7742
1268
3429
475
3431
3432
4013
3434
3435
8147
3437
3611
3896
3440
2577
3442
3443
3444
3445
3446
3447
3448
3449
3450
6576
3452
95
3454
3455
3456
8432
3458
3459
3460
9412
3462
1273
2614
3465
3466
3467
3468
3469
3470
3471
3472
3473
3474
3475
3476
3477
1694
3479
2721
9068
3482
3483
3484
8737
7608
1498
3441
4946
5591
3491
5746
3493
3494
579
3496
3497
3498
3502
3500
8419
3499
3193
509
3505
3506
3507
3508
9596
854
3511
6602
8855
3514
9785
5772
2631
6729
3640
5641
5674
6209
8228
8999
3525
3526
9251
1603
9322
5504
3531
9241
5990
3534
5598
610
3537
5576
3539
7189
3541
3542
3543
3544
4825
6448
7263
3548
3347
3550
1123
9323
3553
7162
3555
1873
893
1435
8830
3560
3561
3562
7244
1376
3565
3566
3567
3568
625
9295
3571
3572
3573
3574
9900
3576
3577
3578
3579
3580
7170
3582
3583
3986
79
9461
3587
215
3589
3590
4520
3592
2319
3594
3595
3596
1921
3598
5133
5894
3601
18
7402
3604
3605
3606
7286
3608
3609
1832
6534
3909
3613
230
9629
3616
3617
9592
3619
3620
3621
3622
3623
3624
3625
7073
3627
3628
9084
3630
3631
3632
3633
3634
3635
3636
3637
3638
6402
5331
5410
3642
3643
3644
3645
3646
3647
2085
4226
1877
3651
8658
3653
3654
2262
3656
1333
8921
3659
1497
2961
7917
9288
3664
3665
2188
3667
6234
6978
3670
3671
3672
3673
3674
8824
5476
8554
9209
7304
5519
3681
1306
7732
5520
3522
1556
3687
9048
4082
3180
3691
3692
3693
3694
9726
437
3602
3698
3699
3700
3701
3702
3703
5720
3705
4973
3707
3708
3709
7270
3711
3712
9512
3917
3715
4436
3717
4685
803
3720
3721
2408
8295
3724
7443
3726
3727
804
3729
3730
3731
3732
741
7055
9955
6350
3737
298
1867
3740
5006
39
3743
3744
8690
3746
6069
3748
3749
6907
3751
3752
3753
3754
3755
3756
3757
3758
8464
3760
3761
8120
6870
7054
608
3766
9860
3768
3769
3770
3771
3772
706
2776
3775
7168
6880
3778
3779
7247
3781
1685
3783
3784
679
9264
3787
3788
2417
3790
7355
1667
3793
3794
4356
3796
7622
3798
3799
9956
4217
6013
8790
3263
389
3806
2988
3808
3809
3959
8567
3812
8963
4922
1338
3816
3817
3818
3819
4067
3821
3822
3823
3139
3825
5013
3827
3828
7112
4555
3304
3832
3833
5340
3835
6650
3837
3838
4607
3840
3841
3842
3843
7314
9582
3846
3847
4784
3849
3850
3851
6836
1265
5854
3855
3856
5672
3858
3859
3860
3861
5828
6960
9054
3865
3866
6600
3868
3869
3870
3871
3872
710
3874
3875
3876
3877
6791
6698
504
3881
8112
3883
3884
3885
3886
3887
3888
6165
4300
3891
5673
3893
3894
3895
3439
3897
3898
3899
3900
7016
3902
9170
3904
5955
3906
4546
3908
426
2356
3911
3912
9353
3914
3915
3916
3714
3918
3919
8360
3921
3922
4704
3924
3689
6008
4218
3327
6479
9178
3966
8182
3933
3934
7154
1094
3937
677
3939
3940
3941
3942
3943
3944
3945
3946
3947
3948
3268
3950
2107
3952
7820
3954
9768
6062
8442
3958
1666
3960
3961
3962
3963
3964
4719
3931
921
716
9746
3970
5724
3972
8990
3974
3975
3976
3977
3978
5981
3980
8804
3279
5218
5083
3985
7266
3987
3988
3989
7562
3991
6238
3993
7403
3995
3996
8139
748
406
2236
3379
4002
4003
4004
7561
4006
8060
2963
4009
4010
7519
4012
7495
6367
4015
824
6384
4168
6841
4020
4021
1500
4023
122
4025
4026
4027
6542
4029
2985
4031
4032
1736
8115
7606
1996
187
4038
6586
4864
4041
4042
4043
5417
4045
4046
4047
2138
4049
4050
5734
2799
3932
4054
2523
4930
1323
4058
4059
1406
4061
4062
4063
357
4065
4066
8431
4068
4069
4070
9171
4072
2419
1713
4075
4076
4077
4078
8739
4080
4081
9261
6998
4084
4085
4086
4087
4088
288
4090
4091
4092
4093
4094
4095
2073
4097
1183
7391
6930
4101
4102
9669
4104
4105
4106
7444
4108
4109
5328
4892
4112
8927
1820
4115
4116
398
4118
9848
4120
4121
4122
4123
4124
6571
831
1291
5898
4129
4130
4131
9388
4133
6722
4135
4136
4137
3333
4139
7624
7128
4142
4143
8692
2162
8078
4147
4148
3936
8269
8968
4768
4153
5577
6621
4156
4202
4158
4159
2654
4161
6583
4163
4164
2386
4166
7993
4018
9649
4170
2210
4172
4173
7721
2025
4176
4177
8954
8826
4180
4181
4182
4183
4184
4185
2688
4187
4188
4189
4190
4533
1915
4193
7598
6859
4196
4197
9037
1362
4200
3077
4923
1106
4204
4712
86
1041
4208
7101
7
2708
3297
4504
4214
726
4216
3801
1716
9611
9863
4221
5741
4223
4224
4225
3649
4227
4228
4229
4230
4231
8895
4233
4234
4235
4236
9771
4238
4239
221
7217
4242
4243
4244
1574
4246
4247
4248
4249
5921
4251
2585
5930
4254
6538
4256
4257
4258
723
5436
4261
5213
5345
4264
4265
4266
4267
7407
4405
1942
4271
4272
4273
3612
4275
4276
6963
4278
4279
4280
4281
1657
5646
845
4285
4286
7847
77
4289
5285
4291
1524
8290
4351
4295
8311
4297
4298
4299
9304
21
9127
4303
4304
4305
5880
4307
6275
4309
4310
4311
4312
8354
4250
4315
4316
6106
954
4319
5386
3353
4322
982
4324
7182
4326
4327
5902
6352
9661
4331
8601
4333
1765
5541
4336
4337
4338
7854
4340
3215
9201
2519
6712
4345
4346
4347
4348
6516
9319
4126
4352
4353
4354
9432
3262
1110
6981
9991
9246
9522
4674
4363
1060
4365
4366
4367
4368
4369
4370
4371
5173
5059
4374
4375
303
4377
4378
4379
4380
5895
4382
4383
4384
4385
9487
3374
925
4389
6747
6484
4392
7311
3330
4776
1039
4397
4398
7248
3495
4401
4402
4403
4404
6768
4406
4407
4408
4409
4410
266
1612
4413
4414
4415
8452
4417
4418
4419
4420
4421
1229
5600
4424
4425
4426
1814
1242
8849
4430
4431
4653
9995
6817
4435
4849
5687
3119
4439
4440
4441
9527
4443
1305
4445
4446
4447
4448
9138
4450
4451
1840
4453
4454
7650
8721
4457
4458
4459
4460
4461
4462
4463
4464
9086
4466
3564
5387
479
8391
5030
9030
3019
4474
4475
4476
3400
4478
4722
4480
4481
8055
4483
4484
4485
4954
738
8812
4489
7604
4491
4492
4493
3365
4495
7578
9792
4498
5628
4500
4501
9600
4503
4213
4505
4506
6730
8736
5171
5890
9648
4512
4513
3523
1578
4516
4517
8363
4929
9300
4521
3323
4523
7852
5993
8502
4527
4528
7271
4530
4531
4532
4191
4534
4535
4536
8002
4538
4539
4540
7139
4542
4543
4544
4545
5156
4547
9468
4549
8257
1841
4552
4553
4554
3830
1009
5354
4558
9698
4560
222
5249
4563
2142
8847
4566
4567
2809
4569
4570
6793
2764
1693
1378
6053
4576
4577
4578
4579
4580
4581
4582
4583
1010
4585
9020
3104
4588
4589
4590
4591
5942
4593
4594
4595
2934
4597
4598
4599
1619
8192
4602
1023
6474
8917
6486
3839
4608
8256
3157
4611
5662
586
2735
4615
4616
4617
4618
4619
4620
4621
4622
8493
4624
4625
4626
248
4628
8445
4630
2320
4632
5104
4634
8749
7643
8885
4638
4639
2508
4641
4642
4643
4804
297
4646
4647
1417
4649
4650
4651
3216
9964
1126
4655
4656
4657
4150
3317
4660
7755
4809
9989
4664
8932
4666
4667
4668
1026
5035
4671
4672
6445
2675
4675
4676
4677
4678
7538
4680
5100
5466
8823
7376
3718
4686
1107
4688
4689
4690
4691
4692
7302
4694
4695
7862
5271
9216
4699
4700
4701
8362
4703
8862
4705
4706
619
3575
4709
2725
4711
4205
8667
4714
7525
4716
861
7257
8992
4720
4721
350
4723
4724
4725
4726
5369
4980
4729
197
4731
4732
4733
4734
7630
4736
63
5206
694
4740
5054
8017
6769
4744
4745
5127
4933
4748
4749
4750
4751
5739
4753
4754
4755
8873
4757
4758
4759
4760
4761
4762
4763
9882
4765
4766
4767
4152
4769
4770
3218
4772
2660
4774
4775
7393
9621
4778
3358
5188
707
5521
3735
6266
6503
7398
4787
4788
4789
4790
4791
4792
210
4794
4795
4796
4797
4798
2103
7594
4801
4802
1230
4644
8789
4806
4807
4808
4662
4810
2679
2782
8803
4976
8114
4816
4817
4818
4819
4820
4821
4822
4823
613
5016
8426
9688
4828
4829
7780
4831
4832
4833
4834
4835
4836
135
4838
4839
5950
1604
4842
4843
9922
8744
305
4847
4848
6038
4850
4851
4852
1631
418
5694
4856
4857
1303
8560
4860
4861
4862
6059
7558
4865
4866
4867
6413
4869
4870
4871
4872
4873
4874
4875
4876
3678
4878
4879
4880
4881
9049
3083
152
4885
7695
4887
4888
941
4890
2906
8953
4893
4894
65
2012
6149
9599
3150
4900
2711
4902
4903
4904
6725
4906
181
4908
1588
542
4911
2007
565
4914
4915
4916
4917
4918
4919
1184
7788
3814
4157
4924
2690
6874
3098
4928
4519
4056
9384
9331
41
4934
1913
4936
4937
2713
4939
4064
4941
4942
2606
4944
5408
3489
4947
4388
1949
4950
4951
4952
1388
4486
6196
4956
4957
4283
4959
5871
4961
4962
4963
8488
4965
6018
4967
4968
190
2845
591
4972
3706
4974
4975
4814
4977
4978
4979
4728
4981
6772
4983
7524
4985
7543
4987
4988
4989
1702
4262
8959
4993
7275
4995
902
4997
4998
4999
5000
5001
5002
131
5004
5005
5195
5007
5008
3811
5010
5011
5012
963
5014
8015
8941
5017
5018
5019
2128
6253
4096
5023
5024
3488
594
3433
5028
5029
4471
5939
5032
2256
2659
3813
5036
5037
8272
5039
1749
5041
5042
7886
5044
2941
5046
5047
5048
3264
5050
5051
780
3935
5157
5055
5056
8870
4562
695
5060
5061
1969
5264
8470
5065
1396
5067
5068
5069
3903
5071
5072
5073
5074
5075
5076
5077
5078
3005
5080
5081
8035
3984
5084
5569
2696
2591
2459
1706
5090
5091
5092
5093
5094
9839
5096
6002
5098
2146
2281
5101
8504
9568
3478
5105
7281
5107
8254
5109
8465
5111
2720
5113
2119
4996
2872
9563
539
1269
5120
5121
5122
5123
5124
7779
5126
4746
5128
5129
5130
5131
5132
3599
5134
5135
6010
5137
5138
5139
5140
5141
5142
5143
5144
9823
5146
1156
5148
5149
496
5151
3777
5153
5154
5155
6669
7160
705
5159
5160
5161
4561
5163
5164
9118
5166
5167
5168
5169
5170
1398
3716
1815
5174
193
5176
8993
5178
492
5180
5064
1625
5183
1863
5185
5186
8016
6802
5189
5190
6464
5192
5193
1047
3741
9466
5197
52
8248
3657
5201
1837
7212
5204
8853
4738
5207
6129
8230
4442
8356
9615
2490
5214
5215
4328
9966
5818
5219
8781
5221
5222
2882
5224
4780
5226
5227
9073
5229
5230
1279
597
8579
5234
5235
5236
5237
6873
5239
5240
3536
5242
5243
5244
5245
5246
9036
2989
1734
5117
5251
2855
3222
5254
82
9169
4640
5258
7472
5260
5261
1994
5263
8716
5265
7118
5267
5268
5269
5270
4697
2540
5273
5401
6066
5276
5277
5278
5279
1516
5281
5282
5283
5284
6766
6967
9545
5288
5289
5290
5291
5292
9518
7345
5295
5296
5297
5809
5299
5300
1967
5302
5303
5304
5305
5306
1395
9827
6792
9968
868
5312
31
6980
49
5316
2981
5318
5319
5320
905
5322
9742
9250
5325
5326
5327
4509
5329
5375
3519
5332
5333
5334
5335
5336
6886
6720
5339
3834
6079
5342
5343
5344
4263
5346
5347
8540
5349
5350
5351
5352
5353
4557
5355
7800
590
5358
5359
5360
5361
1600
5363
5364
2475
5366
5367
7330
270
5607
5371
5372
5373
5374
5330
5376
5377
5378
623
5380
5381
5382
6551
2069
5385
4320
3824
5388
2453
1148
5391
5392
2637
5394
5633
5396
2010
9408
5399
5400
5274
7468
5403
5404
2648
5406
5407
4945
5307
6865
5411
3412
5413
5414
5415
5416
4057
5418
5419
9208
2744
1065
2445
5424
8720
5357
4841
3655
5429
5430
5431
5432
6441
2437
5435
4373
5437
415
5439
5440
1281
1641
5443
5444
2443
2070
1648
5448
5449
2132
1142
5452
5453
7639
7344
5456
1220
5458
2232
5460
391
8769
5463
5464
5465
6317
4001
5468
5469
5470
5471
5472
5473
6030
4488
3676
5477
5478
5474
2945
7056
5482
1598
5484
5485
5486
5487
5488
5489
5490
5491
5492
6128
5494
5495
170
5497
5498
5499
5943
5501
5502
5503
5175
5505
5506
5212
1024
5509
5510
5511
5512
7531
5514
5515
4508
2544
1098
3680
8398
1540
6700
5523
5524
7511
203
2221
5528
1294
5530
5531
1645
3034
5534
7526
5536
3185
5538
842
5540
6420
5542
5543
5544
5545
4606
9094
5548
5549
9187
5551
5552
5553
5554
1472
8575
5557
5558
5202
5560
5561
5562
5563
5564
6570
2772
5567
5568
5085
5570
5216
1004
5573
4253
2342
3538
4154
7350
9312
5580
5581
5582
5583
3256
5585
2160
9083
5588
890
5590
3490
1559
6211
5594
5595
5596
5597
4394
8004
4423
1225
5602
5603
9828
9639
5606
5370
5608
7743
5978
5611
5612
5613
5614
4782
2752
5617
5618
5619
5620
5621
5622
9737
5624
6762
5626
5627
9735
256
9195
8196
5632
5395
5634
5635
5636
5637
7692
5639
5640
6748
156
5643
5644
5645
5062
7441
5648
8676
1510
5651
5275
8417
5654
5655
8915
5657
5658
4931
5660
5661
7655
5663
5664
5665
7043
284
7717
5669
5670
5671
8539
3892
3521
5675
5676
5677
5678
6852
5680
6466
6077
441
3878
5685
5686
4437
9871
1989
5690
5691
5692
5475
4855
2983
6672
5697
9393
5699
5700
5701
8152
6512
9299
5225
6126
2028
5708
5709
5710
7968
8222
8984
562
2948
5716
7830
5718
5719
3704
5721
7698
9695
3971
1606
3204
5727
5728
5729
442
5731
8491
7553
4051
1650
5736
5737
5738
9371
860
4222
5742
1977
5744
5745
3492
5747
5748
5749
5750
5751
5752
2917
6259
4203
5756
5757
5758
5759
451
5761
488
5763
1030
5765
5766
5767
5768
9480
5770
4659
3516
5773
5774
9029
8752
5849
3101
5779
5780
5781
5782
7317
5792
528
5786
5787
5788
5789
8880
5791
8758
4432
5794
5795
9566
649
1778
5799
5800
5801
5802
5803
5252
7567
5806
5807
5808
5298
1767
7445
5812
6710
9022
5815
5816
5817
3983
1640
5820
5821
5822
5823
5824
5825
5826
5827
2292
5829
1829
5831
5832
7470
5834
3049
5836
7121
5838
5839
6058
5841
5842
3237
5844
5845
8321
5847
5848
2625
5850
5851
9679
5853
3854
5855
5856
5913
5858
5859
226
6659
9402
8994
5864
66
5866
1017
5868
7929
5870
2152
5872
2387
5874
5875
5876
3182
5878
3386
4306
2980
1275
5883
5884
5885
9328
2218
5888
5889
4510
5891
5892
5893
2059
4381
5896
8406
4128
4921
5900
5901
1961
5903
7977
5905
142
5907
5908
5909
5910
103
5912
5857
5914
7981
5916
5917
5918
8446
5920
7230
5922
5923
5924
2816
8275
5927
5928
5929
5574
8734
7838
6812
5934
2969
5936
5937
5938
5031
5940
7142
4592
5500
5944
9804
5946
5947
5948
9096
6903
2840
5952
5953
4882
2213
5956
5957
1812
5959
7694
5961
5962
5963
5964
4756
5966
5967
5968
5969
8177
4896
5972
7417
5974
5975
465
335
5610
9715
3126
4372
5982
5983
5984
5985
2097
5987
5988
5989
5043
5991
5992
5846
5994
3275
3697
5997
2466
5999
8013
3923
5097
6003
8834
6005
6006
334
9230
6009
4949
3810
2834
3925
8092
6015
3377
6017
302
6019
6020
6021
6022
6023
3289
6025
642
9213
6028
6029
6427
8844
60
7529
6034
6035
1020
2003
3662
6039
6040
6041
6042
6043
265
5830
6046
9267
6598
3016
6050
6051
6052
6334
6054
9474
6056
6057
5840
4863
6060
6061
3956
3722
6064
6065
5652
6073
6068
3747
4518
6071
6072
6067
2302
6075
3517
3451
6078
5341
6877
36
6082
6083
6084
2998
8098
6087
6088
6089
7979
6091
6092
6240
6094
6095
6797
6097
6098
6099
6100
6101
6102
2450
6104
6105
635
6107
6108
7228
6110
6111
6112
6113
6114
6115
6116
1880
6118
9343
342
6121
7880
6123
6124
6125
5706
745
5493
5208
6130
1373
5479
6133
6134
2225
6136
6137
6138
6667
6140
6141
2385
6143
6144
1848
6146
6147
6148
4897
6150
6151
6152
6153
6154
7745
2111
6157
6338
7369
6160
6161
6162
6163
6164
3889
7166
6167
6168
8756
6170
8010
3532
6173
2049
9699
6176
6177
6178
6179
1255
6181
6182
6183
2922
8644
7805
6187
6188
6189
6190
7284
2226
6193
6194
6195
6656
3418
2272
4422
6200
6201
6202
6328
6204
6205
6206
1285
6208
5860
6210
5593
6212
7253
5182
6215
9253
6217
1696
8377
6220
6221
2167
6223
6224
8384
6226
6227
6228
6229
6230
5726
6232
6233
1419
6235
6236
6237
7283
8197
6093
6241
7457
6243
6244
6245
6246
6247
1697
6249
6250
6251
6252
3009
6254
1059
6256
6257
7241
1217
6260
6261
6262
6263
6264
6265
773
6267
6268
6269
6270
6271
6272
6273
6274
4308
5053
6277
3196
1842
6280
2482
7005
1742
6284
6285
6286
6287
7221
6289
6290
6291
6292
6293
6294
8724
7123
7116
6298
7401
6300
6301
6302
6303
6304
2994
4966
5066
6308
7408
6310
6311
9514
9419
6314
3436
6316
4682
7353
6319
6708
2266
6322
6323
8745
6325
3194
6327
42
6329
6330
6331
6332
6333
4575
6335
6336
6337
6158
6339
6340
1743
6342
1276
6344
6345
6346
6347
6348
4990
7913
6351
9301
6353
8096
6355
6356
6357
6358
6359
8462
6361
9231
6363
9732
6365
6366
375
2933
2469
6370
6371
6372
6373
3792
7383
2777
6377
9939
2216
6380
6381
6382
6383
4017
9994
6386
4514
6388
6389
6390
6391
6392
6393
2328
8076
6396
6397
6398
5038
6400
6401
8117
6403
2033
6405
6406
6407
6408
9586
6655
1155
6412
4868
568
6415
6416
6417
6418
6419
8327
6421
6422
6423
6424
6425
3181
6132
6428
6429
6430
6431
6432
4815
6434
888
9749
209
6438
6439
8694
4824
6442
6443
6444
4673
8513
8842
2035
2747
6450
6451
9655
6453
6454
6455
6456
6457
779
6459
371
6461
6462
6463
945
6465
5681
6467
6468
6469
6678
3225
6472
7037
7008
3585
6476
6477
6478
3929
6480
6481
6482
6483
4391
6485
3398
6487
6488
658
6490
6491
6492
7126
6494
6495
6496
6497
6498
1240
8896
6501
9977
5667
6504
7818
6506
7103
6508
6509
3273
6511
5703
1196
6514
9177
639
6517
6518
6519
2546
6521
6522
3791
5932
7840
6526
9757
567
6529
2363
6531
2587
6649
7453
6535
6536
6537
4255
6539
8850
4629
4028
1997
6544
6545
2888
6547
6548
1845
9405
8041
6552
7050
6554
2179
6556
6557
6558
6559
6560
6561
4195
6563
6564
6565
7319
6567
6568
6569
5565
4125
4886
2823
6574
4909
5682
7428
1015
6579
6580
6581
2588
4162
8815
6585
4039
7176
6588
6589
1367
6591
6592
6593
6594
6595
7600
6597
6048
6599
7153
5882
6197
9475
4089
4186
6606
6607
6608
6609
8226
6611
6612
6613
6721
6615
6616
6617
326
1159
2481
4155
9188
6623
6624
6625
581
6627
6628
6629
6630
2762
6632
6633
1718
1392
6636
3109
8215
9516
2533
6641
6642
6643
6644
6645
6646
9625
6648
9377
3836
1924
2959
1118
6654
4165
4955
6657
2723
5861
6660
6661
2345
4245
6664
6665
6666
6139
6668
807
5653
6671
9685
7012
7621
552
6676
6677
6470
7565
6680
6145
6682
6683
6684
6685
6686
6687
6688
7336
6690
6691
6692
6693
6694
6695
6696
6697
3879
9619
5522
6701
7956
6703
7397
6705
407
2623
6320
6709
7798
6711
2750
6713
1885
6715
6716
1572
6718
6719
3376
6614
4134
5420
6724
2019
6726
6727
6728
3518
452
6731
8399
9895
8731
9227
6523
6737
6738
6739
6740
6741
1896
6031
6744
8997
6746
4390
1100
6749
834
6751
6752
3113
7625
6755
6756
8425
232
5088
9935
6761
5625
6763
6764
8816
4290
6767
7793
4743
6770
6771
9623
4920
6774
6775
6734
8025
6778
6207
8088
6781
6782
29
6784
6785
6786
6787
6788
6789
796
7309
1786
4571
6794
6795
6796
6096
6798
6799
6800
6801
8325
6803
8656
6805
1416
6807
5865
6809
6810
6811
5933
6813
6814
6815
6816
67
3357
6819
6820
6821
6822
1350
6343
9657
8199
6827
6828
6829
4698
3998
6832
9779
6834
2263
3852
7419
3675
6839
6840
9505
7297
2182
7334
6845
3086
6847
6848
6849
6850
6851
663
6853
6854
6855
6856
6857
5666
2781
6860
6861
6862
6863
6864
3641
2076
6867
6868
2817
5508
6871
6872
5238
1069
6875
6876
6080
6878
8351
9481
6881
6882
6883
6884
6885
5337
6887
6888
3058
4953
6891
940
6893
454
6895
6896
4670
6898
6899
6900
6901
491
8622
6904
6905
2758
5434
6908
6909
6910
6911
6912
6913
523
6915
6916
6917
6918
6919
6920
2290
8151
6923
6924
6925
4708
6927
6928
9095
9535
6931
7490
6933
6934
7432
6936
9558
6938
6939
6940
6941
9682
6943
849
6945
7429
6947
6948
6949
2065
6951
6952
6953
2567
9287
6956
6957
6958
6959
3863
6961
9515
5191
6964
176
8205
5286
9694
1775
6970
6971
310
5877
6185
2506
6976
6977
3669
6979
9963
3010
1957
6983
7385
6985
8684
9752
6988
7994
6990
6753
6992
9969
6994
1282
6996
6997
6619
6999
7000
7001
115
7003
7004
7197
7006
5110
4604
7009
7010
7011
6673
7013
4396
7015
7768
7017
3266
7019
7962
932
7022
7023
7024
7025
7026
7027
1544
9443
7030
7031
7032
9762
678
9781
4335
6473
1181
7039
1247
7041
7042
6858
7044
7723
7046
9219
43
2683
2008
9993
7052
7053
8778
8881
5481
1187
7058
7059
8920
7061
7062
7063
7064
1421
7066
5393
7068
2858
7070
7071
7072
3626
7074
7075
7076
9306
828
7079
7080
7081
7082
7083
7084
1063
9366
5158
7088
7089
7090
1508
7092
7093
8545
7095
7096
7097
7098
7099
7100
4209
1930
6507
7104
9448
2072
7107
725
1029
5550
7111
8364
2323
7114
7115
7129
7117
5266
7119
5423
8062
90
3389
7124
1654
6493
7127
4141
7365
7130
5919
7132
7133
7134
7135
7136
7137
7138
7357
7140
7141
7614
7143
7144
88
7146
7147
7148
7149
7150
7151
9947
3867
6276
7155
6169
7157
7158
9940
6704
7161
3554
7163
7164
4574
6166
7167
3776
9260
3581
7171
402
7173
7174
7175
6587
7177
1943
7179
7535
7181
9399
7183
1216
7185
7186
7187
3043
8023
7190
7191
7192
336
7194
7195
2575
4467
5813
1659
7200
7201
7202
7590
3122
7205
7206
7207
7208
7209
7210
6460
4098
7213
1795
8050
7216
4241
7218
7219
7220
7861
2565
4232
7224
7225
7226
7227
6109
7229
4314
9665
4132
2449
1075
2582
8866
7237
3804
8428
7240
1403
624
7243
3563
8357
8410
3780
9181
7249
7250
7251
7252
7841
2016
7255
7256
8621
7258
8089
7260
2358
7262
3547
7264
7265
3584
7267
4472
3089
3710
4529
3258
7273
1311
9252
7276
7277
7278
7279
7280
5106
7282
3992
3390
7285
3607
7373
7288
7289
7290
7291
7292
7293
7294
7295
7296
6842
7298
7299
7300
7301
4693
7303
3679
7287
7306
4033
7308
5684
7310
8458
7312
7313
3844
7315
7316
5783
7318
6566
7320
4359
4282
7323
7324
7325
7326
7327
7328
7329
5368
8237
7332
2707
6844
8172
8
7337
7338
7339
7340
7341
7342
7343
5455
5108
3368
7669
7348
7349
756
7714
7352
1027
7892
6736
7356
564
7358
4014
7360
7361
7362
7363
7364
9406
7366
7367
2383
6159
7370
7371
7372
7305
8056
7375
4684
7377
7378
7379
7380
7381
7382
5793
5184
6984
7386
7387
1813
9783
7390
4099
1443
4395
2667
1008
2770
4741
2084
7399
7400
8723
6500
3994
7404
7405
7406
4268
2278
7409
7410
7411
7412
2919
7414
7415
7416
5973
7418
6837
7420
7421
540
6846
9808
7425
7426
7427
3243
9616
7430
7431
6935
1475
8796
7435
7436
7437
7438
413
602
5647
7442
3725
4107
5811
8282
7447
7448
7449
7450
1446
8639
8514
9822
7601
7456
8304
3683
7459
7460
9793
9109
7463
1872
7465
3773
7467
5402
7469
5833
7471
2807
7473
7474
7475
6044
7477
7478
7479
1843
7481
8261
2043
3079
4427
2586
7487
7488
7489
6932
7491
7492
7493
9667
9932
9579
1560
7498
7499
6119
7501
7502
659
7504
7505
3158
5705
7508
7509
9775
3857
7512
9589
7514
7515
7516
7517
7518
2148
7520
7521
7522
7523
4984
2653
5535
1755
8956
2447
7530
5513
7532
9980
789
7180
7536
1469
4679
7539
177
2516
7542
4986
7544
7545
8976
880
8828
7549
7550
2433
5587
2710
7554
7555
7556
7557
4040
7559
6637
4005
1862
7563
7564
2722
7566
4637
7568
7752
7570
9167
7572
8310
734
7575
7576
7577
2251
7579
2189
7581
7582
7583
4428
7585
7586
9047
5446
7589
2009
7591
1950
7593
4800
7595
7596
7597
6502
7599
6596
1178
1587
7603
3305
2280
4035
3094
3486
9324
7610
7611
7612
5525
5941
7615
7616
9622
7618
9934
8474
6674
7654
7623
4140
4494
7999
7627
2564
7629
4735
5310
7632
7633
3350
3227
7636
7637
1922
9594
2307
2827
7642
4636
7644
7645
6103
8127
7648
1719
4455
7651
7652
7653
3797
6433
7656
7657
7658
7659
7660
2924
7662
7771
7664
7665
5518
7667
958
7347
7670
7671
2224
7035
715
7675
9239
7677
7678
7679
267
7681
7682
655
7684
3453
2274
2563
7688
8423
138
7691
161
6706
5960
6014
7696
7697
5722
6635
7700
7701
7702
7703
323
7705
7706
7707
7708
1879
575
7711
7712
4201
2568
7715
7716
2165
518
8839
7720
6652
7722
7045
1173
5867
1325
7727
2649
7792
9733
5428
7458
7733
7734
3763
7736
7737
3063
7739
7740
7741
3427
5609
7744
6155
7746
7528
7974
7749
7750
7751
685
9552
1809
9102
9489
2336
7758
7759
7760
7631
7552
7763
7764
7765
5970
7767
3901
7769
7770
9924
7772
7773
7774
1528
7776
7777
7778
5125
4830
7781
7782
7783
7784
8209
7786
7787
5899
7789
7790
7791
7729
281
6255
7110
1450
7797
7895
7799
5356
5257
7802
7803
7804
2831
2325
7807
7808
647
7810
7811
7812
7813
8496
7815
7816
7817
6505
7819
8809
7821
2153
5034
7824
7825
7826
7827
7828
9202
7634
2787
7832
7833
7834
3141
5679
7837
769
7839
6525
8111
6833
7843
9857
7845
7846
4287
7848
8817
7850
1380
4524
7853
1032
3685
7856
7857
7858
7859
3890
3076
4696
1613
7864
1992
7866
1552
7868
7869
146
7871
4737
6085
2987
7875
7876
7877
7878
7879
6122
7881
7882
7939
7884
7885
3533
7887
7888
7889
7890
7891
7354
7893
2916
7198
2771
4932
8500
7899
7527
1975
7902
7903
106
6440
8712
7907
7908
25
7910
7911
8801
7842
533
7915
7916
5172
1605
7919
7920
7921
7922
8429
7924
7925
827
7927
7928
7883
1525
7931
7932
7933
8785
7584
7936
7937
112
8521
7940
7941
7942
7943
7944
560
665
7947
7948
7949
7950
7951
949
1308
7954
381
8262
3331
7958
7607
9799
7961
224
7963
2990
7965
7966
7967
5711
7969
7970
7971
9559
7973
7748
7975
7976
9901
7978
6090
9678
9085
614
7983
7984
7985
7986
229
7988
7989
7990
2141
7992
4167
6989
7995
7996
461
712
7626
8000
8001
62
8003
5599
8005
8006
8007
8008
936
4362
8011
8012
4715
8014
5015
5187
1068
8018
8019
8020
9204
8022
3012
8024
6777
8026
8027
8028
8029
8030
8031
8032
8033
8034
1054
8036
8037
8038
4055
8040
742
8042
4321
643
8045
2726
8047
8048
1699
7215
572
8052
8053
328
9151
1162
8057
8058
2669
4007
8061
5837
8063
8064
4727
9692
8067
8068
8365
8070
8071
8072
8073
8074
8075
6395
960
4146
8079
8080
8081
8082
1941
7952
8085
8086
8087
6780
7259
8090
8091
911
713
8094
3095
6354
8097
6086
8099
8100
3236
8102
8103
3910
8105
8106
8107
8108
8109
8110
6213
3882
8113
4612
4034
382
656
3003
8119
3762
8121
8122
8123
2402
8515
8126
5177
8128
8129
8130
8131
8132
8133
8134
1113
8136
8137
8138
1622
8140
8141
8142
8143
8144
8145
8146
8314
5683
8149
8150
3688
5702
8153
8154
8155
8156
8157
524
947
8160
8161
8162
8163
8164
8165
8166
2291
8168
8169
9847
8171
7335
526
4269
8175
513
1208
8178
8179
8180
3603
4053
8183
1169
2201
8186
8187
2451
8189
8190
8191
8843
2431
8194
8195
4935
6239
8198
7964
8200
8201
8170
3600
8204
3739
8206
4840
8208
7785
8210
8211
8212
8213
8214
891
8216
8217
8218
8219
8220
8221
1581
8223
1495
8225
6610
9051
6387
8229
3155
8231
8232
1883
8234
8235
8236
7331
8238
6638
8240
8241
8273
8243
8244
8245
8246
8247
5199
8249
8250
8251
8685
9720
2348
8255
4609
4550
7548
8259
8260
7482
6702
8263
7049
8265
8266
8267
9113
9501
8270
8271
9872
7105
8274
5796
2243
8277
8278
2112
8280
8281
903
8283
6203
8285
8286
8287
8288
5996
4293
8291
9013
9837
8294
9137
8296
1509
460
1374
1958
1179
1221
8380
6242
8305
9899
6281
8308
8309
7573
7078
5165
8313
6315
4938
2050
5136
8808
8319
4551
9743
1235
730
8324
7507
6937
7036
8328
1839
8330
788
8332
8333
8334
8335
8336
8337
8338
8339
8340
8341
8342
9316
8344
8345
8346
8347
8348
2761
8350
6879
9925
7796
8420
8355
5211
7245
8358
8359
3920
8361
4702
6070
9329
3318
8366
8367
8368
8369
8370
3764
8372
8373
8374
8375
8376
6219
8378
8379
287
6376
7069
8383
6225
8385
8386
8387
8388
279
2947
2551
3207
8393
8394
8395
8396
8397
3684
8207
8400
972
8402
7002
8404
8405
5897
8407
3880
8409
9225
9157
8412
8413
8414
1642
8416
4564
8418
3501
4313
8421
8436
8450
8424
7268
4826
851
7239
2093
8430
1404
7392
2472
2754
8435
8858
8437
8438
8439
5308
512
3957
8443
8444
6541
7131
8447
7274
8449
4194
8451
4416
2024
8454
1256
8456
8457
2937
8624
8460
8461
6360
7233
2492
7007
8466
6375
9886
8469
7613
8471
9105
4773
7620
8475
9206
9511
1656
8479
8480
8381
8482
8483
8484
3192
8486
8487
5293
8489
8490
9433
8492
9069
8494
1076
7814
1085
8498
8499
7898
8501
4526
8503
9546
1180
8506
3342
8508
8509
1575
8511
8717
8264
8798
9268
8516
8841
8518
2668
9687
2502
8522
8523
1918
8525
8526
9876
8528
1408
8530
8531
5533
8533
8534
8535
8536
8537
8538
1137
5348
8541
8542
8543
8544
7094
8546
8547
8548
7638
8550
8551
2953
8553
3677
8555
4994
7580
8558
8559
4859
991
8562
2277
8564
8565
8566
9182
8568
8569
8570
1
8705
8573
8574
5556
8576
8577
433
5233
8580
8581
3316
8583
8584
8585
8586
8587
8588
8589
8590
8591
8592
5200
8594
8595
8596
8597
8598
8599
8600
4332
9859
9869
1343
8605
8606
2905
1064
8609
8610
8611
8612
2595
8614
8615
8616
2154
8618
8619
9200
6620
6732
8623
2543
8625
8626
8627
8628
14
8630
8748
8632
8633
8634
8635
2333
8637
8638
5150
8640
136
8642
8643
3782
6974
2676
1819
8648
8649
8650
8651
8652
8653
8654
8655
6804
8657
3652
4277
8660
276
8662
1122
8664
8665
8666
814
8668
8669
8670
8671
8672
3815
8674
8675
144
8677
8678
8679
8680
8681
9653
8683
1771
8252
8686
8687
1550
2599
3745
8691
4144
8693
7905
8695
5951
3029
1750
8699
5546
8701
2268
8703
9721
8572
8706
1565
8708
8709
8710
8711
7906
8713
8714
8715
8104
1768
8718
8719
5425
4456
5118
4210
1327
8725
8726
2755
3464
8729
8730
3081
8732
1477
9510
1892
9741
3485
8738
4079
8740
8741
8742
8743
4845
6324
8746
8747
8631
4635
8750
8751
6528
8753
8754
8755
4669
8757
5784
8759
8760
8761
8762
8763
8764
9709
3512
8767
8768
5462
8770
8771
8772
8773
4360
8775
7945
2584
8371
8779
1944
6515
2699
8783
3967
7934
8786
8787
8788
4805
3803
8791
774
8793
8794
8795
4175
8797
8914
5033
8800
7912
194
4813
3981
8805
8806
2446
1908
9106
8810
9605
9659
8813
8814
9193
6765
7849
8818
874
6663
8821
7640
4683
6838
8825
6047
8827
8258
2542
2768
8831
4992
8833
6004
8835
8836
2646
8838
7719
8840
1464
6447
4174
2140
8845
8846
4565
8848
7452
6540
8851
2974
5205
8854
3513
9422
8857
3549
4718
2796
8861
806
8863
8864
8865
7236
8867
8868
8869
5057
8871
2880
5965
8874
8875
8876
8877
8878
8879
1244
3734
8882
8883
8884
7307
8886
1686
8888
8889
8890
8891
6309
8893
8894
7223
2541
8897
8898
8899
8900
8901
8902
9045
7728
9761
8906
8907
8908
8909
8910
8911
8912
8913
2197
2194
8916
4605
8918
8919
7060
486
8922
7077
8924
8925
8926
8995
8928
8929
6869
9774
8390
8933
8934
8935
8936
3425
8938
8939
8084
2812
8942
8943
8944
8945
8946
8947
8948
8949
8950
1826
7446
4111
5659
1982
7747
8957
630
6757
8960
3864
6890
7108
2728
8965
8966
1103
5630
8969
971
2407
8972
8973
8974
280
8819
8977
9494
3570
8980
8981
8982
8983
5713
8985
3997
8987
8988
8989
3973
8991
4376
7647
7822
5338
126
6745
8998
3515
9000
9001
9002
9003
6362
7014
9006
9007
9008
7235
9690
9091
9012
9502
3666
9015
9016
9017
9018
1189
4586
9021
5814
9023
1028
9025
9026
9027
9028
5775
8832
9031
9032
9033
9034
9035
5247
7510
9038
9039
9040
9041
9042
9043
838
8903
9046
7587
6922
5954
9050
8227
2136
9053
8961
9055
9056
9057
9058
9059
9060
759
9062
9063
755
9065
9066
9067
9415
4623
9070
8181
9072
578
5517
1381
9076
9077
9078
9079
9080
9081
728
7762
3629
5915
4465
9087
7423
9089
9090
9011
9092
9093
5547
6929
1662
9097
9098
9099
9100
3820
4661
9103
3385
175
9311
9107
1933
7462
9110
9111
9112
8268
9114
9115
9116
9117
8312
9119
9120
4400
9122
9123
9124
9125
9126
5979
125
9129
9130
9131
9132
9133
2440
9135
708
1160
4449
9139
9140
9141
9142
3503
9144
9145
2355
9147
9148
9149
4497
4482
9152
9153
9154
7930
9156
8411
9158
9159
9160
9161
9162
9163
9164
9165
9166
7571
9168
5198
2177
4071
9998
9173
9813
9175
9176
8039
3930
7461
9180
4399
5009
9183
9184
9185
7388
225
369
9189
9190
9191
9192
6288
1234
2047
9196
9197
9198
9199
8620
4342
2379
9203
8021
9205
8476
2965
4499
1239
9210
3639
9212
6027
9214
9315
6830
2485
9218
7047
964
9772
9222
9506
9224
7246
9226
9473
2561
9229
4596
9004
7513
9233
9234
9235
9236
9237
9238
6378
9240
5099
9242
9243
9244
9245
3905
9247
9248
1211
5324
1081
8556
6216
9254
9255
9256
9257
9258
9259
7169
909
9262
9263
3786
9981
9266
5145
8125
9269
6618
9271
3008
961
9274
3230
9276
9277
6824
9279
9280
9281
7254
9283
4074
9285
5776
220
953
9289
9663
9291
9292
9293
1473
3375
9296
9297
9298
4901
9155
9428
2639
9303
9146
9305
8923
9307
9308
9309
9310
3535
5579
9313
2636
9215
8343
863
9318
4350
9320
9321
3529
3552
7609
9499
9326
9777
2951
3829
3220
7897
9332
9333
9334
9335
9336
9337
9338
9339
9340
9341
9569
7500
9344
5079
9278
183
5615
9349
9350
9351
9352
3913
9354
9355
9356
9357
9358
9359
9360
9361
9362
9363
9364
4764
7086
9211
9368
9369
8859
1227
9372
9373
9374
4477
9376
6533
9378
9379
9380
9381
9382
171
5723
3007
9386
9387
7232
9389
9390
825
9392
5698
9394
4237
9396
9397
9398
5398
7120
4507
5862
6199
9404
6550
6297
2910
4325
8958
9410
9411
3393
9413
9414
3481
6307
9417
9418
6313
9420
9421
399
9423
9424
9425
9426
4178
1496
9429
9430
9431
4355
5732
9459
9717
9436
9437
9438
3267
9440
9441
9442
1609
396
9445
1727
2332
1979
9449
9450
9451
9452
9453
9454
5805
3151
9457
9458
1329
9676
3586
9462
9463
9464
9465
5196
9467
4548
9469
9470
118
1747
6735
6055
776
9476
9346
9478
9479
5769
5152
2465
9483
2939
5777
9486
561
9488
7756
9490
9491
9492
2841
8978
9495
9496
9497
7480
9325
9500
251
8292
9503
9504
4019
4060
9507
9508
9509
5931
8477
3713
9513
6312
6962
9541
9517
4964
9519
9520
9521
4361
9523
5835
9525
9526
5210
3037
9529
9530
9531
9532
9533
9534
4100
9536
9537
9538
2643
9540
6639
9542
2057
9544
9858
3093
1485
9830
9549
9550
9551
7753
9553
9554
9555
549
9557
2344
7972
7322
9561
9562
5248
9564
9565
5926
7396
5103
9342
6776
9571
9572
9573
9574
9575
9576
9577
9578
9829
9580
9581
3281
9583
6773
9585
906
9587
9588
3130
9590
9591
40
9593
3106
9595
3509
9597
9598
4898
4502
9601
9602
9603
9604
8811
9606
9607
9608
9609
6222
6818
1939
9613
6603
4991
7680
9617
9618
6699
7106
922
7617
4982
6987
6647
9626
9627
9628
3615
9630
9631
9632
6045
9634
9635
9636
9637
1709
8697
9640
3370
10000
9643
9644
9645
9646
9647
4511
4169
9650
9651
9652
8682
9719
2308
9656
6825
9658
3524
9660
4330
9662
4889
9734
7231
9666
9700
9668
4103
9670
3319
9672
9673
9674
9675
9460
9677
6184
1668
9680
9681
6942
9683
9684
5696
120
8520
4827
3153
1695
9691
8066
9693
6968
8318
9696
9697
4559
3559
8955
9701
9702
9703
9704
9705
9706
8970
9708
2528
2992
9711
9712
9713
9714
4302
9716
9435
9718
9654
8253
9903
295
9723
7757
9725
3695
9727
9728
9729
7424
9731
6364
8135
9664
6723
9898
191
9738
9739
9740
5516
5323
2881
9744
9745
5315
9747
9748
6436
9750
2230
9624
9753
9754
9755
9756
6527
9121
9759
3013
258
7033
9763
9764
9765
9766
9767
5650
9769
3965
1453
9912
9773
8931
4198
9776
8524
9778
2871
9780
7673
6074
7389
9784
5693
9786
2329
9788
9789
8519
9791
216
6601
9794
9795
9796
1053
9798
9400
6305
9801
9802
9803
5945
9805
9806
9807
9730
9809
9810
9811
9812
1117
9814
9815
9816
9817
2391
9819
9820
9821
7454
192
2058
9825
1682
6282
5604
9984
9548
9831
9832
9833
9834
2589
7067
8293
9838
3145
5181
9841
9842
9843
9844
9845
9846
8561
5457
935
9850
9851
9852
9853
5733
9855
9856
7844
6394
8602
3767
9861
9862
4220
9864
7909
9866
9867
9868
8603
9870
5688
6399
9873
9874
9875
241
9877
9878
9879
9880
9881
9365
9883
9884
1301
8468
9887
9888
9889
9890
9891
9892
9893
2898
6733
9896
3969
9736
5114
6926
9477
9902
2638
1830
9905
3205
9907
9908
3176
9910
9911
9221
9913
9914
9915
9916
9917
9918
9919
1411
9921
1852
9923
7663
8352
9926
9927
9928
8009
9930
9931
5778
9933
7619
5389
9936
9937
6369
8940
7159
2193
9942
9943
631
9945
9946
9897
9948
9949
9950
9951
9952
6743
9954
4783
3800
3736
9958
9959
9960
9961
9962
5314
8467
5496
5217
9967
7761
6993
8529
9971
9972
9973
9974
9975
9976
5555
9978
9979
7533
1723
9982
5712
6790
9985
2480
9987
9988
4663
9990
4206
9992
7051
6385
4433
6889
757
9172
3240
966
