628
2
52
473
5
6
7
8
9
10
11
12
13
14
15
16
17
18
322
376
813
22
23
173
25
1000
720
243
649
30
741
32
444
34
862
780
37
38
943
40
41
42
43
44
45
46
47
966
949
523
137
3
870
836
55
431
57
58
307
60
61
62
63
64
65
66
67
68
786
70
71
72
920
342
759
652
784
765
79
80
918
82
132
984
838
974
835
88
547
135
377
92
93
819
95
217
97
308
235
100
180
102
499
104
105
106
332
538
302
401
391
136
656
81
973
963
117
118
119
120
121
274
123
124
291
665
833
128
228
209
131
961
133
591
834
607
406
138
139
140
141
142
143
144
145
146
489
148
149
902
151
152
153
527
400
156
157
164
159
160
356
482
163
158
165
166
847
168
682
170
947
172
24
174
393
353
785
178
179
101
181
631
183
427
539
186
187
188
189
600
191
357
193
194
195
831
498
198
199
200
201
249
579
204
205
671
754
208
259
210
211
212
761
214
716
216
96
218
219
515
221
222
223
687
225
226
227
379
229
230
231
232
233
108
669
236
237
238
938
240
241
242
28
550
512
246
247
593
723
250
777
324
965
35
255
383
678
840
605
812
261
262
263
264
265
700
267
268
592
270
113
272
935
122
717
203
277
895
279
280
565
282
275
798
924
286
309
288
289
290
125
292
293
294
577
77
297
804
397
981
301
109
303
437
305
530
59
129
287
310
748
312
313
190
315
316
317
318
319
85
321
161
323
162
367
326
327
475
51
330
331
248
333
334
335
336
337
502
578
340
556
976
343
344
509
346
347
348
676
350
712
352
176
354
944
19
627
358
454
567
859
569
363
364
365
31
325
368
369
846
371
372
373
278
684
20
485
655
98
910
75
382
256
384
385
659
387
541
467
390
808
253
175
394
395
853
299
56
442
29
110
402
906
404
869
21
557
408
409
620
411
412
517
381
415
429
417
328
419
420
421
422
423
424
425
426
341
94
251
430
697
432
433
434
435
436
360
438
734
260
441
399
443
33
445
446
447
448
449
359
451
452
453
913
83
456
457
458
459
893
461
462
852
464
465
466
566
468
469
285
471
472
900
474
418
476
477
478
479
480
481
304
484
483
504
486
487
488
663
490
491
492
493
494
320
496
497
115
103
500
501
338
386
537
505
252
873
508
667
510
296
245
513
514
916
516
589
660
519
520
521
522
50
524
525
526
154
528
403
306
531
532
300
534
535
536
650
349
185
540
714
542
698
544
460
546
885
548
549
244
551
985
553
554
555
184
407
558
559
810
561
562
563
989
782
837
506
568
107
570
571
572
573
606
254
576
266
398
276
580
581
582
583
662
585
586
587
588
413
590
134
269
701
789
595
596
511
598
599
718
601
602
603
692
130
574
629
608
609
610
611
612
613
614
736
915
617
778
619
410
621
622
623
624
664
677
192
1
112
630
182
632
633
634
781
636
637
638
639
640
641
642
643
960
645
646
647
648
155
91
651
76
653
654
378
696
114
658
503
518
661
584
708
625
126
666
345
668
99
670
206
806
564
674
675
234
626
257
679
680
681
450
683
375
685
794
224
688
740
690
691
604
693
694
695
271
339
543
699
295
764
702
703
704
705
967
931
147
709
710
802
351
713
388
48
380
283
314
719
27
721
722
202
724
725
980
727
728
729
730
731
732
733
791
735
54
737
855
739
689
366
742
743
744
78
746
747
311
951
750
751
849
753
207
53
644
374
758
414
939
213
762
763
982
987
766
767
768
769
770
771
772
773
707
775
26
416
618
779
36
792
281
783
854
909
69
787
788
594
790
439
635
793
686
795
796
797
969
814
800
801
711
803
298
805
672
807
111
809
560
811
657
329
597
774
816
817
818
428
820
881
822
823
824
825
826
827
828
829
830
901
832
127
177
87
615
839
495
389
258
529
842
843
844
396
370
167
848
752
850
851
463
904
799
738
856
857
858
361
860
861
239
863
864
865
866
883
868
405
755
871
872
507
874
875
876
877
896
879
880
821
882
867
884
89
886
887
888
889
890
891
892
545
894
757
878
897
898
899
4
196
150
903
845
905
273
907
908
726
912
911
215
169
914
616
220
917
440
919
73
921
922
923
470
925
926
927
928
929
930
990
932
933
934
956
936
937
575
760
116
941
942
39
355
945
946
171
948
49
86
749
952
953
954
955
841
957
958
959
533
455
999
940
964
392
715
706
968
284
970
971
972
197
950
975
74
977
978
979
90
756
362
983
84
552
986
745
988
673
815
991
992
993
994
995
996
997
998
962
776
