8026
6288
3
2040
5
7409
7
8
9
10
11
12
13
8767
2724
16
7398
48
629
20
8429
4973
2309
24
7816
1167
27
5617
29
8218
31
5756
33
7728
5583
9946
4333
38
39
40
41
42
18
44
502
46
2027
2974
5762
50
51
1394
53
54
55
8477
8956
8558
9872
60
5846
1798
4010
64
7588
66
67
68
69
70
71
72
9589
74
75
76
150
4932
7127
80
81
82
83
84
6508
9252
87
88
89
90
91
92
93
1966
95
9242
7804
98
99
100
8965
102
103
104
105
4714
107
108
4175
110
9184
112
4975
8009
9306
116
117
118
3663
120
1949
3400
123
5088
125
126
127
685
2349
130
131
5404
133
134
6455
9010
137
138
139
3852
141
6491
143
4613
145
146
7726
148
149
77
739
152
153
154
8433
156
157
158
5472
1448
161
5213
4276
164
165
2136
167
168
790
170
171
5761
173
3558
175
176
7356
7438
7083
4181
181
8076
4562
184
9165
3746
187
188
189
6007
191
192
193
4493
195
196
197
198
199
6988
3075
7563
2199
1027
205
206
207
6896
209
210
211
2621
4447
4578
8917
216
217
218
219
469
4026
222
2030
961
8320
5468
227
9038
229
230
231
232
2393
234
235
9802
7240
238
239
240
241
6552
243
1400
245
246
1135
248
6475
250
4690
252
8650
5144
255
256
9786
258
5661
9470
5216
262
263
264
265
266
267
268
269
9190
271
272
273
4890
275
7089
7277
8175
6071
280
281
282
283
284
285
286
3508
288
3379
9635
291
292
4028
294
2557
296
297
5311
299
300
301
302
303
7973
3129
306
307
4399
309
2514
311
5857
313
8719
6991
2003
8395
318
1978
320
1210
322
323
6962
325
326
327
328
6042
1701
331
237
3462
4928
1953
7918
337
6973
339
340
341
342
4302
344
5249
6120
347
7591
349
350
351
4908
353
354
8296
5858
599
358
359
360
361
2017
363
1151
3362
366
8656
368
7403
5336
371
372
8786
374
5717
8447
9380
4264
2368
380
3590
2610
383
6284
2758
386
387
388
389
9426
391
3652
466
2441
395
396
2853
398
8861
5145
401
5025
4556
4645
9782
406
878
6769
3893
7077
411
412
413
2699
415
416
495
418
2321
420
421
422
378
8121
425
426
2718
1168
429
3071
7396
432
433
434
435
436
437
1622
439
3733
441
6186
443
444
445
446
2558
448
449
450
451
6613
453
454
3070
456
457
9013
459
460
550
462
463
464
465
1557
5289
468
119
470
1372
472
9437
474
475
7890
3966
478
479
480
4429
8938
8007
484
485
486
7578
488
489
490
6571
7928
1453
9913
417
496
497
498
499
500
2802
9941
503
504
505
1612
507
508
509
1069
511
7319
513
4037
1619
516
517
518
519
520
521
522
2187
9844
8347
526
4309
377
1124
530
531
532
533
534
409
9092
537
538
305
3835
9990
1198
543
544
3895
546
547
548
549
461
1058
2180
1788
3819
555
556
557
9175
559
3156
9387
562
563
564
4867
8840
1426
568
569
570
571
572
8033
574
575
182
577
2120
9034
580
581
582
583
584
2847
586
1923
4915
6562
590
591
7583
9645
5351
595
596
7988
598
200
8807
4600
602
4303
604
5946
7201
3736
608
609
5254
611
748
613
614
615
616
617
6774
7421
620
621
622
623
624
625
626
627
628
19
630
631
2435
3441
634
7843
636
637
6756
7188
640
641
642
9201
644
645
9611
647
648
649
650
1365
652
9136
7704
655
3619
657
658
659
660
661
662
5969
664
665
666
8012
668
669
6510
1012
672
6748
8564
675
676
2665
8049
679
3901
8087
682
683
684
128
686
687
2584
689
690
3665
7920
693
694
695
6814
5288
6818
5149
6887
701
2078
6693
3932
5361
8311
707
708
8257
710
6866
712
713
714
308
1903
717
1122
719
7254
721
722
723
4111
8150
2921
9463
6770
1485
730
1329
732
733
734
2951
736
737
7226
1669
740
741
9751
743
744
9333
7271
747
4877
3361
5954
751
752
753
7861
755
756
3298
758
759
6619
761
762
763
764
765
766
767
768
6356
770
771
772
773
774
775
776
777
3146
779
780
781
5494
783
784
785
786
787
8735
789
169
1136
8484
3534
794
795
796
797
8678
799
800
735
802
803
804
5780
9688
807
4019
8538
810
6960
812
813
7999
815
816
817
818
9170
820
821
8709
823
824
1337
4140
827
6572
632
8083
8864
832
833
834
835
2929
7943
838
1414
840
841
842
843
844
7297
846
1819
848
9012
850
851
4204
853
3295
6728
9328
857
858
859
860
7980
862
863
5163
865
8038
9105
4653
869
7001
871
2834
873
874
6164
2147
2670
2839
607
880
4005
882
883
6346
885
7320
887
7805
889
324
7066
9566
8115
894
895
8207
897
1099
1856
900
9001
902
903
7501
905
906
907
2427
909
910
911
1684
913
3703
915
916
917
1343
919
920
3671
922
5263
924
5433
926
927
9834
929
930
931
932
933
2178
2636
936
6001
938
3787
940
941
8363
943
7435
6009
6668
310
948
8579
5493
951
952
7981
3962
955
956
957
958
6313
960
224
1536
1518
3112
965
4414
967
968
2754
970
2795
9752
973
1711
975
3299
977
978
979
980
981
4473
6452
984
985
986
987
988
989
990
991
992
993
8262
995
996
4194
998
999
1000
4030
1002
1003
6644
1005
1287
718
1008
1870
5819
1011
9549
1013
1014
6030
1016
2658
1018
1019
1020
4903
3457
1023
1024
1025
3341
204
1028
1029
1030
1031
4439
7473
1034
1035
1036
1037
1038
7931
1040
1041
7878
1043
1044
1045
1046
1047
4460
1049
7046
7784
1052
1053
3107
1055
1056
5730
551
1059
1060
1061
8853
1063
1064
9003
1066
2352
1068
510
1070
9225
1072
1073
6450
4174
1076
2991
1078
1079
6980
4008
7282
1083
9462
1085
1086
1732
1088
1089
8275
1091
1092
1193
1110
1095
8480
1097
4314
898
1100
1101
1102
1103
1104
1105
7667
2350
5519
1625
4271
2033
8665
2015
1114
3634
1116
1117
1118
7694
3291
1121
5036
1123
6458
7666
1126
3187
1128
7810
1130
1131
1132
1133
6490
247
791
4290
1138
9832
1140
8435
1142
8419
1144
1145
1146
1147
1927
9330
1150
4388
9883
4483
5188
1155
1156
7068
1158
9292
1435
1161
1162
9593
1164
1165
1166
26
428
8303
1170
1171
1172
1173
1174
3800
36
8209
1591
1179
1180
5014
1182
1183
7820
2036
2900
8346
1188
9950
3981
1191
1192
1093
3518
1195
3513
1197
542
5674
3803
1201
7047
1203
1204
8063
1206
1498
4232
1209
8577
1211
1212
5193
4985
9377
1216
1217
1218
1219
1220
6222
3391
1223
1224
1225
1226
1227
1228
6779
8788
1231
6088
1233
1956
1235
2988
8187
5332
6660
1240
9459
5439
4306
1667
1245
4811
1247
1491
2272
1250
5502
8323
1253
997
1255
1256
9597
1258
4500
1260
4979
893
1263
7941
1265
1266
822
9223
1269
1270
1271
1272
1273
792
1275
6801
1277
1278
8700
1280
7793
1282
4039
1284
1285
1286
2803
1288
1289
6156
257
1292
8506
1294
1295
1296
1297
1298
1299
1300
1301
2332
8196
5952
1305
1306
7777
3360
1309
260
1311
3843
4338
6834
1315
3110
829
1318
1319
1320
6721
1322
1323
7739
362
1326
1327
2416
3936
3777
1331
1332
7172
1334
6836
1336
825
1775
4665
1340
8866
1342
918
1344
1345
1346
1347
7335
1349
1350
8091
5177
1353
1354
1355
1356
1357
1358
1359
1360
1361
3720
2196
2791
638
1366
2522
1368
3986
1370
5117
7210
1373
1374
7697
1376
1377
1378
1379
9103
4236
1382
1383
1384
1385
7883
1387
1388
1389
1390
2889
1392
1393
1879
1395
1113
1397
1398
6611
244
1401
9398
1403
1404
1405
1406
1407
1408
1409
1410
4719
1412
1413
5079
9324
1416
9353
1418
5235
1420
1421
3940
2472
1424
9475
567
1427
1428
1429
2307
4516
1432
1433
1434
2390
1436
8148
2846
1439
1440
58
2912
1443
4801
4604
5577
1654
1489
1449
2459
1451
1452
896
1454
1455
1456
1457
1458
7080
8236
3057
1462
8681
7365
1465
1466
4730
1468
1469
9492
1471
9111
2484
1474
6537
1476
2166
1478
1479
1480
4992
9110
1483
1484
6672
1486
3192
9567
4471
9716
5980
3887
1493
1494
1808
2279
1497
6754
1499
7073
1501
1502
5585
1504
1505
1506
1507
1508
1509
1510
4666
1512
1513
1514
7986
1516
6029
963
4827
1520
1521
1522
1523
1524
1525
1526
9436
1528
1529
1530
1531
1532
1533
1875
1535
5387
1537
1538
8359
2343
8728
1542
4432
1544
1545
8101
45
5285
1549
5473
9652
2111
1553
1554
1555
1556
2253
1558
1559
408
1561
1562
1563
1564
4794
1566
1567
9045
9222
1570
1571
1572
5396
1574
1743
9090
1577
1578
8308
7976
1581
7302
1583
939
4792
1586
1587
9707
7528
1590
1178
6873
1593
1594
1595
1596
1597
1598
9198
1600
1601
7802
9321
14
912
1606
1607
1608
1609
1610
1611
1001
1613
1614
1615
1616
1617
7268
3906
1620
1621
5904
1623
1624
4081
1626
3399
7217
1629
1115
1631
2228
4422
1634
1635
1636
6545
8936
1643
1948
9622
1642
9732
4135
1645
2945
1647
6062
1649
1650
2201
1652
1653
1447
1655
892
1657
2333
1661
1660
1659
6102
1663
1664
1665
3021
7692
1668
151
1670
1671
6821
1673
1674
1675
1676
5705
2011
1679
1680
3604
1682
3166
5737
1685
4839
1687
8685
1689
1690
5194
1692
8287
6019
1695
1696
1697
1698
1790
1700
330
1702
5649
2155
1705
7837
3409
1708
2076
1710
4002
7281
1713
1714
1715
1716
1717
8102
1719
1720
8018
1722
7907
2158
849
1726
9402
1728
1729
5230
1731
203
1733
1734
1735
4949
1737
1738
2179
1740
1932
1742
6223
1744
2257
1746
1747
9210
1749
1750
179
4871
7471
1754
1755
1756
3374
1758
4747
1760
1761
6757
1763
7962
1765
1766
4508
1768
1769
545
1771
8528
8981
3297
6055
1776
1777
1778
1779
7494
1781
1782
1783
2107
1785
1786
6996
8677
3343
9442
1791
4678
2809
1794
1795
3401
1797
7411
9842
1800
1801
8535
4580
2171
1805
9180
1807
5824
1809
1810
1811
1812
1813
3158
4862
1816
3180
1818
7106
1820
1703
1822
1823
3038
9251
1826
1827
1828
4521
8349
1831
1832
6797
1834
1835
9525
1837
1838
1839
1840
1841
5035
1843
819
7773
3264
3492
1848
5165
1850
2251
9043
1853
7021
4699
899
8764
5996
6428
1860
6831
7137
9215
1864
4618
1866
4677
1868
1869
3280
1871
8604
1873
1874
1534
1876
9626
1878
52
1880
1881
1882
5755
3127
7678
1886
3627
1888
1889
1890
9314
1892
1893
1894
1895
1163
4805
1898
1899
1900
1901
1902
7258
1904
1905
1906
1907
1908
1741
1910
1911
1931
1913
3710
2692
6392
3521
886
1919
529
3908
5875
587
1924
1925
1926
1148
8600
1929
1930
1912
9448
9587
2219
1935
2541
4748
1938
1939
3025
1941
3383
1943
7593
1945
2920
1947
7575
6640
1950
1951
1952
335
1954
1955
1234
1957
1958
2005
5196
1963
1962
1961
7215
1965
94
1967
1968
3080
1970
1971
1972
1973
1974
1975
1976
1977
1543
1979
4278
1981
1982
9523
1984
1985
1986
1987
1988
5368
8623
1991
1992
1993
2958
1995
5541
1997
2310
1999
2000
9148
2002
8127
2004
4782
2006
2479
2786
2009
2010
1678
6437
2013
352
3997
2016
1325
4982
6257
6679
2021
2022
2023
2024
9806
5416
7305
6403
2029
223
2031
2032
9794
2034
2035
3931
2037
7351
2039
4
2041
2042
9826
2044
5725
2046
2047
2048
2049
2050
9115
4739
2053
2054
2594
2056
2057
1718
9546
8044
3064
2062
2063
2064
2065
2066
2067
2068
5139
2070
2071
2072
2073
2074
2075
1709
2077
9972
3992
2080
2081
2082
8647
2084
2085
2086
2087
2088
2089
2090
2091
2092
2093
4934
2095
2096
8835
2098
2099
2100
2101
2102
2103
2104
2105
2106
226
7925
2109
9980
1552
2112
3363
2510
2115
7103
6752
7304
5026
578
2121
2122
2123
2124
7797
3585
2127
8766
6982
2130
6891
2132
8045
3226
2135
298
2137
2138
2139
2140
1560
566
2188
2144
2145
9178
4697
2148
7774
2150
2151
9042
2938
8380
3294
2156
8903
1724
2159
2160
9748
5794
2163
2164
793
5344
7665
2168
2169
2170
319
2172
2173
2174
9452
2965
1736
704
1739
9595
2181
3309
2183
2184
3138
2051
6503
2143
5839
2190
15
2192
2193
2194
2195
2961
2197
2198
4674
2200
8992
7953
2203
2204
2205
2206
2207
2208
2209
5608
2211
2212
2213
2214
6389
9226
2217
2218
2556
9233
6963
2222
7299
2224
2225
2226
2227
1632
2229
2230
2231
2232
2233
2234
2814
2236
2237
2238
2239
2240
2932
8983
2243
9573
2245
2580
6592
2248
2249
2250
8555
2252
7168
9891
2255
2256
1745
3669
2259
2260
2261
2262
1851
1759
2265
7892
2267
2268
7517
3798
2271
9644
2273
3406
2275
7192
2277
2278
2359
2280
2281
2282
2283
2284
2285
2286
2287
5324
2289
2290
2291
2292
2748
2294
9186
2296
2297
2298
2299
2300
5850
2302
2303
7500
7381
2306
1352
2308
4480
1998
2311
2312
7696
2314
2315
2316
2317
2318
2319
3324
7307
2322
2323
2324
962
2326
2327
3845
194
2330
2331
8651
7875
2334
2335
9673
4007
2338
5053
9214
2341
2342
9728
5548
2345
2346
6793
2348
1918
8578
9368
1067
2353
2354
5381
1139
2357
2358
8364
2360
2361
2362
5503
2364
2365
2366
2367
7003
4128
2370
2371
3970
9141
2374
2375
2376
2377
8004
6691
2380
1175
2382
8910
8027
2385
2386
2980
2388
2389
8824
5942
9894
233
2394
4535
2396
4662
8978
9737
8900
101
9285
8828
2404
2405
2406
2407
2408
4676
2410
2411
7062
2413
7278
3111
7185
2417
7261
2419
2420
2421
5776
2423
4280
6365
2426
908
9623
2429
3368
2431
2432
9410
2434
1317
4581
2437
2438
6527
2440
394
8345
2443
8565
2445
7020
2447
2448
2449
2450
2451
9229
2453
2454
8255
2456
6833
6916
9663
2460
2461
7489
4610
2464
2465
2466
6192
4572
2469
7144
3096
1423
2473
2474
2804
2476
2477
2478
6922
3001
3848
4881
2483
1473
9414
2486
2487
2488
2489
2490
1108
2492
1694
6113
5590
1184
2497
2498
7124
2500
9776
4819
8138
2504
2505
2506
2507
8517
2509
2114
4891
1861
2381
947
2515
2516
2517
2518
7937
4449
2521
1367
5441
2524
2525
5103
2527
5897
2529
2530
2531
9843
2533
1438
2535
2536
8402
2538
2539
9734
7609
7772
8225
2544
2545
2546
2547
1386
7662
2550
2551
2552
2553
2554
2555
1934
295
7134
2559
2560
2561
2562
3963
8068
2565
2566
2567
2568
2581
2570
2571
63
2573
2574
2575
5957
5879
2578
3175
1441
2569
2582
2583
2116
2585
2586
2587
2588
4237
2590
2591
2592
2593
7522
2595
2596
2597
742
2599
2600
7000
6227
2603
6575
2605
9936
2607
2608
6231
382
2611
2612
2613
5319
2615
2616
9388
2618
2619
2620
212
8916
2623
8667
2885
2626
471
3488
2629
2630
2631
2632
9109
4308
2635
4912
2637
2638
8813
9078
8154
6714
2643
9964
7107
9281
2647
2648
3502
2650
2651
2652
2653
2654
1909
4790
7888
1017
9455
2660
2661
4701
2663
2664
677
2666
2667
7026
2669
1371
2671
1588
2673
2674
4012
2676
6785
2678
2679
8204
2681
2682
2683
2684
2685
2686
2687
9073
4177
4755
9904
1855
2693
2694
2695
2696
4459
8980
3069
2700
3722
2702
2703
3820
6373
2706
3168
2708
2709
7833
9395
8156
2713
635
2715
5120
2717
5956
5905
6502
2721
2722
4122
2191
2725
2726
2875
2728
6563
2730
6162
2732
8598
5279
2735
2736
2737
7339
2739
2740
2741
972
2743
2744
2745
5682
2747
2293
2749
2750
2751
2752
2753
969
2755
2756
7178
385
2759
4247
2761
2762
2763
2764
4395
5067
2767
2768
2769
7989
2771
2772
2773
9319
2775
1859
2777
8886
9351
2780
2781
2782
2783
4942
2785
5964
2787
2788
2789
2790
656
2792
2177
2794
7005
2796
2797
3522
5098
1496
2801
4275
1006
7542
2805
2806
2807
7672
1793
2810
2811
2812
6956
2235
5715
2816
6400
2818
2819
2973
2821
2822
5170
2824
6857
7437
2827
2828
2829
8136
2831
2698
2833
3856
2835
6786
2837
2838
407
5556
2841
2842
6381
7592
2845
2534
585
2848
2849
512
8292
6942
397
7711
2855
2856
2857
8762
8000
8616
2861
2862
2863
2864
2865
2866
2867
1094
3315
2870
2871
2872
3117
5155
5105
2876
2877
2028
2879
144
2881
2882
2883
4630
6965
9171
2887
2888
6394
3452
2891
7314
5615
4729
3954
2896
2897
8153
2899
3317
2901
2902
1237
4616
2905
2906
2907
6560
2909
2910
2911
3369
4305
4822
2915
2916
4029
6242
2919
1254
2146
5614
2923
2924
2925
5711
2927
2928
836
8551
2931
5464
2933
2934
2935
2936
597
2153
3066
2940
2941
1445
2943
2944
1646
2946
2947
5508
2949
2950
801
6998
8179
8376
314
6411
3926
1994
4681
2960
7584
2962
2963
2964
2481
1042
2967
2968
2969
2970
1134
2972
7488
3499
9260
2976
2977
2978
2979
4767
2981
2982
2983
2984
2985
2986
6704
1236
2989
2990
1077
3832
2993
2994
9933
2996
2997
1656
2999
3000
9014
3002
3003
3004
3005
3006
3007
3008
3009
3010
3011
3012
3013
3014
3015
4789
3017
6253
3019
3020
1666
3022
4041
3024
1940
6830
3027
3028
3029
5825
9423
3032
8415
3034
6165
3036
5348
1802
3039
3040
3041
3042
9439
3044
778
3046
3047
3048
7853
3050
491
3052
4089
9438
3055
3056
7961
3058
3059
3060
3061
3062
3063
2019
2244
2939
3067
3068
414
455
430
3072
3073
3074
4024
3076
7566
3078
3079
3742
3081
3082
3083
3084
9057
7572
3087
1495
3089
3090
3091
3092
3093
8676
9681
2471
3097
5003
3099
3100
3745
8283
3103
6461
3105
3106
1054
3108
3109
1316
2415
964
3113
3114
4287
4656
4152
3118
8991
1125
3121
3122
3123
3124
7422
3706
5047
8215
539
3130
3131
3132
3133
3134
3135
3136
3137
2185
9754
3140
3141
3142
6930
3144
6977
3045
8348
4396
3768
3150
3151
9540
7618
3154
3155
7874
3157
1814
3145
9267
3161
3162
3163
3164
3165
1683
7831
1515
3169
3170
3171
3172
6676
3174
2579
4744
3177
9929
9539
1817
5914
9066
3183
3184
3185
3186
1127
3188
3189
4235
3191
8103
3193
3194
3195
5566
3197
3198
5135
3200
3201
3202
3203
3204
3205
3206
3207
3208
3209
3210
9531
9817
3213
8918
3215
3216
3217
3218
3303
3220
3221
7079
9120
3224
3225
4110
3227
3228
3229
9037
7870
6910
3233
4732
3235
2800
3237
3814
3239
3240
3241
3242
3243
8048
253
3246
3247
3248
7628
5844
10000
3252
6388
3254
3255
3256
3257
3258
4694
3260
3030
4266
3263
4646
2926
2757
3267
3268
4925
1672
3271
9145
3273
3274
3537
3276
6041
7014
3279
4009
3281
5883
3283
3284
3285
3286
3287
3288
7484
3290
8280
552
3293
1704
854
6185
1774
9445
9617
3300
3301
3302
3219
5796
2108
9133
8327
9472
7902
3310
3311
384
3313
3314
2869
3316
1186
5891
3319
3320
3321
9406
3323
837
3325
3326
3327
3328
3305
9944
5765
3329
3333
3423
3335
3336
3337
3836
3339
3098
404
3342
4022
3344
3345
3346
3347
3348
3349
9008
3351
3352
3353
3354
3355
3356
3357
3358
3359
1308
6057
365
2113
3364
3941
3366
3367
2430
691
3370
3371
4241
3373
4136
3782
3376
3377
3378
5949
3380
5648
1087
4186
3384
9696
3386
467
3388
3389
9466
1222
3637
9724
3394
9028
3396
3397
3398
1627
6145
4224
3402
3403
3404
3405
2274
3407
7387
1707
3410
3559
3412
3413
3414
3415
3416
3417
3418
3419
7881
4765
3422
7889
2942
3425
3426
3427
3428
3429
3430
3431
9224
8436
3434
3435
5168
3437
2397
4137
3440
633
5424
3443
4761
3445
3446
8968
3448
3449
3450
3451
3610
3453
3454
8133
3456
1022
4144
3459
3460
3461
333
3463
3464
7762
3466
3467
9726
3469
3470
3471
4510
8582
3474
3475
3153
7738
9709
3479
9690
3481
3482
5345
9206
3485
6621
3487
4219
8062
3490
3491
6397
9434
8896
847
3496
3497
3498
1725
8688
3501
2649
5720
3504
8698
3506
3507
287
3509
8056
3511
3512
1196
8478
8228
3516
3517
7796
3519
3520
1917
2798
5198
3524
3525
3828
3527
3528
3529
3530
3531
8775
3533
2165
9558
4522
3275
8814
3539
3540
3541
3542
3543
2458
3545
3432
8050
8818
8224
4474
6376
6234
9093
3554
3555
3556
5795
4515
3411
3560
3561
3562
3563
3564
3565
3566
8427
3568
3569
8253
3571
3572
3573
3574
6061
8633
3577
2020
3579
3580
2055
3582
3816
3584
7629
3586
3587
3588
3589
381
373
6766
3593
1550
3595
3596
3597
3598
6626
3600
3601
3602
3603
1681
1630
3606
6967
5401
3609
9192
3611
3612
3613
7376
3615
3616
3617
5526
1364
3620
3621
3762
4972
3624
2215
3758
5365
3628
4718
8211
3631
7241
1511
3605
5421
3636
4589
3638
4644
9938
3641
3642
3643
3644
3645
3646
3647
4579
8724
8407
3651
3433
3653
8155
9421
3656
3657
4494
5610
3660
5059
3662
8877
7677
1442
3666
6118
8095
2258
8557
2401
3672
3673
3674
3675
4829
3677
3678
3679
3680
1339
3682
6888
3684
3685
3686
3687
3688
3689
3690
3691
8366
3693
3694
2779
3696
3697
7121
9193
3700
5867
3702
183
136
3705
4523
3707
3708
3709
2045
3711
4273
7681
4070
3715
7606
3717
5851
9602
1362
3721
9350
6599
3724
3725
3726
3727
3728
3729
1246
3731
3732
440
7235
8539
6307
3737
3738
3739
3740
2639
6160
3743
3744
3101
3753
3476
3748
3749
8712
3751
3752
186
3754
3755
3756
4637
3626
3759
3760
3761
3622
3763
3764
5386
3390
3767
1806
3769
3770
3771
3772
3773
3774
8086
7713
4299
3778
3779
5295
2656
3375
3783
3784
8286
3786
1584
8131
3789
3790
3791
3792
3793
3794
3795
3796
8513
2270
3799
9041
3801
3802
1200
3804
3805
3806
3807
3808
3809
3810
3811
3812
9654
3238
3815
3583
3817
3322
554
2704
3821
9124
7017
3824
7601
8023
3827
3526
3829
7423
3831
5841
3833
9425
540
3338
3837
3838
3839
3840
4134
2836
1312
6500
2328
3846
3847
5081
3849
5220
3851
140
3853
3854
6995
1080
3857
6241
3859
3860
6448
3495
3863
7995
3865
3866
6842
3868
9197
4149
3871
4888
3873
3874
3875
3876
7660
3878
6146
3880
9323
3882
3883
3884
3885
3886
1492
5302
3889
3890
3891
3892
535
4293
3500
9312
3897
3898
3899
3900
201
3902
3903
5618
3905
9788
3907
1921
3909
6540
3911
3912
3913
706
3915
3916
3917
5485
3919
1762
3921
3922
35
3924
3925
9482
3927
5071
6618
3930
6684
934
8914
3934
5130
731
7410
7496
3939
9493
3365
4046
3943
3944
506
5801
3947
3948
2007
6725
3951
3952
3953
4870
7253
3956
3957
3958
3959
3960
3961
954
2563
3964
3965
477
3381
3968
3969
2372
3971
3972
4859
3974
3975
4851
3977
2711
3979
7040
7519
5813
3983
3780
4960
1369
3987
3988
3989
3990
3991
2079
5474
3994
3995
3996
1396
3998
7679
4000
6602
974
646
1303
3862
6252
9503
5963
113
2572
4011
6990
4013
8238
7535
4016
8093
4018
8140
4020
4021
1789
4023
2355
4025
221
4027
293
2917
3266
4031
8188
4033
1333
4035
3757
514
4038
1283
9860
1773
4042
4043
4044
4045
3942
4047
7354
4049
4050
4051
4052
2161
4054
4055
7932
9512
4058
4059
4060
1527
3973
8058
9288
6708
4066
4067
4068
4069
3714
4071
4072
6999
9144
4075
4076
4077
4078
7011
6643
4215
4082
4083
4084
4085
4086
4087
9952
3053
4053
4091
4568
4093
4094
4095
4096
4097
4098
4099
4100
4101
8816
4103
4104
4105
4106
5128
4108
4109
2134
4443
4112
4113
4114
4115
8059
4117
4118
4119
4120
4121
2723
4123
4124
6687
4126
1048
2369
4129
1488
4131
4132
1829
3841
1644
1757
3439
4138
4139
826
4141
3077
4143
9202
4820
4246
9361
6038
3870
7705
8654
2873
4153
4154
4155
4156
4157
4158
4159
7599
5148
4162
4163
4164
4165
5594
4167
4168
8587
4170
8834
4172
4173
1604
109
8954
2689
4178
5484
4180
180
4182
4183
4511
4216
1942
4187
2301
8531
6546
4191
4192
4193
4736
4195
5447
4197
4198
4199
4200
7412
8181
7770
852
7808
4206
4207
4208
4209
4210
6182
7830
4213
4214
1109
5670
4217
8061
2628
4220
4221
4222
4223
1796
4225
4226
4227
4228
7573
6337
4231
3976
4233
4234
6913
2729
5886
1143
4239
2387
3372
4242
290
8952
4245
4146
2760
4248
4986
4250
830
4252
4253
4254
4255
4256
4257
4258
4717
7731
4261
4262
4263
423
4265
3262
4267
4268
4269
4270
4995
4272
3712
4274
501
3920
4277
2662
4279
2424
4281
4282
9157
4284
4285
4286
492
4288
4289
1137
4291
4292
7091
4294
4512
4296
6587
4298
5966
4300
9389
343
603
4304
9607
5303
5708
673
527
4310
4311
7776
8499
1215
4315
8365
4317
4318
4319
4320
4321
9313
4323
410
4325
4326
4327
4328
5654
4330
4331
7632
6642
4334
6742
5821
4337
7434
4339
4340
4341
4342
4343
7537
4345
4346
4347
4348
3484
4350
7840
4352
4353
4354
4355
4356
4357
3253
4359
4360
4361
3420
7129
4364
4365
4366
9591
4368
4441
4370
4371
4372
4373
4374
4375
8776
4377
9945
4379
4380
4381
4382
4383
4384
6695
3489
4387
6583
4389
9671
5108
4392
7815
8273
2765
3148
65
4398
715
2742
4401
4402
4403
4404
4405
4406
4407
8628
6761
9356
4411
1792
4413
7722
4415
4416
4417
4418
6804
4420
4421
1633
4759
4424
4546
5456
8827
4428
5814
4430
4431
1877
4433
4575
5489
4436
7955
4438
1032
4440
4369
4442
7851
6033
4445
4446
213
3442
1051
304
7909
4452
4453
4454
4455
4456
1098
5701
7903
814
4461
3035
4463
4464
4465
9527
4467
4468
994
4470
160
4472
982
3550
4475
2060
4477
1503
6709
867
4351
8928
8608
4484
7893
6734
5976
4488
4489
4490
4491
5308
2329
1190
4495
4496
4497
3094
4499
524
4501
5655
4503
950
4505
8585
8264
9243
4509
3318
4184
4295
3945
4711
174
3043
4517
4518
5097
4520
4133
3536
7211
4524
7487
4526
9633
4528
4529
4530
4531
4532
4533
4534
2395
5718
2617
4538
4539
4540
7536
2655
4543
6466
4545
4425
8736
4548
4549
8080
4551
6514
4553
4554
4555
5533
9810
4558
4559
9723
5863
8998
4563
4564
4565
9625
4567
4092
4569
4570
4571
2468
5688
8674
5871
5217
4577
5743
3648
7742
3985
4582
9871
4584
4585
4586
4587
4588
1268
4590
7960
2141
4593
4594
4595
2601
2502
4598
4599
601
4601
4602
4603
3424
4605
4606
4607
4608
4609
166
4611
4612
7577
4614
1477
2904
4617
2025
9499
4620
9307
4622
4623
9698
9496
9471
4627
4628
4629
3607
4631
4632
4633
8468
593
7389
4036
4638
4639
4640
4641
4642
4643
3639
1026
1846
4647
4648
4649
4650
4651
4652
9646
4654
4655
3116
4835
4658
4659
3552
4661
8396
8990
4664
6387
9733
8836
4668
4669
4670
4671
6150
7266
2119
4675
2409
1867
4412
4679
4826
2959
4682
4683
4684
4685
4686
4687
4688
4689
2501
4691
4692
4693
9839
4695
9473
4297
4698
1915
4700
1980
8450
4703
4704
4705
6837
3591
4708
3173
4710
4514
4712
4713
106
4715
4716
4259
3629
5073
4720
4721
4240
4723
447
4725
4726
4727
4251
2894
1467
6044
560
4733
4734
4735
3249
4737
4738
3879
4740
4741
4742
4743
3176
4745
6666
2264
1937
6870
7544
4751
4752
4753
5262
2690
2008
4757
4758
7425
4760
3444
9091
3085
7055
3421
4766
7717
4768
4769
4770
4771
4772
5423
4774
4775
4776
2627
5306
1883
8261
4781
1959
4783
4784
4785
6191
4787
4788
3016
3781
4791
1585
4793
6522
4795
4796
4797
4798
6847
4800
2832
4802
4803
4804
9070
2442
4807
7725
4322
4810
3730
4812
4813
4814
4815
8456
4817
4818
4597
4061
4821
2914
4823
4824
4825
4680
1519
7724
3676
4830
5180
2971
4833
392
4657
4836
4837
7643
8815
4840
4841
4842
4843
7990
4845
4846
4847
4848
4849
6577
9915
4852
9317
4854
5448
4856
4857
4858
4731
4860
4861
3296
5051
7458
4865
4866
565
4868
6762
1764
3923
9661
4873
1854
4875
4876
612
4878
8947
5271
2482
1852
8707
4884
4885
8474
4887
8162
7782
274
9050
4892
4893
1872
4895
4896
6089
4898
8839
4900
4901
4902
1021
4904
4905
4906
6849
2014
4909
4910
4911
9036
4913
4983
588
4916
4917
4918
4919
5758
4921
4922
9608
4924
6869
4926
4927
1639
4929
4930
4931
1662
4933
1517
5286
4936
4937
9799
4939
4940
4941
9151
4943
4944
3547
4946
4947
4948
1641
121
4951
7651
4953
147
5002
4956
5913
4897
9906
935
4961
4962
4963
7857
4965
9735
4967
7049
4969
4970
8490
5623
22
4974
9793
4976
4977
4978
671
1082
4981
8530
6272
4984
2859
9303
2152
5255
7373
4990
4991
1481
4993
4994
2868
4996
355
4998
1863
5000
5001
9474
3340
5004
5005
5006
5007
5008
2457
5663
9032
5012
6781
4116
7251
5016
5017
5018
5019
1341
5021
5022
9254
5024
402
3750
5027
5028
5029
9762
5031
5032
5033
5034
1842
9588
5037
5038
5039
5040
5041
5042
5043
5044
5045
5046
1884
5048
5049
5050
4863
5052
2339
5054
5055
5056
5057
5991
3661
5060
5061
5062
9369
5064
6149
5066
2766
5068
5069
5070
3928
5072
7393
5074
5075
5076
5077
5078
839
5080
3332
1540
5083
8350
5085
1149
5087
124
5089
4202
5091
5092
5093
5939
5095
7176
4519
2799
5099
5100
5009
5102
2526
5104
2727
5106
5107
3741
5109
5110
5506
5112
5113
4079
5115
5116
877
5118
5119
5944
5121
5122
2189
5124
5125
5126
5127
9322
5129
6535
5131
5132
5133
6970
5699
5136
5137
5138
2069
5140
8859
9468
5143
254
3126
5146
5147
4161
9405
5150
5151
5152
5153
5154
2874
5156
5157
5158
5159
1461
5161
6189
8014
5164
357
2356
5167
6003
3535
2823
5171
5172
5173
9461
5184
5176
122
5178
5179
4831
1804
5182
5183
7397
5185
1989
8024
6379
5189
5190
6681
5219
6322
1691
5195
8217
4894
3523
5199
5200
5201
9253
5203
5204
5205
5206
5207
5208
5209
7367
5211
5212
7513
7085
5215
5399
4476
6109
5192
5317
7838
6278
8128
5224
5225
5226
5227
5228
4702
9024
5231
5232
5233
667
1419
2467
5237
5238
5239
5240
7169
5806
696
5244
5245
5246
2325
1074
7024
5250
9528
5252
5253
7680
8386
8986
5257
5258
9278
5260
7133
9609
6820
5264
5265
5266
5267
5268
7703
5270
6787
5272
5273
7685
5275
5276
5277
5278
9902
5713
5281
5282
5283
5284
1548
4935
5287
3231
8417
9517
5291
5292
5175
7972
3984
9417
5297
5298
7058
6137
5301
3888
5757
5304
5305
4778
5307
7611
5309
4466
2463
5312
5995
9021
5315
5316
9659
5318
2614
6259
5321
3236
5323
9282
5325
5326
5327
5328
2320
5330
5331
5475
5333
5334
5335
4229
5337
8924
3850
5340
5341
5342
7521
6771
3483
5346
5347
3037
9943
5063
1267
142
5353
7983
5355
5800
5357
5358
1075
5360
705
5362
5363
5364
1887
5366
5367
5186
5369
5370
5371
5372
9016
5374
7216
8895
5377
5378
5379
8370
680
5382
5383
5384
5385
6144
5247
5388
5389
5390
7112
5392
3935
6534
5395
1573
5397
5398
1770
1243
3608
5402
5403
132
5405
5406
5407
5408
5409
5885
5411
5412
5413
5414
5415
6468
5417
5418
5419
5420
4828
5422
3334
4448
5425
5426
2625
7911
5429
5430
5431
5432
6273
5434
9576
5436
5437
5438
1242
6530
5859
178
5443
6710
5445
5446
4196
4855
5449
5450
5451
5452
5453
8825
5455
4426
5457
5458
7444
5460
5461
5462
5463
3331
5465
5466
5467
1784
4482
5470
5471
159
727
3993
1238
5476
5477
3716
5479
3473
5481
7371
5483
8711
9358
5486
5487
5488
4435
5490
872
5492
8250
782
5495
5496
5497
5498
6932
5500
6790
8460
2363
9544
8923
5111
9080
8078
5509
5510
5511
5512
2602
5514
5515
5516
7332
5518
7549
4394
5521
5522
5523
7491
6655
3618
1279
5528
5529
5530
2126
5532
403
5534
5535
5536
5537
6832
5539
5540
1996
5542
8974
9450
8717
5546
678
2344
9270
5550
5551
5552
5553
5554
5555
9359
5557
2858
5559
5560
4316
3950
5563
5564
5565
3196
5567
5568
5569
5570
7813
5572
5573
5574
4527
5576
3872
5578
868
5958
5581
5582
1752
9122
6812
5586
2223
5588
5589
2495
5591
5592
5593
1154
5595
9444
5597
2059
4920
5600
5601
5602
5603
5604
5605
5606
6354
2210
5609
3659
5611
5543
5613
9102
7657
5616
1004
3904
9061
5620
5621
5622
5895
1057
5625
5626
9081
6334
5629
5630
5631
5632
5633
9117
8030
5636
5637
5638
5639
5640
9433
5642
5643
5644
5880
5646
5647
7357
7736
5650
5651
5652
5653
4329
4502
5656
5657
5658
698
5660
7036
5662
5010
7259
8071
5666
5667
5668
3681
5669
9325
5672
5673
1199
5675
5676
976
8322
5679
7087
5681
2746
5683
5684
5685
5686
5687
4573
5689
5690
5691
5692
5693
5694
5695
5696
5697
5698
3199
8094
4458
5702
5703
5704
6758
8108
5707
4307
5709
5710
3330
5712
7958
5714
6845
5716
375
4536
1983
3503
5721
6807
5723
5724
7608
5726
5727
5728
9672
9584
5731
5732
5733
9940
5735
8013
6090
8891
5739
5740
5741
5742
214
5744
5745
5746
5747
6521
5749
5750
5751
5752
8216
5754
4779
32
7272
5599
5759
5760
172
49
5763
7630
2241
9068
5767
5768
5769
5770
5771
5772
5773
5774
5775
2422
5777
5778
5779
6195
4166
5782
8260
5784
5785
5786
5787
2731
5789
5790
5791
5792
9172
2162
3557
3304
7057
5798
8270
5356
8279
5802
5803
5804
5805
9911
5807
5808
5809
5810
5811
5812
7913
481
5815
5816
5817
5818
1010
5820
5719
5822
5823
1862
2701
5826
5827
5828
5829
5830
5831
5832
5833
5834
5835
7801
5837
5838
1293
5840
2992
5842
5843
3250
5845
9495
5847
5848
4201
4188
3718
9002
5853
5854
5855
5856
312
356
2523
7515
5861
5862
6778
5864
2642
5866
6141
5868
5869
5870
4434
5872
5873
8152
1922
4244
5877
5878
8114
5645
5881
5882
3282
5884
5410
9386
5887
5888
5889
5890
3472
7721
5893
5894
9965
5896
2528
5898
6300
7113
5901
5902
5903
438
2719
8172
2263
5908
5909
5910
5911
7555
4957
5545
5915
5916
5917
5918
4952
5920
5921
5922
4923
5924
5925
5926
5927
5928
5929
5930
5931
9355
5933
5934
5935
9859
5937
9241
5094
1177
5941
8146
5943
8473
7285
605
5947
5948
9973
5950
5951
1767
5953
5013
5955
427
6112
4889
5959
5960
162
5962
1081
6906
5965
4850
5967
5296
663
5970
4537
5972
5973
5974
5975
2446
5977
5978
7214
1248
8137
5982
9822
8479
9765
5986
5987
5988
5989
5990
5058
5992
5993
5994
5313
3567
5997
5998
5999
6000
4249
9641
3223
6004
6493
6006
190
6008
7648
6010
8626
7699
6013
8157
6015
6016
8052
6018
3822
6513
6021
6022
6023
6024
6025
6026
6027
6028
2383
921
6031
8381
4444
6034
6035
6036
6037
4148
5706
6040
3277
329
6875
8800
6497
6046
6047
6048
6049
6050
5499
6052
6053
9040
6737
6056
749
6058
8165
6060
3575
2175
6063
2379
6065
7099
6067
6068
9756
6070
6105
6072
6073
4048
6075
6076
6077
6078
6079
6080
6081
2691
6083
6084
6085
6086
6087
1232
4958
7708
6091
6092
6093
6094
6095
6096
6097
6098
4625
6100
6101
2154
3640
6104
279
6106
6107
6108
4506
6110
6111
8391
3458
5549
6115
6116
5256
3667
6119
6880
760
6122
6123
9451
6125
6126
8096
6128
6129
6130
1830
4672
5101
6134
6135
6136
5300
6138
4780
6140
3701
6142
6966
2697
1430
9971
6147
6148
5065
6132
6151
6677
6153
6154
6155
1290
6157
6158
9986
7848
6161
5788
6163
875
4462
6166
806
6168
6169
6170
6511
6172
6173
6174
6175
6176
6177
6178
6179
6972
6181
4211
9873
6184
1815
8305
6187
6188
1381
8278
2645
9276
6193
6194
805
6196
6197
7038
9851
6200
6201
6202
6203
2400
6205
7039
6207
96
6209
2854
6211
6449
6213
6214
6215
6216
7538
6218
6219
6220
6221
8328
8972
6634
6225
6226
5513
9999
6229
6696
1969
6232
5544
4660
6235
6236
6237
6238
6477
6240
9458
2918
6243
6244
6496
6246
6247
6248
6249
6250
6251
9247
4408
6254
6255
6256
2061
6258
5202
6260
6261
6262
3553
6264
6265
6266
6267
6268
6934
6270
6271
4914
925
6274
6886
6276
6277
4504
6279
3650
6281
6282
6283
3312
6285
6286
6287
5234
6289
8392
6291
6292
6293
6294
6585
6296
6297
6298
6299
5899
6301
6302
6303
6304
6305
6306
879
3881
6309
6310
6311
6312
959
6314
7997
6316
9411
6318
4853
34
6321
1213
7289
6324
6325
6326
9428
6579
6329
6330
6331
7213
6333
5628
6335
8797
9507
6338
6339
6340
6341
6342
6343
6344
6345
884
6347
6348
6349
6350
6351
6352
6353
5607
3350
769
6357
6358
6359
6360
9805
6362
6363
6364
2425
6366
6367
6368
6369
6370
6371
6533
639
114
6375
7298
5912
9318
1335
6380
2843
3658
6383
6131
6385
6386
4185
4358
3625
1580
6391
1916
6393
4591
6395
6396
1847
6398
7292
2817
6401
6402
8388
6404
6405
2043
6407
6408
6409
6410
6744
2998
6413
8266
6415
1628
6417
6418
1402
6420
6421
7863
6423
6424
6425
6426
6427
8414
6463
6430
6431
6716
6433
9027
6435
3844
6051
6438
6439
6440
6441
1579
7641
6444
6445
7702
6447
5459
6212
5248
6451
7732
6453
6454
135
6456
8639
1444
6459
6460
3104
6462
6429
6464
6465
9615
6467
7324
6469
6470
6471
5442
7766
6474
9775
8195
6239
6478
6479
6480
6481
6482
6483
6484
6485
6486
6487
6488
6489
7543
5352
6492
2606
3546
6495
7683
242
6498
6499
8511
7009
1185
7965
6504
6505
6506
6507
5562
6509
670
6171
6512
6020
7864
6515
6516
5380
6518
7120
6432
5748
1565
6523
9337
6525
5968
2439
6528
6529
7283
6531
6532
6372
5394
5393
6536
1475
6190
6539
3910
2878
6542
5940
6567
1637
7879
3834
6548
336
6550
5797
6907
8716
6554
9266
6556
6557
6558
6559
2908
85
589
5162
6564
6565
5919
6544
6568
6569
6570
7828
828
9699
5141
5482
6576
4190
6578
7167
6580
6581
6582
5218
6584
8759
6586
876
6588
6601
8544
6591
1330
6593
6594
6595
9277
6597
6598
3723
6600
6589
9271
6603
6604
6605
6606
2001
6608
6609
6610
5729
6612
452
6614
6615
6616
6617
8739
2475
8668
3486
6622
9259
6624
9510
3599
6627
6628
6629
6630
6631
6632
6633
8090
6692
6636
6637
7366
6639
9664
6641
37
4080
28
6645
6646
7949
6648
528
1699
6651
7426
6653
8781
5525
6656
7368
6658
6659
1239
6661
9651
6663
6664
6665
9352
6667
946
6669
9221
6671
729
6673
6674
6675
4709
7545
6678
3578
6680
5191
6682
6683
1207
6685
6686
4125
8401
9194
4074
6064
6635
703
6694
4385
6230
6697
6698
1944
6700
6701
6702
6703
2987
6705
6706
6707
4065
4479
5444
6711
6712
6713
5865
6715
5090
6323
4592
6719
6720
1321
6722
6723
9483
6561
6726
6727
855
6729
1960
6731
6732
6733
4486
6735
6736
1338
928
6739
6740
6741
4335
6743
2956
5799
6746
2254
2634
8607
3704
6751
9866
6753
2720
276
651
4596
1677
6759
6760
4409
4869
5454
6764
8219
7420
6767
6768
6718
728
9882
6772
6773
618
6775
6776
6777
4561
1229
6780
9937
6782
8111
6784
2288
364
6765
4171
6789
5501
6791
6792
8097
9435
3182
6796
1833
4806
6799
6800
2117
6802
6803
4419
9274
6806
5722
6808
8020
6810
6811
4478
6813
5243
1249
6816
6817
5659
6819
923
3270
3139
6823
6824
6825
6826
6827
6828
6829
2776
2512
8492
6133
8770
6835
9978
4706
6838
6839
6840
6841
3867
6843
6844
2815
8117
4799
6848
8001
6850
6851
6852
6853
6854
6855
8615
2110
7571
5766
6860
6861
6862
6863
6864
6783
711
6867
6868
1259
3244
6871
6872
1592
6874
6043
6876
2774
6878
9509
7759
4040
56
6883
6884
6885
6275
6419
6520
6889
6890
2131
7436
7375
6894
6895
208
6897
6898
6899
8337
6901
6902
6903
6904
6905
2705
6045
6908
6909
3232
6911
6912
3190
9676
8208
9856
6917
4667
7111
6920
6921
7531
6923
6924
6925
6926
6927
7102
8872
3143
6931
7930
6933
6114
6935
6936
6937
6938
6939
6940
6941
2444
6943
6944
6945
6946
6947
6948
6949
6950
7557
6952
6953
6954
6955
2813
6957
4437
7008
811
6961
890
2221
6964
5427
6143
2895
6968
6969
5134
6971
6180
338
6974
6975
8975
3159
6978
2954
5491
6981
2129
6983
6984
6985
6986
8445
1849
6989
2675
1159
8721
6993
6994
6103
1787
5214
2952
7187
163
870
7002
6002
7004
9835
7006
9900
9304
8892
7010
5114
7012
7013
9792
7015
2532
4400
7018
7019
4487
4874
7022
5587
345
7025
2668
7027
7028
7029
7030
7031
5738
7033
7034
7035
4624
3031
6198
6206
7497
2646
7042
7043
7044
2384
1050
7642
7048
4968
7050
7051
7052
7053
7054
4764
7056
6551
5299
856
7060
7061
9767
7063
5261
7065
891
7067
1157
7069
7070
7071
7072
1500
7074
7075
7076
7219
7078
3222
1459
7081
7082
8731
7084
8342
7086
5680
7088
6755
4882
9898
4238
7093
8849
7095
7096
7097
7098
6066
7622
7101
6928
7311
7104
6476
881
7385
7108
7109
7110
9504
5391
5900
7114
7783
7116
7117
7794
8943
7234
3698
7122
8147
2499
7125
7126
79
7128
4363
7130
7131
7132
4945
4724
7135
7136
3088
7138
7139
7140
7141
7142
7143
2808
7145
7146
7147
7148
7865
7150
4954
7152
7153
7154
7155
7156
8113
8733
7159
7160
7161
7162
7163
7164
7165
7166
8738
9773
5241
1252
7171
4034
7173
1576
7175
3234
17
4513
7179
7180
7181
7182
7183
8808
1328
7186
4073
9684
7189
3049
7191
2276
9962
7194
7195
9886
7197
7198
9997
7200
9334
7202
9887
7204
7205
7206
7207
7208
7209
5571
7832
7212
6332
2948
1964
5375
9283
7218
5517
7220
7221
7222
7223
7224
7225
738
7227
9494
7229
7230
7231
7232
3505
2548
3734
7236
7237
7238
7239
332
3632
7242
7243
7244
7245
6457
7247
7248
7249
7250
7334
7252
3955
720
7255
7256
7257
716
5664
7260
2418
7262
7263
7264
7265
4673
7267
2966
7269
7270
746
5400
5174
7274
7275
7276
277
2414
7279
7558
1712
4980
3830
7456
5945
7286
7287
7288
6717
9152
8406
6399
7293
7294
7295
7296
2118
3551
7023
9963
7301
7184
7303
845
47
7306
9870
7308
7309
7310
688
7312
7313
2892
7315
7316
7317
7318
2176
7581
7321
7322
7402
2026
7325
7326
7327
7328
7329
9203
7331
4324
7333
5015
1348
7336
9959
7338
2738
7340
7341
7342
5971
4169
7345
7346
7347
7407
7349
7350
8125
7352
7353
6074
7355
5753
3967
7358
7359
7360
7361
7362
7363
9718
1464
2644
5210
6657
2508
7370
2604
7372
4989
7374
6893
3614
7377
7378
8594
7380
2305
5781
4525
808
4786
3392
5350
7388
4636
7390
7391
7392
3581
7394
7523
431
726
7177
7399
7400
9099
7323
369
7404
7405
7406
7348
7408
6
3937
7688
5849
7413
7414
7118
5783
1425
7418
7419
9299
2890
7765
5440
7755
9339
7415
7427
7428
8527
7430
7431
7432
7433
3265
944
6892
2826
6472
7439
7474
7910
7442
7443
9823
7445
7446
9098
7448
7449
7450
7451
7452
7453
7454
7455
7284
7457
4864
7459
7460
7461
7462
7463
7464
7465
7466
3438
7468
1251
2412
1753
7472
1033
7440
7475
7476
6436
7478
7479
7480
7481
7482
7483
3289
6320
7486
7383
2820
2462
7490
5524
7492
7493
1780
7495
8876
8567
7498
7499
4145
904
7502
9320
7504
7505
7506
7507
7508
7509
7510
4728
7512
9916
7514
5860
7516
2269
7518
8912
7520
5343
1411
7395
7524
7525
7526
7527
1589
7529
7530
8860
7532
7533
7534
4015
4541
4344
6217
7539
7540
1160
6699
4832
4750
6152
9449
7547
7548
2491
2133
9004
7552
7553
7554
6377
7556
6951
4576
7559
9948
7561
724
202
7564
7565
8732
7567
7568
9942
7570
6858
3086
370
7574
1640
7576
1015
9764
7579
7580
129
9116
7771
9711
7585
7586
7587
4397
7589
7590
348
2844
6121
7594
7595
7596
8432
7598
4160
7600
8505
7602
7603
1009
8744
5478
7607
1914
9297
7610
4492
9830
7613
7614
2609
7616
7617
3747
7619
7620
7621
7100
7623
7624
7625
7626
8339
7964
5531
5764
7631
4332
7633
7634
7635
7636
7637
7638
7639
8487
6443
1202
4838
7644
7645
5011
6005
9249
7649
7650
7996
7652
9919
7654
7655
7656
9610
7658
7659
3877
7661
2549
7663
7664
2167
7386
1106
7668
7669
7670
7671
2470
7546
7674
7675
7016
3664
1885
3999
610
3713
654
3211
7684
5274
7686
7687
4964
7689
7690
7691
367
745
1119
7695
2313
1375
515
6012
7700
7701
579
8054
8066
4150
7706
7707
1605
7709
7710
6210
7779
3776
7714
7715
7716
4469
7718
7719
7720
5892
966
9273
7174
4808
5961
7727
7485
7729
7730
3896
983
7733
7734
7735
1821
7737
3477
3387
7740
7741
1446
7743
4391
7745
7746
7747
3858
7749
7750
8691
7752
7753
7754
8353
7756
7757
4834
393
9804
9704
3465
2247
7764
3125
6473
2716
7768
7769
4203
592
2542
1845
1706
7775
4312
9519
7778
7712
7780
7781
5580
7115
2520
7785
7786
7787
7788
7789
3149
7791
7792
6228
6652
7795
7676
2125
7798
8703
7800
5836
1602
7803
5251
888
7806
7807
4205
7809
1129
7811
7812
7597
6915
4393
25
7817
7818
7819
8019
7821
7822
1803
7824
1276
7826
7827
3051
7829
4212
3167
9393
2710
6573
7835
7836
5160
1
7839
4481
7841
7842
2714
7844
7845
7846
7847
7615
3026
7850
7562
2455
1946
7854
7855
2564
9820
7858
7859
7860
754
3128
6422
4552
7149
7866
7867
7868
8737
697
8112
7872
7873
2433
1730
7876
7877
1618
8306
8769
4362
7882
1391
7884
8592
7886
7887
2955
4773
476
7891
2266
62
7894
7895
725
7897
7898
7899
7900
7901
2182
3765
7904
7905
7906
9550
9717
4451
7441
5428
7912
3982
7914
1844
7916
6082
6549
8842
692
7921
7856
9158
7924
2850
7926
7927
8612
7929
6382
8905
4056
7933
7934
7935
7936
2519
7938
7939
7940
1264
7942
5329
7944
7945
7946
7947
7948
6647
7950
7951
7952
8289
9432
8696
7956
7957
5280
7959
9140
2149
9123
7963
7190
523
7966
7343
7968
7969
7970
7971
5294
4450
7974
7975
6390
1546
7978
7979
861
953
7982
5354
7984
7985
2707
7987
9861
2770
4844
7092
7992
7993
8734
3864
6566
6315
7998
6929
7541
4907
8002
8003
2378
8005
8006
483
8008
6374
8010
8011
7280
5736
864
8015
8016
8017
1721
4243
6809
8021
8022
8909
5187
8025
5221
7045
2589
8029
5635
8031
9833
573
8034
8035
8036
8037
866
1651
6208
8041
8042
8043
2
7550
8046
8047
8493
3655
7064
8051
6017
8053
5269
8055
3510
317
4063
1181
8060
9513
4386
1205
8064
8065
2340
8067
7922
8069
8070
5665
8072
8073
8074
8075
576
8077
4544
8079
6654
8081
8082
7511
8084
8085
3775
681
8088
8089
6224
1351
8092
4017
5700
3668
6127
2347
8098
8110
8100
7977
7037
1487
8104
8105
8106
8107
6039
8109
8099
6865
6446
8595
2577
9067
7007
6846
6099
8119
8120
8933
8122
8123
8640
2038
8126
316
5223
8129
5507
3788
8132
8317
6032
8135
2830
5981
9746
8139
9705
8141
8655
7337
8144
8145
2391
7123
674
6881
7896
8151
5874
2898
2641
3654
2712
6014
8158
8159
8160
8161
482
8163
8164
6059
9207
8167
3181
8169
8170
8171
5906
9412
8174
278
8176
8177
7744
2953
8180
3797
8182
8183
9660
8185
8186
2903
4032
8189
8190
8191
8192
8193
8194
7105
4004
8197
8198
8199
8200
8201
8202
8203
2680
9401
8549
1274
7814
3894
8871
3630
8212
8213
8214
7862
4566
9570
30
4880
8220
8221
8222
8223
4349
2543
8226
8227
3515
8229
8230
1472
8232
8233
8234
2576
1460
8237
4014
8239
8240
8241
8242
8243
9560
8245
8246
8247
8248
8249
5222
8251
8252
3570
8254
3395
8256
709
8258
8259
3823
6139
4722
8263
4507
8265
6414
8267
9789
8269
6745
8271
8272
4006
8274
1090
8520
8277
6538
3946
1120
8281
8282
2893
8284
8285
3861
1693
8288
2503
2677
8291
2851
8293
8294
4988
4997
8297
8298
8299
8300
8301
8302
1169
8902
442
3152
8307
6442
8741
8310
3914
8312
8313
8314
8315
8316
3455
8318
8319
225
9559
5678
8584
8324
8325
8326
9993
9147
8329
8330
8331
8332
8333
8334
8335
8336
6900
6117
7627
8340
8911
3261
8343
8344
6798
1187
525
3147
6384
5084
8351
8352
7424
8354
8355
1857
8357
8358
1539
8360
8361
8362
942
5322
9362
3692
8367
9636
8369
9272
8371
8372
8373
8374
8375
6979
8377
8378
7090
78
8134
8382
8383
8384
8385
8295
8387
6805
8389
8390
8235
6290
6879
8394
3592
3825
8397
8398
8399
8400
6688
2537
8403
8404
8405
7291
6317
8408
8409
8410
8411
8412
8413
7849
3033
9261
1324
8418
7991
8420
8421
8422
8423
8424
8425
8426
1858
8428
21
8430
8431
4777
155
8434
1141
7758
8437
8438
23
8591
8441
6553
4883
8444
6987
8446
376
9790
8449
5229
8451
8452
8453
8454
8455
7382
8457
8458
8459
7469
8461
8462
8463
8464
8465
8466
8467
4634
8469
8470
8471
8472
7767
3480
8475
8476
6882
2672
3683
1096
1107
8482
8483
493
8485
8486
7640
2402
8489
4971
8491
5538
4749
8494
8495
8496
8497
8498
4313
8500
6794
8502
1891
8504
7467
5123
8507
9701
8509
8510
7477
8512
5984
8514
8515
8516
699
8518
8519
8276
97
8522
8523
8524
8525
8526
7429
9808
8529
2018
4189
8532
8533
8534
1824
8536
8537
809
3735
8540
8541
8542
8543
6590
8545
8546
8547
8548
8206
8550
2930
8552
8553
8554
5907
8556
3670
9218
8687
8560
8561
8562
8563
1437
2852
8566
8501
8568
8569
8570
8571
8572
8573
8574
8575
9847
321
8481
1865
8580
8581
5480
8583
7170
1541
8586
7344
8588
8589
9758
9048
7885
8593
7379
7157
8596
9568
2142
8599
1928
8601
8602
8603
5197
8605
9219
6749
3178
8609
8610
8611
600
8613
8614
7723
2860
8617
8618
8619
8620
8621
8622
1990
8624
8625
6011
7158
3018
8629
8630
8631
8632
3576
8634
8635
8636
8637
9363
7246
8124
8641
8642
8643
8644
8645
8646
2083
8648
8649
3245
1302
8652
8653
3230
8142
1244
8657
8658
8659
8660
8661
8662
8663
8664
9385
3212
2624
6620
8669
8670
8671
8672
8673
4574
8675
4498
1431
6541
8679
8680
1463
8682
8683
8684
1688
8686
8559
5086
8689
8690
8627
8692
8693
8694
8695
6958
6434
7233
8699
5527
8701
8702
7799
8704
8705
8706
8443
8708
594
8710
4179
3382
8713
8714
8715
8442
8168
8718
9407
8720
6992
8722
8723
3649
4560
8726
8727
419
8729
8730
1751
4142
7751
9682
788
9708
7869
6328
937
8740
8309
8742
8743
7605
8745
8746
8747
8748
8749
8750
8751
8752
8753
8754
8755
4130
8757
8758
6295
8760
8761
5558
8763
8356
8765
2128
5359
8768
7880
1314
5634
8772
8773
8774
3532
4376
8777
8778
8779
8780
4550
8782
8783
8784
8785
4707
8787
1230
8789
8790
8791
8792
8793
8794
8795
8796
6336
8798
8799
1304
8801
8802
8803
8804
8805
8806
3115
4102
8809
9818
8811
8812
9596
9467
1686
7823
8817
3548
8819
8820
8821
8822
8823
4886
6763
2220
4427
2403
8829
8830
8831
8832
8833
6788
9239
6918
8837
8838
4899
2733
8841
7919
4987
8844
8845
8846
8847
8848
7094
8850
2494
8852
1062
8854
9064
8856
9920
8858
6574
3949
6183
8862
8863
831
8865
115
8867
8868
9741
8870
8897
3813
8873
8874
8875
3938
220
8878
8879
8880
8881
8882
8883
8884
8885
2778
8887
8888
8889
8890
7032
6501
8893
8894
5376
3494
8210
8898
6263
6959
8901
8304
2157
8904
1575
8906
7763
8908
3826
2094
8341
3023
8913
7384
8915
2622
215
3214
8919
8920
8921
8922
5505
5338
8925
8926
8927
3933
8929
8930
8931
8932
424
8934
8935
1638
8937
9858
8939
8940
8941
8942
7119
8944
8945
8946
4879
8948
8949
8950
8951
5876
8953
4176
8955
57
8957
8958
8959
8960
8961
8962
8963
8964
8130
8966
8967
3447
8969
8970
8971
1039
8973
5612
6976
8976
8977
9578
8979
2058
7330
8982
2242
8984
8985
8338
8987
8988
9269
619
3119
7852
8993
8994
8995
8996
8997
914
8999
9000
901
5852
1065
7551
9005
9006
9007
6355
9009
6750
9011
43
458
2480
9015
5373
9017
9018
9019
9020
5314
9022
9023
1658
9025
9026
8697
8039
9029
4336
9031
7646
4938
7871
9035
2436
4151
228
9039
6054
2513
8843
8379
9044
1568
9046
9047
8440
9049
2511
9051
9052
9053
9054
9055
9056
4763
9058
9059
9060
5619
9062
9668
8855
9065
6795
1262
7041
9069
1897
9071
9072
2688
9074
9075
9076
9077
2640
9079
2880
5627
9082
9083
9084
9085
9086
9087
9088
9089
3635
4762
536
8899
9094
9095
9250
9598
7447
7401
9100
9101
2922
5671
9104
8439
9106
9107
9108
2633
1482
8231
9112
9113
9114
2186
7582
8771
9118
9119
3436
9121
289
2884
9135
9125
9126
9127
9975
9129
9130
9131
9132
3306
9134
6547
653
9137
9138
9139
9852
2373
9142
8857
6690
3272
9146
1221
6607
9149
9150
2784
7290
9153
9236
9155
9156
4283
7923
9159
9160
9161
9162
9163
9164
185
9166
9167
9168
9169
7915
2886
5793
9173
1933
558
9176
9177
5979
9179
7790
9181
6319
9183
111
9185
2295
9187
9188
9189
270
9191
3408
3699
6689
9195
9196
3869
1599
9199
9200
494
8851
5469
9204
9205
3549
8166
9208
9209
1748
9211
9212
9213
7682
4999
9216
9217
2246
9374
9220
6670
1569
3120
6494
1071
2216
9227
9228
2452
9230
9231
9232
8826
2659
9235
9154
9237
9238
9345
1896
5938
8040
4062
9244
9245
9246
5520
9349
945
9096
1825
86
5320
5023
9255
9256
9257
9258
6623
2975
8416
9262
9263
9264
9265
6555
3160
9268
8989
6269
4001
6517
6856
3980
9275
5236
6596
5259
3102
9280
6859
8290
6416
9284
8488
9286
9287
4064
9289
9290
9291
315
9293
9294
9295
9296
1936
9298
8057
9300
9301
9302
3929
6204
9305
5020
4621
9308
9309
9310
9311
4260
4809
8116
9315
9316
9182
6378
6877
7503
9338
4107
6308
1415
1380
9326
9327
6167
9329
2913
9331
9332
7693
7954
9335
9336
6524
1603
6997
9340
9341
9342
9343
9344
2202
9346
9347
9348
9248
4423
3695
4746
1417
9354
5932
4410
9357
3918
2840
9360
6919
9279
8638
9364
9365
9366
9367
2351
9795
9370
9371
9372
9373
8606
9375
9376
7673
9378
9379
6649
9381
9382
9383
9384
1112
8028
561
7967
4301
9390
9391
9392
400
9394
3978
9396
9397
700
9399
9400
8205
1727
9403
9404
7369
3818
2657
6327
9409
5096
6280
8173
9413
2485
9415
9416
6526
9418
9419
9420
9968
9422
1920
9424
2493
390
9427
9408
9429
9430
9431
606
5641
3493
798
2304
473
3054
553
9440
9441
6650
9443
5596
757
9446
9447
4542
4457
6233
6124
1648
9453
9454
9234
9456
9457
7748
1241
9460
7273
1084
3594
9464
9465
3766
3538
5142
9469
1310
4626
3308
4696
4955
7417
9476
9477
9478
9479
9480
7825
2957
6724
9484
9485
9486
9487
9488
9489
9490
9491
1470
1422
7228
61
2398
9497
9498
4619
9500
9501
2399
2337
8118
9505
9506
4230
9508
8393
6625
9511
4057
4218
9514
9515
9516
5290
9518
1307
9520
9521
9522
5082
9524
1836
9526
5310
8521
9529
9530
6245
9532
9533
9534
9535
9536
9537
9538
3179
9814
9541
9542
9543
5504
9545
5598
9547
9548
1261
1723
9551
9552
9553
9554
9555
9556
9557
5169
8321
9695
9561
9562
9563
9564
9565
6412
8756
8597
9569
9616
9571
9572
3065
9574
9575
5435
9967
9957
9579
9580
9581
9582
7196
5624
9585
9586
9174
1007
73
9590
4367
9592
9240
9594
3292
8178
1257
9714
9599
9600
9601
3719
9603
9604
9605
9606
261
5923
4754
5561
4003
9612
9613
9614
5293
6730
5677
9618
9619
9620
9621
2793
2428
9624
177
5181
9627
9628
9629
9630
9631
9632
7994
9634
9642
8368
9637
7612
9639
9640
379
2496
9643
6815
4635
5579
9647
9648
9649
9650
6662
1551
9653
4127
9655
9656
9657
9658
5339
8184
4872
9662
1450
4950
9665
9666
9667
2052
9669
9670
3842
1399
2336
9674
9675
6914
9677
9678
9679
9680
3095
5575
9683
4756
9685
9686
9687
7059
9689
1214
9691
9692
9693
9694
8244
3385
9697
259
7834
9700
8508
9702
9703
7761
2012
9706
3514
4547
3478
9710
1363
9712
9713
9097
9715
1490
7908
7364
9719
9720
9721
9722
8725
3393
6069
3468
9727
9725
9729
9730
9731
334
3633
2540
4966
9736
9502
9738
9739
9740
8869
9742
9743
9744
9745
2097
9747
4090
9749
9750
2598
7416
9753
6822
9755
9030
9757
8590
9759
7203
9761
5030
9763
487
5985
9766
7470
9768
9769
9770
9771
9772
346
9774
249
251
9777
9778
9779
9780
9781
405
9783
9784
9785
1291
9787
7698
8268
8448
9791
3278
7604
1111
4663
9796
9797
9798
9033
9800
9801
236
9803
7760
6361
949
9807
1772
9809
4557
9811
9812
9813
8907
9815
9816
8666
8810
9819
4485
9821
5983
3785
9824
9825
6406
9827
9828
9829
9638
9831
5166
8032
6738
971
9583
9837
9838
3259
9840
9841
1799
1194
2995
9845
9846
8576
9848
9849
9850
6199
6519
9853
9854
9855
3544
9857
1582
5936
8149
2937
9862
9863
9864
9865
9481
9867
9868
9869
4390
4583
59
399
9874
9875
9876
9877
9878
9879
9880
9881
4615
1152
9884
9885
9836
9760
9888
9889
9890
6747
9892
9893
2392
9895
9896
9897
6543
9899
8503
9901
2734
9903
7917
9905
4959
9907
9908
9909
9910
5242
9912
643
9914
1208
7151
9917
9918
7653
9143
9921
9922
9923
9924
9925
9926
9927
9928
1153
9930
9931
9932
3269
9934
9935
7647
750
3855
9939
5734
1547
7569
5349
1313
4378
1176
9947
7560
9949
1189
9951
4088
9953
9954
9955
9956
4147
9958
8143
9960
9961
7193
7300
6638
3623
9966
9577
5547
9969
9970
9063
702
5584
9974
9128
9976
9977
4816
9979
2825
9981
9982
9983
9984
9985
6159
9987
9988
9989
541
9991
9992
3307
9994
9995
9996
7199
9998
1281
3251
