5461
1985
3
5317
5
9027
7
8721
9
754
1903
7902
6884
3407
4155
6983
17
8312
19
8311
21
6350
23
24
25
5455
27
6000
4487
30
1656
32
9905
6417
35
3713
1680
2273
39
40
3846
42
43
6845
4760
46
47
48
7411
6321
51
52
2149
9980
55
4241
4223
58
7748
5133
61
2387
6466
64
65
7018
67
598
3374
5613
71
1527
73
74
3198
76
77
6057
4680
80
81
6375
4161
8980
85
86
87
2365
89
2643
2673
4240
26
94
9321
9313
1307
8724
6363
100
101
630
2194
228
105
6259
107
5402
109
4564
111
9023
113
3725
4904
116
9043
118
4900
9566
4777
7857
7848
3195
125
126
3506
128
1515
130
7821
664
4968
134
1264
136
8561
138
139
140
141
142
6032
144
145
146
3266
148
9862
7282
151
9902
153
154
155
6628
5204
3165
8146
3710
3510
162
163
164
3131
166
167
168
169
1824
171
5595
2727
174
5763
993
177
2775
1178
4399
181
182
2265
8718
185
7465
203
188
189
9535
191
16
5831
5817
195
196
197
3746
199
200
225
202
7090
204
4379
6198
5430
208
209
1275
4830
4914
6360
214
8028
216
2048
218
7738
220
2242
222
223
472
201
4816
227
104
229
230
6051
3136
915
6452
235
2750
6106
238
6306
240
241
242
243
1129
3577
98
247
248
5953
250
251
252
253
254
255
256
257
9379
259
5559
5218
262
263
264
265
266
267
722
6773
5105
7761
3901
273
1992
275
8143
277
278
1390
6272
281
282
3462
284
285
7825
3616
288
7220
290
291
292
2834
8611
295
7472
3115
298
299
1556
301
302
9238
7810
305
306
1446
308
309
6349
3869
8665
1965
3228
315
316
317
909
319
5022
8946
322
9879
324
792
326
1955
328
329
330
9690
332
333
334
787
336
337
338
339
3408
341
9123
7437
7118
345
346
347
7573
6358
350
4163
352
2393
1791
355
356
3215
358
359
4758
361
6635
363
1524
2260
366
367
8683
369
370
371
1887
373
374
375
376
377
378
1821
5465
2479
382
383
384
385
1232
2340
3799
6278
390
391
6003
393
394
395
396
8968
5744
9850
400
401
402
403
2528
4607
9233
1146
408
409
9691
411
412
413
414
415
9172
417
8600
9686
4772
421
422
121
3687
6439
426
427
428
429
430
431
432
433
434
3325
436
437
438
1864
440
5803
442
5929
7031
445
446
447
448
919
450
451
452
453
6660
6427
6854
457
9807
459
1730
2527
462
463
5447
465
466
467
468
469
470
9375
2109
9163
796
7243
857
477
478
479
6391
481
7569
483
484
485
2000
6251
488
9347
9500
491
9682
1585
494
7834
4896
5450
4218
8446
500
501
6815
5080
504
7694
506
507
508
509
510
511
1020
513
3345
515
516
9373
3437
2213
520
521
3308
523
524
525
7960
249
528
1538
530
9963
8663
533
534
535
536
537
8634
539
3818
541
7863
1415
544
545
546
697
3520
5794
550
551
7070
553
554
555
9824
4322
558
559
2871
6460
7481
563
564
565
5435
7615
5279
569
570
571
572
573
574
3503
9799
577
4207
7651
580
581
6027
583
8444
6195
586
587
588
589
590
591
9679
7957
594
595
596
4921
68
8126
600
4436
602
603
604
321
4328
7207
608
5567
3781
611
612
613
6875
3041
616
617
8752
619
620
621
8808
9007
624
625
626
627
7953
629
2274
631
5785
633
634
635
636
637
638
639
9476
641
642
643
6121
7240
4927
6040
8653
649
4430
2485
652
653
654
8273
656
657
658
659
660
661
8920
663
132
5512
8088
6166
9477
669
5094
671
8574
673
5395
675
676
7258
9330
532
7777
681
682
683
684
5919
5742
687
688
7892
690
691
5535
6371
694
695
7993
4219
698
3937
5005
11
7176
8545
704
705
911
707
708
709
710
711
8768
713
7003
8581
3636
3348
435
719
942
721
268
723
724
725
7133
868
728
729
730
731
7135
733
4714
6645
736
737
738
9815
3696
2045
742
2840
744
745
746
7116
5521
6248
7366
751
752
8026
10
7870
756
757
758
759
760
761
762
763
9112
765
766
7307
768
8128
496
771
772
7074
1823
775
776
777
778
1574
2318
2909
782
323
3523
1053
364
335
788
789
3328
9637
9703
4597
2888
795
474
797
798
6348
1084
801
2693
803
804
5602
806
9266
808
809
810
4580
812
813
2408
4081
5842
2487
8150
9332
820
7393
8105
823
824
8512
826
827
2498
829
830
6895
3769
9031
343
7006
836
9964
3251
839
4351
841
5364
843
2846
9274
5350
2852
3431
849
850
6998
852
853
1572
855
856
476
858
859
860
861
862
863
7401
865
1029
867
505
6197
6505
4066
872
3653
874
875
2838
7885
2724
879
6868
881
882
883
6893
3441
886
887
1408
7392
8786
891
892
6382
894
895
896
897
898
899
7734
901
902
903
904
905
906
3706
908
318
696
439
6073
913
8305
4508
9049
917
918
2589
920
2119
7845
923
6109
9852
926
927
2855
929
5086
931
7068
5589
5139
8520
936
937
8009
6250
2502
941
720
943
944
945
946
7818
948
1487
950
4098
1697
3930
9421
1002
956
957
3889
221
960
961
962
1573
964
965
966
967
4301
5927
9542
971
972
1896
974
7793
4417
93
978
979
4473
1544
982
983
984
1370
8496
7746
9988
7881
990
9873
992
176
8035
8257
685
6162
998
999
2231
9381
7340
1003
8927
8398
7691
1007
6489
1009
1010
1967
1012
3999
7478
5494
1016
5684
1892
1019
512
1021
1022
1023
7497
1025
1026
1027
1327
6556
1030
1031
8356
1033
1034
1035
1036
1037
12
2648
1040
4887
1545
1043
6803
1045
2681
5809
1048
8215
1050
1094
1052
785
7296
1290
5750
8585
2322
1662
8799
3965
4149
1063
1064
9744
1483
3933
9775
1069
518
1071
1072
1073
1074
1075
1076
1077
6454
6476
9448
179
7755
1083
2559
1085
1086
6366
8119
1089
1090
1091
4935
1093
1051
1514
3157
1097
1098
7785
8569
1101
8710
1103
1104
1105
7887
1107
1108
1109
607
9754
584
7287
1934
1115
1116
4667
1118
1119
1120
1121
1122
1123
1124
1125
1126
1127
1128
244
1282
6326
1132
7297
1134
1135
1136
1137
1138
1139
1140
5930
1142
1143
1144
1145
8854
4814
9247
8072
1165
3774
1152
1153
949
1155
1156
7704
1158
7149
1160
1161
5792
1587
1164
1150
6530
1167
6034
4131
1170
6940
8403
1173
1174
1175
1176
1177
1081
1179
1180
1181
1182
1183
1184
8489
1186
8800
8006
837
1190
8696
1192
1193
1194
1195
1196
3026
1198
1199
1200
1201
1202
718
1204
1205
1206
1207
4143
5659
7878
1211
1417
2057
1214
7372
1980
2588
1218
5672
1220
1221
1222
1463
1224
7051
4649
9272
7983
1229
8519
1231
2635
5155
548
8137
6929
1237
1238
2766
6908
1241
2228
1243
1244
8198
1246
1247
1248
1249
1250
1251
1252
1253
5583
1255
8379
1257
1258
9527
1260
1261
4540
1263
135
1265
3663
1267
3079
2704
1669
1271
1272
1273
2960
210
1276
1277
1278
1279
7824
1281
8397
1283
8960
1285
3147
1287
8541
1289
1055
6899
1292
1293
2713
6152
1296
8340
1298
1299
1300
3538
1302
1303
1304
9387
5217
175
1906
2757
8282
1311
747
1313
1314
1315
5137
1317
1318
5002
9825
1321
1322
1323
1324
1325
6820
1028
1328
4009
1330
6952
2753
8338
8897
4700
5178
9784
1338
3920
1340
2639
6332
1343
1344
8005
1346
1347
5970
1349
1350
1351
1352
1353
1354
1355
1356
1357
4811
3000
9626
1361
1362
9961
6935
1365
1366
1367
1368
4852
985
1371
1372
1373
7065
1375
1376
1377
1378
1379
1380
3032
1382
5127
1384
1385
1386
1387
1388
2147
816
7511
8437
952
4318
2915
7198
4260
2739
1399
791
1401
1402
9065
7817
1405
1406
1407
2623
1409
1410
1411
7009
1413
1414
8945
1416
8366
7187
5682
9986
3707
1422
1423
842
1425
1426
5433
2533
1429
1430
1431
1394
1433
1434
5550
1436
1437
1438
1439
1440
1639
1015
1443
1444
1445
307
8538
4721
206
1450
5361
4215
5862
1228
6954
1342
1457
1458
8777
3842
7054
1462
7270
1374
1465
1466
5020
1468
1469
1470
6711
1472
1473
1474
1475
1476
1477
1478
6351
7052
1481
1482
8034
2740
1485
1486
1154
1488
1489
7161
9235
1492
1493
1494
1495
1496
1497
6052
1499
1500
410
1502
1503
1504
1505
7782
1507
1508
9975
1510
1511
2161
1513
1095
6541
6882
1517
5151
1519
1520
1521
8486
1523
2483
5922
8003
4608
7127
6704
6123
1531
1532
1533
7762
1535
1536
1537
4032
1539
3504
7250
9223
1543
8436
6390
7167
1547
1548
1549
1550
3900
1552
5047
1554
1555
4525
1807
1558
4231
1560
8895
3372
1563
1564
4500
1566
1567
1568
1569
1570
8888
8594
6513
4906
1679
1576
1577
1578
3988
1702
3874
1582
1461
6953
493
1008
1163
647
1589
1590
1591
1592
1593
1594
1595
1596
1597
1598
1599
1600
4222
1602
2474
3385
8432
1606
1607
1608
8320
1610
9727
9361
3252
5626
2995
1616
1617
6729
1659
1620
1621
1622
3613
1624
522
1626
1627
1628
1629
6583
7650
5573
1633
1634
9355
3235
1637
3848
4440
1640
1641
1642
5806
7260
1645
1646
1647
6330
6201
1018
1651
3357
703
6299
1655
4833
4144
3814
1619
1660
1661
1059
1663
2992
7521
1666
1667
1668
1270
5574
1671
1672
8125
8471
1675
5622
9922
1678
1868
4612
1681
1682
4406
3765
1685
1686
1687
5057
1689
1690
1691
1692
4172
2826
1695
1452
2021
1698
1699
7189
3693
1580
1703
1704
6794
1706
1707
1708
1709
6839
5172
1712
1713
1714
1715
2655
7152
5059
7063
9335
1721
2112
9149
1724
1725
1726
1727
1728
4784
6681
4080
1739
1733
1734
1735
1736
1737
1738
1732
1740
1741
2063
1743
1744
1745
1746
1747
1748
1749
1750
1751
4238
1753
1754
78
6730
1757
1808
1759
3303
1761
1762
1763
4107
1765
5843
1767
7450
8674
5135
7715
1772
1773
1774
3597
1776
1777
1778
1779
1780
1781
1782
1783
1784
1785
741
1787
5634
1789
1790
386
1792
1793
1262
1795
6294
1797
1798
1799
1800
1801
1802
1803
1804
1805
405
7708
6056
1809
1810
1811
3402
1813
1814
8189
3281
1817
6229
1758
1820
5892
1822
5025
7713
1825
1826
8121
8387
4014
5537
4749
4329
8687
1834
1835
1836
7005
8281
1839
327
4265
1842
3463
1844
486
8952
1847
8934
1849
1850
8791
1852
1853
1854
8039
7952
1857
1858
7218
1860
991
1862
1863
4390
1865
1866
1588
6555
1869
1498
1871
3622
1873
6814
1875
1771
1435
1878
8914
5207
1881
1882
1883
1884
1885
1886
372
1888
9251
7346
9195
1650
1893
1894
1895
9034
4825
1898
1899
1900
1455
8155
8761
1904
1905
5157
194
4702
1909
1910
1760
1912
1913
1914
1915
1916
1917
1918
5958
1920
7918
1922
1923
1924
1925
5029
1927
1928
1929
1930
1931
1932
7959
1114
2823
1936
1937
1938
1939
1940
1941
2359
1943
1944
1945
1946
1993
1948
1949
8488
9218
970
1953
1954
1840
1956
1957
1958
1959
1960
1961
1962
1963
1964
313
1966
2083
1968
6356
1970
1971
1972
388
5032
2719
6768
5387
4596
1979
1203
1981
6011
3843
108
2
2562
1987
9842
1989
8944
1991
5815
1947
1994
8783
8381
1428
1998
4298
8307
2001
5813
2003
2308
5506
2006
2007
2008
2009
8112
2011
2012
7552
1879
2015
3794
2017
5536
2019
2020
1393
2022
9700
2018
2025
924
2027
8460
2029
2030
2031
2032
2033
7061
5199
2036
2037
2038
2039
9864
2041
2042
2043
7246
1786
2046
6758
3355
3808
2050
2051
2052
1648
2054
2055
2056
1213
5041
3762
2060
5173
2062
1088
2064
2065
2066
2067
2068
2069
2070
2071
2072
4989
2074
7823
2076
2077
2078
2079
9152
3617
5474
1011
1861
2085
2086
2087
2285
83
2090
2091
2092
2093
2094
2095
2096
9609
2162
2099
2100
2101
3364
2103
925
2105
2106
2107
2108
4730
3729
2111
1722
2113
2114
2115
2116
2278
8100
1442
2120
2121
8670
2123
8069
2125
3574
2127
2128
2129
1404
2131
2132
2133
2134
2135
2136
2137
2138
2139
2140
2141
2142
7072
2144
2145
2146
1389
75
4434
2150
2151
6522
3670
2154
7303
2156
4693
2158
4894
2130
1512
5121
2163
2164
2165
2494
781
2168
2169
2170
5056
2172
2173
2174
2175
2176
4217
6762
6697
2180
2181
2182
2183
2184
2185
2186
7582
2188
5544
2190
2191
2192
9745
4137
2195
1978
2197
2198
7109
2200
2201
4752
2203
3980
2205
1082
6622
2208
5339
2210
2211
2212
5142
7408
5191
2216
3860
2218
4354
2220
4997
2222
9764
2224
2225
9739
2227
1242
2229
6638
7213
2232
2250
2234
2235
9048
6213
2238
2239
7322
2241
959
8948
7123
2245
5818
2247
8115
5957
8872
2251
9718
8102
2254
2255
2329
2257
2258
2236
6462
3094
2262
4135
2264
183
2266
2267
3167
2269
2270
6913
2272
38
102
2275
2276
2277
5886
2279
833
2281
2282
5640
2284
1719
2286
2287
9610
2289
2290
2291
6614
2293
2536
9949
2296
2297
2298
2299
6602
2301
9160
3301
2304
1908
2306
2307
4929
2309
2310
2311
2312
2313
2314
6824
5787
2317
780
3816
2320
2321
1058
2323
2324
2325
4016
2327
2328
7555
2330
2331
2332
2333
632
2335
9722
2337
8256
4392
387
3525
5428
2343
4323
2345
2346
2347
4572
1995
7361
7464
2352
2353
2354
2355
7107
2357
2358
1942
2360
2361
1212
2583
2364
88
2366
2367
2368
2369
2370
2371
9277
4345
2374
2375
2376
2377
2378
4191
2380
187
2382
6496
9340
2385
2386
9737
2388
2389
2390
8608
2392
353
2394
1694
2396
3572
3072
2447
9037
2401
2402
8233
9995
2405
7712
2407
814
2409
2410
6577
9721
2413
2772
1653
2416
2417
2418
2419
2420
2497
2422
2423
2424
2914
2426
2427
2428
4507
5571
2431
2432
2433
112
2435
9010
2437
2438
9907
2440
2441
2098
2443
2444
2445
2446
3137
8266
2449
2450
5169
8517
2453
9245
2455
2456
2457
2458
2459
2460
1208
2462
8247
2464
2465
2503
2467
2468
2469
2470
2471
4782
1046
9064
2924
2476
7624
2656
381
9158
2481
2482
8392
2484
651
2486
2349
2488
2489
6623
2491
7362
2493
2166
2495
2496
2421
828
880
2500
2501
5422
2466
2504
2505
2506
2507
2508
5978
8076
2511
7482
2513
2514
2515
9790
8852
2518
2519
6567
2521
2522
8343
2524
2525
8123
2841
404
2529
2530
3632
2532
1997
4213
2535
2294
2537
2538
2825
8949
4808
3864
2543
2544
2545
2546
5711
2548
2549
2550
8988
2552
1412
2554
2555
9104
2557
2558
800
2560
2561
3231
2563
8160
3850
2566
2567
2568
2569
2570
3264
2572
2573
1099
8513
2576
2577
9860
2579
9307
9396
6785
7669
2584
2585
2586
9363
1217
5365
7968
5235
2592
389
2594
8018
6601
4960
2598
4146
7245
2601
2602
8498
2604
2605
2606
2607
2971
9793
9320
2611
2612
9653
2614
5645
2616
2617
2618
2619
4128
9917
2622
888
2624
2625
2626
4139
2628
2629
2630
2631
2632
2633
2634
2647
2636
2637
2638
8626
2640
2641
2642
90
2644
2645
1454
354
1039
2649
2650
2651
2652
7409
6267
5505
2478
2742
4917
568
4548
4631
2662
3528
2664
4400
1872
2667
2668
2669
2670
2671
5434
91
8782
2675
7319
2677
2678
2679
2680
2473
2682
2683
2684
2685
2686
2687
2688
2689
2690
3821
2692
6208
2694
2695
9791
2697
6576
2699
2700
8414
2702
2703
5656
7764
2706
2707
2708
3386
2202
2711
2712
8772
5164
2715
2716
2717
2718
1975
7792
2721
5723
2723
4104
2725
2726
7706
5879
2729
2730
2731
2732
6459
2734
2735
2736
4819
5658
1731
4942
149
5549
2743
2744
3949
2118
3048
2748
2749
236
2751
2752
6658
4257
2755
2756
1309
2758
6673
2760
8253
2762
6980
7687
7756
7049
2767
2768
2769
2770
2771
1571
9974
7276
8433
4251
5206
2778
2779
2780
7621
2782
2783
2784
8318
2786
2787
2788
2789
3236
9408
29
8383
2794
5268
2796
2797
1643
2799
6695
2801
2802
2803
8788
2805
2806
2807
8715
2809
9206
2811
2812
2813
2814
4479
4550
2817
4513
2819
4691
5503
6290
7886
7998
4481
4805
1420
2828
9226
2830
8697
2832
2833
271
2835
2836
2837
6905
2839
6561
461
7572
9342
2844
2845
844
2847
2848
2849
2850
2851
847
2853
2854
5285
2856
2857
2858
3508
4684
4558
7877
3057
9666
7404
7247
2666
9570
2595
2870
8474
2872
2873
8289
2875
9286
2877
2878
2879
2880
2646
2882
3468
6759
2885
2886
2887
8195
8057
2890
7742
2892
2893
2894
2895
2896
2897
6524
3398
5372
2901
9180
2903
2904
4290
2906
2907
2908
2167
2910
2911
6342
2913
2425
1395
2916
2917
9612
2919
2920
1742
2922
9530
2475
2925
2926
2927
2928
2929
2930
499
699
2933
2620
2935
2936
2937
3073
8654
2940
6869
2942
2943
6172
2945
2946
2947
2948
2949
6144
2951
2952
2953
5312
2955
6799
2957
2958
2959
5514
5967
2143
2963
2964
2965
2966
2967
2968
2969
2970
2608
2972
5552
1890
6297
2976
2977
3484
2979
2980
8321
4704
2983
9733
2985
2986
2987
2988
2989
2990
2991
6239
6383
4233
1615
2996
3825
2998
7060
1358
988
3002
1851
3004
3005
8495
3007
3559
4809
1000
3011
8416
6384
7618
5031
3016
1711
3018
2565
3020
3021
3022
3023
3024
3040
1197
7947
3028
9288
3030
3031
1381
3033
3034
9336
3036
3037
3038
9875
7010
2248
3042
3043
3044
3045
3046
3047
3256
1080
1316
3205
3052
531
3054
6319
3056
6531
3058
3327
7571
8972
9562
3063
3064
3065
3066
6193
3068
4626
3070
3071
2398
2938
4052
9004
3076
940
3078
8406
3080
9092
3082
1449
3084
3085
5007
3087
3088
3089
3090
3091
1528
3093
2261
3095
3096
7343
3098
4729
9894
3101
9742
3103
3104
2808
8084
3107
3108
3109
7238
3111
3112
3113
3114
297
3116
7426
1752
3119
3120
3121
1664
3123
561
3125
3126
3127
3128
3129
3130
3529
3132
3133
9140
3135
232
4462
3138
3139
3140
3141
3142
3143
3144
8974
3146
1286
3148
3149
3150
9118
678
3153
3154
3155
3156
2556
3158
7505
6089
8978
3162
3163
3164
158
9096
4088
3168
4893
3170
3171
3172
3173
3174
3175
3459
3177
3178
3479
2252
70
1976
9650
3184
6124
3186
3187
9029
4426
3190
3191
2899
6752
7332
7283
4931
3197
8838
3199
3200
3201
3202
3203
3204
3051
3206
3207
3208
3209
2153
3211
5048
4492
2774
357
3216
9105
2406
3219
3220
3221
3222
3223
9724
3225
3226
3227
3657
3344
3230
8681
5120
3233
889
1245
8014
3237
3238
3239
9430
3241
8144
3243
3244
3245
443
3247
3248
3249
3403
7700
1613
5600
3254
3255
2747
7597
3258
9569
3680
3261
8917
5099
2571
6308
4193
3267
5655
3269
3270
3271
4867
9244
3274
3275
3276
3277
5417
226
8293
9874
9877
3283
3284
3285
3286
3287
5607
8536
3290
3291
3292
3293
3294
3295
3296
3297
6982
3299
3265
9030
3302
5424
3304
3305
3306
3307
69
3433
5524
3311
3312
3313
3994
3315
3316
3317
3318
3319
3320
3321
5084
3323
6087
6145
3326
3059
790
3329
8409
34
3332
2793
7899
7474
3336
3337
3338
3339
5864
3341
3342
750
3229
514
3346
3347
7309
3349
3350
3351
3352
3353
3354
9012
3356
1652
3358
7456
3360
6093
3362
1636
2102
3365
3366
173
8816
3369
3470
3371
1562
3373
1625
3375
3376
3377
6122
3379
3380
3381
7269
9564
3384
1604
2709
1223
3388
3633
3390
5310
7345
2510
5663
3395
6563
3397
6430
9633
4471
3401
9427
6313
3404
8672
342
9444
340
3409
3410
3411
3412
3413
3414
5547
3416
3417
3418
3419
8259
3421
3422
4579
3424
3425
4099
3427
6368
5431
9002
6603
3099
3309
3434
7436
3436
1070
2472
3439
3440
3701
3025
9944
3444
3445
3446
8200
3448
4421
6962
3451
9494
9227
3454
3455
3367
3457
7795
3176
4242
3461
6046
8239
2379
3465
3466
4102
3469
2883
3370
7545
7211
3473
6883
3475
3476
3477
3478
4425
3480
3481
3482
3483
2256
3485
5868
3487
6684
3489
3490
3491
3492
3493
3494
3495
3496
3497
3498
3499
3500
7493
3502
575
1540
3505
2434
3507
2859
2574
161
5126
8341
3513
3514
3515
8167
2993
3518
3519
1234
3521
3522
8651
3524
5705
9463
3527
2863
6686
3530
3531
3532
5605
8529
3535
6219
3537
1301
3539
3540
3601
3542
3543
3544
3545
8739
3547
3548
7962
2745
3551
3552
7055
8501
3555
4757
3557
2206
3008
3560
8704
6737
3563
3564
3565
3447
7942
3568
3569
3570
3571
2397
3573
2126
3575
8275
3053
3578
3579
3580
3581
3582
6302
3584
3585
3586
3055
3588
3589
3590
701
3592
3593
3594
3595
3596
1775
4387
7386
3600
6515
3602
3603
7859
9757
7461
3935
3608
6717
3610
3611
3612
5341
3614
3615
287
2081
3618
3619
4001
503
6551
3623
3624
3625
3626
3627
3628
3629
3196
3631
2531
605
3634
3635
8096
3637
3638
3639
489
4557
3642
5921
3644
5852
3646
3647
7583
7263
8219
7524
3652
36
3654
3655
3656
314
3658
3659
3660
3661
3662
1729
3664
3665
3666
5692
3668
3669
4428
3671
9157
3673
3674
963
3676
3677
3678
3679
5644
8174
3682
3683
3684
3741
3686
424
3688
7671
3690
3691
3692
1701
8985
2676
740
3697
3698
3699
6964
885
3702
3703
3704
5625
907
5326
3708
3709
362
3711
3712
6934
3714
3715
3716
7802
3722
3719
3720
3721
3718
3735
3724
114
3726
8822
3728
2110
3730
7729
3732
6125
3734
3723
3736
3737
4954
3739
3740
3685
3742
7588
3744
3745
6015
739
3748
3749
3750
3751
3752
9432
4744
3755
3756
3757
8380
8842
3911
3761
2059
6707
9756
6648
3766
3767
4388
832
3770
3771
3772
7627
1151
3775
3776
3777
3778
3779
3780
7507
3782
3783
3784
3785
7271
3787
8095
3789
4480
4521
3792
4664
2016
8678
3796
3797
3798
1973
3800
3801
3802
3803
7053
3805
3806
3807
4120
3809
3810
3811
9323
3813
1658
3815
2319
3583
693
5366
3820
2691
3822
3331
3824
4456
8602
3827
3828
3829
7155
3831
2124
1623
3834
9592
9305
8216
6084
3839
3840
3841
1460
1983
3844
3845
41
3847
6885
3894
7595
3851
3060
3853
3854
6600
3856
3857
3858
3859
9382
9409
3862
1191
6632
95
157
3867
3868
311
3870
3871
3872
10000
1333
3875
9346
3877
3878
3879
4282
848
3882
3883
3675
3885
3886
8080
3888
8830
3890
3891
3892
3893
6847
3895
3896
8284
6744
3899
1551
272
7592
5144
6131
3905
6994
3907
8707
3909
3910
3760
9519
6048
3914
3915
3916
3917
3918
3919
1339
3921
3922
3442
3924
3925
3926
9833
3928
3929
7905
3931
3932
8609
3934
3607
9863
9061
9362
5049
3940
3941
3942
3943
3788
3945
3946
8525
3948
8898
8867
280
1269
3953
3954
3955
3956
3957
9760
7855
3960
3961
9997
3963
3964
8221
3966
3967
3968
3969
1766
3971
3972
7787
3974
4912
3976
3977
3978
3979
2204
3981
3982
3983
5765
5278
3986
3987
1579
3989
3990
3991
3992
3993
3314
3995
3996
8976
3998
5877
4000
279
4002
4003
4004
6253
4006
6370
4008
1329
4010
4011
4012
4013
1829
4164
2326
5901
4018
4019
3819
4021
4022
5166
4024
4025
8603
4027
4028
5499
1819
4031
8565
4033
4034
4035
6750
4037
4038
4039
7955
147
4042
4043
4044
3122
4046
4307
4048
4049
4050
4051
3074
7910
4054
1484
4056
4057
4058
9102
4060
4061
5082
1630
4064
4065
871
4067
9259
4069
4070
4071
4277
4073
4074
4478
4076
4077
4078
4079
1398
5526
8445
4083
4988
7539
490
4087
7543
4089
4715
5743
4092
4093
4094
9044
4096
4097
7683
3426
2404
4101
6559
4103
878
4105
9614
1764
8965
4109
7080
4111
4112
4113
3536
4115
4116
6669
4509
4119
3280
4121
7559
5748
4124
4125
7355
4127
9763
4129
4130
1169
4132
4871
103
2263
4136
3984
4138
6078
4140
4141
4142
2461
1657
4145
2599
4147
4148
368
6070
9731
4152
4153
4154
4490
4156
4157
4158
4159
4160
2089
4162
7767
6924
4165
935
4167
4168
4169
4170
1239
4393
8365
4174
4175
4176
4177
4178
4179
9992
4181
6949
4183
4184
4185
2097
4187
4188
4189
4190
6086
4192
1396
4194
4195
4196
4872
4198
4199
4200
4201
4202
4203
4204
4205
4206
9765
5553
4209
4210
4211
4212
7558
4214
7440
4216
2177
498
2962
4220
4221
6288
2509
4224
4225
4226
4227
5262
6536
4230
4493
4232
2994
4234
4235
4236
9153
3118
8280
92
8047
6771
4243
4244
4245
1874
4247
6608
4249
4250
2776
9045
4253
4254
4255
137
7293
4258
4259
1397
4261
6269
4263
4264
1841
9602
4267
4268
4269
8373
5542
5239
4273
4274
4275
4276
2815
4278
7619
4280
4281
7530
4283
4284
4285
4977
4287
6031
4289
8767
6933
6698
4293
4294
8694
4296
5114
5296
4299
4300
968
4302
4303
4304
4305
4306
2082
4308
4309
4310
4311
9675
4313
4314
4315
4316
4317
8390
5452
4320
7786
557
9936
5897
4325
4326
4327
2720
4110
4330
4331
5814
9013
6063
4335
1288
4337
4338
8166
4340
5646
4342
4343
9667
1480
4346
4347
9903
2373
4350
840
7861
4353
8757
5095
4356
4357
8640
4359
4360
4361
4362
5363
4364
2822
4366
4367
4368
4369
4370
610
4372
9590
4374
4375
4376
4377
8823
5561
4380
4381
4382
4383
4384
4385
4386
5984
2542
4389
706
4391
3747
1693
4394
1716
4396
1565
1297
180
5709
4401
4402
6049
4792
5807
2334
4407
7586
4409
5130
4411
4412
4413
4414
6022
5102
3556
258
4419
4420
3449
7681
4423
4424
97
7416
4427
7622
4429
6691
4431
4432
4433
53
4435
601
8619
4438
4439
748
4441
4442
4443
4742
4445
4446
4447
4448
4449
9928
4451
4694
4453
4454
4455
2997
4474
9190
4459
4460
2073
2399
4463
8395
1768
4466
4467
4468
6007
4470
2981
4472
980
7209
4475
4476
4477
9178
4759
3790
7589
4482
4483
4484
3017
9341
9253
4488
4489
2587
4491
9872
6900
4494
4495
4496
4497
4498
4499
2777
4501
4502
7736
8107
4505
4506
325
5917
6149
4510
4511
4512
2013
4514
4515
4516
4517
4518
4519
7451
3791
4522
4523
7106
7166
5912
4527
4528
8645
4530
4531
9209
4533
4534
5109
4536
8157
9215
4539
4756
4541
482
4543
7480
4545
4546
4547
245
3759
2816
4551
4552
9901
4554
2600
4556
3641
2861
4559
4560
4561
4562
4563
110
4565
5745
8264
4568
3394
4570
4571
2348
4573
4574
4575
4576
4577
4578
6565
811
4581
7449
8133
4584
4585
4586
4587
4588
4589
4590
4591
4592
4593
4594
4595
2196
3823
7930
9414
4600
4601
4602
7871
4604
8719
6789
9890
72
4609
4610
4611
2395
2005
4614
6731
4616
4617
8666
4619
4620
4621
4622
6416
8955
4625
3069
5103
4628
4629
4630
3599
4632
4633
286
4486
4636
4637
4638
4639
4640
4641
4642
184
4644
4645
4646
4647
4648
5762
4650
8108
7259
5018
4654
4753
2984
4657
4658
4659
1227
3335
4662
4663
207
4665
4666
1117
9442
4669
4670
4671
2810
4673
6058
4675
4676
6988
4678
4679
79
3793
4682
4683
2860
4685
4686
8199
4688
3923
6247
2820
2905
3169
3035
674
1491
4697
4698
4699
1335
1951
1336
4703
3450
9840
4706
4707
4708
4709
4710
4711
4712
4713
152
4090
3438
4717
3838
4719
4720
1448
4722
4723
4724
4725
4726
4727
4728
2867
224
4731
4732
2790
4734
7976
4736
6115
4738
6760
4740
4741
9521
4743
3754
9605
4746
4747
4748
1171
59
4643
5829
7421
4754
233
3768
8684
9792
4072
45
4761
4762
4763
8060
4765
4766
4767
4768
4769
4770
9625
9929
4773
4774
4775
4776
423
6176
4779
4780
4781
1683
4615
7750
4785
4786
4787
5816
4789
4790
9583
4404
9871
4794
2876
4796
4797
4798
4799
4800
4801
5956
4803
4804
7139
3927
6268
6352
8929
7387
6687
4812
4813
1147
2658
3279
4817
4818
2737
4820
4821
4822
5942
4824
1897
7044
4827
4828
6004
211
7832
4832
31
4834
4835
4836
4837
4838
4839
4840
9529
3558
4843
4844
4845
1670
4847
6770
8572
4850
4851
1369
4853
4854
4855
4856
5068
8359
4859
4860
9025
5104
4863
8323
7137
1062
3272
4868
4869
4870
4133
5288
4873
4874
6518
4876
9668
2014
7925
217
4881
4882
4883
4829
4885
7540
9192
6634
4889
4890
4891
3546
2157
2159
6177
8644
4897
7684
4899
119
4901
4902
8711
7281
4905
1561
4907
4908
4909
4910
4911
6986
123
212
4915
2661
4815
4918
4919
4920
1837
4922
4923
4924
4925
4926
9528
4928
9299
4248
9322
2764
9109
4934
1092
8147
4937
5516
4939
4940
4941
4055
4877
734
2866
4946
3681
4948
4949
4950
4951
4952
1326
3738
4955
4956
7311
4958
7590
5024
4961
4962
7225
4964
4965
4966
4967
133
2842
4970
5216
4972
4973
4974
4975
4976
4286
4978
1614
4980
4981
4982
4983
4984
4985
4986
4987
6938
7749
4990
4991
4992
4993
4994
4995
6728
2221
4998
3061
5000
5001
1141
7897
8573
6033
5006
3086
9089
6289
5010
5011
464
5013
5014
5015
5016
5017
4963
5019
9417
159
9300
270
2597
774
5367
5027
5028
9039
6788
3015
1974
6153
6199
5035
5036
5037
5038
5039
5040
2058
1112
5043
5044
5045
5046
1553
3212
3939
5050
5051
5052
5053
5054
5055
2171
6825
3029
5418
8050
5061
5062
7496
5064
5065
5066
5067
7100
5069
5070
5071
5072
5073
5074
8209
5076
5077
5078
5079
9781
5081
4062
5083
3322
5085
9937
5087
1990
5089
1032
5091
5092
5093
670
4355
5096
5097
5098
3263
5100
5101
4416
4627
4862
9533
5106
8186
8887
5306
5110
5111
5112
7731
1284
5115
5116
5117
5118
9329
3232
9051
5122
5123
6961
8038
5541
5865
5128
5129
4410
5131
5132
60
5134
7032
9213
3050
5138
9390
5513
5141
519
5143
3903
5145
5146
1215
5148
4538
5150
7154
5152
7961
7023
1233
4544
7029
5158
5159
5160
5161
5162
5163
4030
5165
4023
5167
5168
6002
5170
5171
8389
2061
5174
5175
5176
5177
6157
3161
5180
5181
5182
5183
5184
5185
5186
5187
5188
5189
5190
8214
5192
5193
6412
5195
5196
5197
5198
2035
2710
5201
5202
5203
3866
5205
4397
1880
5208
5209
2978
5211
5212
4228
5214
4888
9050
1306
63
8191
6941
9337
5222
2268
5224
8630
5226
7609
5228
5229
5230
5231
5232
5233
5234
2591
5236
5237
9550
6838
5240
5241
4408
2773
5244
5245
5246
5247
5388
9855
1308
5251
5252
5253
5254
5255
6362
5257
7233
5259
5260
5261
2603
5263
5264
5876
5266
5267
9776
5269
5270
5271
5272
5273
5274
969
5276
8237
3049
1612
5280
5281
5282
5283
5284
7847
6312
5287
9142
8617
5290
5291
5292
5293
5294
5776
7949
5297
8369
5299
5300
5301
5302
5303
5304
543
4535
5307
5308
5309
4892
5311
2954
5313
5314
5315
5316
4
5318
5319
5320
7458
5322
5323
5324
5325
1421
5327
5861
5329
5330
5331
5332
5333
5334
5335
5336
7126
9783
2209
5507
7085
5342
5343
5344
9028
5346
5347
5348
5349
846
5351
779
4690
5215
5355
5356
5357
5358
5359
5360
9268
6085
4363
6064
449
28
5026
7316
5369
5370
5371
2900
5373
3567
7732
5376
6107
5378
5379
7071
5381
5382
5383
6041
5385
5386
1977
5248
5515
4705
5391
8118
5393
5394
2053
5396
5397
5398
5399
8744
5401
1984
5403
5404
5405
884
5407
5408
5409
5916
5411
4802
5413
5414
5795
1230
9636
1718
5419
5420
7722
3077
5423
1911
9490
5426
5878
2342
5429
4681
3330
5432
1845
2672
566
5891
8111
5438
7078
5440
5441
834
5443
6127
5445
5446
9664
5448
8101
497
9640
4319
5453
5454
7843
5456
1447
5458
487
5460
1
3181
9057
5464
380
5466
5467
5468
5469
5470
5471
6918
5473
4047
8228
6516
6367
7197
5479
8364
4229
5482
8330
5484
5485
1024
5487
5488
5489
5490
5493
5492
4916
753
6303
7466
5497
5498
7703
5500
5501
5502
2821
4953
4395
665
4026
5508
5509
1684
5511
9856
5140
1274
5517
320
5389
5518
5665
5520
6578
5522
7248
3310
5525
815
5527
5528
5529
5530
8113
5532
6130
5534
692
7027
1830
9887
5539
5540
3511
4271
5543
2189
5545
5546
3415
5548
2657
977
5551
2973
4208
5554
5853
712
5557
5558
1331
5560
205
5562
5563
5564
5565
5566
609
5740
5569
5570
3253
5572
1632
4846
5575
5576
5577
6225
5579
3100
5581
5582
527
9970
5585
5586
5587
7851
8348
5590
5591
4085
9861
5594
172
5596
6410
9348
5760
2430
5601
3541
5603
5604
3533
5606
8515
5608
5609
5610
6544
5612
5462
5614
5615
1518
5875
5618
7956
5620
5621
1676
5623
987
3705
4979
9130
5628
5629
5630
5631
5632
5633
1788
5635
5636
5637
5638
4100
2283
4623
3672
5643
3260
5119
300
5647
9171
5649
5650
5651
5652
5653
5654
1769
3952
5657
2738
3092
5660
5107
5662
4569
5664
5519
8760
5832
5908
5669
5670
5671
1219
5673
5674
5675
5676
5677
5678
5679
5680
5681
1419
5683
1017
576
5686
1688
1557
5689
5690
5691
3667
5693
5694
9126
9366
5697
5698
5699
7299
6279
5702
5703
5704
8987
5706
5707
9356
2665
5710
2547
5712
8884
2659
5715
239
5717
5718
5719
5720
5721
5722
2722
6761
5725
5726
5727
5728
7973
5730
2982
7289
5733
3861
9785
5736
5737
5738
5739
7888
5741
686
4091
398
4566
5746
5747
4123
7301
4695
1044
5752
8975
5754
2575
5756
5757
866
5759
8099
5761
6621
9386
5764
4549
5766
6222
5768
5769
5770
5771
5772
1441
5774
5775
5295
5777
8242
7784
5780
5781
5782
5783
5784
4716
5786
2316
5788
5789
5790
5791
1162
5793
549
1933
5796
5797
5798
5799
5800
5801
5802
441
5804
33
2798
3826
7278
1047
3443
3562
9291
2002
4332
274
4788
1907
6923
8983
5820
5821
5822
5823
5824
5825
5826
5827
5828
6484
6830
193
5667
5833
5834
5835
5836
5837
5838
7620
5840
8463
9270
6646
4166
5845
5846
5847
5848
3039
4745
5851
3645
6630
5854
5855
5856
6067
5858
5859
5860
3873
1453
5863
3340
1383
5866
5867
7726
5869
5870
5871
5872
5873
5874
7594
5265
1013
5427
2728
5880
5881
5021
6700
5884
5885
4114
2881
5888
5889
3458
5436
3399
5893
5894
5895
5896
4324
5898
5899
9841
4017
6372
5903
5904
5920
5906
9018
7510
5909
5910
6981
4526
7753
5914
3630
5410
4880
9001
996
5905
9125
6150
5923
5924
5925
5926
5275
3651
3246
1319
5931
5932
5933
5934
6013
5936
8826
5938
5939
8308
5941
4831
5943
5944
54
3185
4246
5948
4252
5950
5951
5952
1254
5954
5955
9943
2249
1919
5959
5960
5961
9333
2336
5964
9472
2932
2961
246
5969
1348
5971
5972
5973
6369
5975
1149
5977
2795
5979
5980
9547
5982
5983
3598
5985
5986
5987
5988
5989
5990
5991
5992
5993
5994
5995
5996
5997
5998
5999
9054
6001
6252
392
4884
6005
156
4469
6008
6009
6010
8610
6012
8607
9741
198
6016
9660
4084
7114
1087
6021
4415
6023
6024
6025
6026
4810
6028
6029
6030
4288
8351
8915
1168
6035
6036
6037
6038
6039
7608
9412
6042
5088
6044
6045
3727
6047
3913
4403
6050
4795
1870
6053
6054
6055
8902
1755
8639
8309
6060
6061
6062
764
7799
6065
6066
5857
6068
6069
9695
6071
6072
8647
7752
6075
1828
7200
5374
6862
6080
6081
6082
6083
5154
7634
3464
3324
6088
3160
6090
6091
6092
6856
6094
6095
6096
6097
6098
6099
8776
9672
6102
9445
6104
6105
237
5377
6108
8420
6110
6111
6112
6113
6434
4737
6116
6117
6118
6119
6120
7717
3378
8729
5946
8046
6126
5444
6128
6129
7329
3904
6132
6133
9552
6135
6136
6137
6138
7234
9161
6141
6142
6143
4764
4464
6146
6147
9588
4118
4373
6151
1295
5033
976
6155
6156
5060
6158
6159
6160
6161
5338
6163
6164
6165
9522
6167
7841
6169
6170
6171
2944
6173
6174
6175
1038
7758
6178
6179
6180
6181
348
6183
6184
6185
6186
7460
6188
6192
6190
6191
4672
3067
7908
585
5491
869
7560
5034
6200
1649
6202
6203
6204
6205
6206
6207
1856
6209
6210
6211
8345
9578
8051
4040
8748
6217
7370
2117
7275
6221
5767
6223
6224
5578
6226
8132
6228
1818
6230
6231
6232
6233
6234
6235
6236
8142
6238
4045
6240
6241
6242
6243
6244
6245
6246
5353
749
6249
6942
7382
9395
4005
6254
8966
6256
7349
6258
4378
6260
6261
6720
6263
6264
6265
6266
2654
4807
4262
7727
6271
3621
6273
6274
6275
6276
6277
2593
5701
6280
6281
6282
6683
6284
6285
6286
6287
1601
6829
4365
4945
6292
6293
1796
6295
6296
7644
6298
1654
6300
6301
4751
5495
6304
6305
5729
6307
3300
6920
6310
7313
5286
3250
6464
6315
6316
6317
6318
3193
6320
50
6322
6323
6324
6325
876
6327
6328
6329
3435
6331
1456
6333
9558
6335
8058
6337
6338
8048
5812
310
2912
5974
6344
6345
6346
6347
1061
6341
9652
7710
9594
5289
6354
6355
1969
1877
3812
3105
8019
6361
5256
6724
6364
6365
6020
4418
3428
6343
1584
540
9021
6373
6374
82
6376
8130
6378
6379
6380
7705
893
3517
3013
6786
6386
6387
5481
6389
1042
480
6392
6393
6394
6395
4272
6397
6398
6399
6400
6401
6402
5523
6404
6405
6406
6407
6408
9524
5597
6411
1794
6413
6414
6415
5641
1665
6418
6419
1855
6421
8531
6423
2590
6425
6426
2526
6428
6429
2956
8809
6432
3881
3471
6435
6436
6437
6438
2534
6440
6441
6442
6443
6444
502
995
6447
5384
6449
6450
1530
8324
6453
3359
6455
6456
6457
8995
2381
3124
6461
6291
6463
6314
6465
261
6467
6468
6227
6470
6471
6472
767
6474
9262
1079
6477
6478
6479
6480
6481
6482
6483
2553
6485
6486
6487
6488
1586
6490
6491
8234
6493
6494
6495
2383
6497
6498
6499
6500
6501
6502
6503
8277
870
9074
8997
6508
6509
6510
6511
6512
1618
6514
7575
5476
6517
4875
6519
8055
6521
2152
6523
2898
6525
6526
6527
8743
6529
1166
4689
6532
6533
6534
6535
6388
6537
6538
599
6540
4041
6542
6543
5611
6545
1843
6547
6548
6549
6550
3432
6552
6553
6554
8041
7807
6557
6558
3467
6560
743
6562
3396
7548
3423
6566
6932
6568
6569
6570
2178
6572
6573
6574
6575
2698
2411
5321
6579
6580
6581
1226
4063
6584
6585
6586
6587
6588
6589
6590
9780
6592
6593
6594
6595
6134
6597
6598
3620
3855
2596
2300
6433
6604
6605
6606
6607
955
6609
6610
6611
8017
2746
2292
6615
6616
6617
6618
6619
6620
6582
2207
2490
6624
6625
9169
6627
6006
6629
5555
6631
5194
6633
5354
160
6636
6637
8169
6639
6640
6641
6642
6643
6644
735
3970
6647
9229
6649
7310
6651
6652
6653
6654
6655
6656
6657
5598
8629
454
9133
6662
6663
6664
6665
6666
6667
7788
4117
6670
6671
6672
2759
6674
6675
6676
6677
6678
6679
6680
460
3550
6283
1014
6685
165
7757
6688
6689
6690
650
6692
6693
6694
2800
6696
2179
4292
8991
5883
7157
4692
6703
344
6705
6706
2939
6708
6709
6710
1471
6712
6713
6714
6715
6716
3609
8461
6719
6262
6721
6722
6723
5593
6725
6726
6727
4996
3884
1756
4783
6732
6733
6734
6735
6736
5811
8333
6739
406
7500
6742
6743
3898
6745
7690
9144
6748
6749
4036
6751
4075
6753
6754
7182
6958
6757
8784
2884
4739
5724
6571
6763
6764
9278
6766
6946
5965
6769
4848
5844
6772
269
6774
4778
6776
6777
6778
6779
6780
6781
3152
6783
6784
2582
6385
6787
4529
4606
6790
6791
6792
6793
8659
877
6796
6797
6798
3192
6800
7241
6802
7183
6804
6805
6806
8479
6808
6809
6810
6811
6812
6813
8789
9263
6816
7042
6818
6819
5504
6821
6822
6823
8428
13
6826
6827
6828
1210
5533
6831
6832
6833
6834
6835
5599
6837
6396
3694
6840
8596
7452
6843
6844
5648
6846
3975
6848
6849
6850
6851
6852
6853
597
6855
3361
6857
7251
7629
6860
6861
7606
6863
6864
6865
6866
6867
2499
2941
4806
6871
6872
6873
6874
614
8769
6877
6878
6879
6880
6881
1516
3474
5687
1638
6886
6887
5496
6889
6890
6817
6892
9759
6894
831
5531
6897
2429
7105
2627
6901
6902
6903
8688
5475
5966
6907
1240
8156
6910
6911
6912
2271
6914
6915
6916
6917
5472
6919
6309
6921
6922
2246
4015
9131
6926
6927
6928
8728
6930
6931
2520
9750
873
1364
8876
6937
6018
975
1831
5220
4903
6943
6944
6945
6767
6947
6948
4182
6950
6951
260
4007
1901
6955
6956
6957
289
6959
6960
8044
8533
6963
3700
6965
7177
9810
6968
6969
6970
6971
6972
6528
6974
6975
6976
7840
6978
807
2763
5911
8197
192
6984
6985
3849
6987
4677
6989
6990
6991
8352
6993
4718
6995
6431
6997
851
6999
7000
7001
7002
714
2215
456
8296
7007
7008
5805
2663
7011
7012
7013
7014
7015
9435
7656
2674
8250
7020
2040
7022
3906
7874
7025
4452
2024
7028
5250
7030
444
3391
331
8407
7035
7036
7037
7038
7039
7040
7041
667
7043
4826
7045
7046
9310
7048
4171
7050
1225
4349
3804
1583
3553
7056
7057
8109
7059
2999
2034
7062
3830
7064
1464
7066
4943
932
7069
552
9068
492
7073
773
7075
7076
3001
5439
7079
1832
7081
7082
1067
7084
8736
7086
928
7088
2818
2733
7215
7092
7093
7094
7095
7096
7097
7098
7099
8618
9698
3081
7103
7104
1291
4524
2356
7108
2199
8252
6017
8592
8737
4348
7115
1312
7117
9183
7119
7120
7121
7122
57
7124
7125
5337
3640
7128
7129
7130
7131
7132
726
9643
732
7136
526
7138
37
7140
7141
7142
3333
7144
1611
7146
7147
7148
1159
7150
7151
1717
7153
5616
8810
7156
6738
7158
7159
7160
9630
7162
7163
7164
7165
4886
1546
7168
7169
9294
7171
7172
7173
7174
7175
4291
6966
7178
7179
7180
7181
6755
5751
7184
7185
7186
1418
7388
1700
7190
3188
7192
8631
7194
7195
7196
677
129
7199
6077
7201
7202
7203
7204
7205
7206
1110
7208
9935
7210
3472
7212
115
7214
7091
8472
7217
1859
7219
178
9482
7222
9889
7224
4653
7226
6996
7228
7229
7230
7231
7232
5258
6139
3643
7236
9378
3110
7239
645
6801
7089
475
7244
2902
8385
666
6795
7249
420
3534
7252
7253
7254
7255
2934
7921
8916
9908
9858
7261
4656
7396
7264
7265
7266
8078
7268
3382
3387
3786
7272
7273
7274
8327
5819
7277
1392
7279
7280
5688
150
124
7284
7285
7286
1113
7288
5732
7290
4841
7292
84
7294
7295
1054
1133
7298
5700
7300
5749
7302
3214
7462
7305
7306
8399
7308
7612
6650
4957
7312
6311
7929
7315
5368
7317
7318
3695
3486
7321
2240
7323
7324
7325
7326
7327
7328
8193
8440
7331
3194
7333
7334
8138
7336
9042
8508
7339
8249
7341
7342
3097
7344
9714
2974
7347
7348
6257
7350
7351
7352
7353
7354
542
7356
7357
1236
7359
7360
7111
825
7363
7364
7365
3343
7367
7368
7835
6043
5900
5147
7373
7374
7375
7376
7377
7378
7379
9275
7381
5459
7383
7384
7385
6196
2660
7188
7389
7390
7391
9654
821
7394
7395
3649
7067
7398
7399
8858
864
7402
7403
2865
7405
7406
7407
2214
2653
7410
49
7412
7413
7414
7415
3189
7417
7418
7419
7420
4655
7422
7423
7424
7425
3117
7427
8738
7429
5223
7431
7850
7433
7434
7435
1056
9502
8899
7439
1696
7441
7442
7443
7444
7445
4108
9016
7448
9982
4465
4520
6842
7453
7454
7455
1078
7457
3159
7459
2315
547
7304
7463
2351
4503
6888
7467
9020
7469
7470
7471
296
7473
538
8564
7476
7477
3488
8903
5156
562
2512
9197
7484
7485
7486
8623
7488
7489
7490
7491
7492
3501
7494
7495
9249
5486
7498
8367
6741
7501
7502
7503
7504
5773
9352
2523
7508
7509
5668
1391
9072
7931
7514
9746
7516
7517
7518
7519
7520
793
7522
7523
7661
7525
7526
7527
7528
7529
4971
7531
7532
5617
7534
7535
4618
7537
7538
5592
4341
7820
7542
8857
7544
6114
7546
7547
6564
7765
7550
7551
8792
7553
7554
231
7556
7557
9094
4122
15
7561
7562
5928
7564
7565
7566
4371
7568
8716
495
3852
5849
8549
7574
805
9658
7577
7578
7579
7580
8905
2187
3648
7584
7585
582
7587
8863
2539
8140
7591
3902
7593
6661
9201
7596
3257
7598
7599
7600
8270
7602
7603
7604
7605
6079
7607
5421
5227
1542
7842
717
7613
7614
567
7616
7617
3014
4279
5839
2781
7828
7623
2477
7625
7626
3773
7628
6859
7630
7631
7632
7633
5362
7635
7636
7637
7638
7639
7640
7641
7642
7643
2975
7645
7646
7647
7648
7649
1631
9585
7652
7653
7654
7655
7017
7657
8180
7659
7660
7563
9508
7663
7664
7665
7666
7667
4933
8491
9948
3689
7672
7673
7674
7675
7676
7677
7678
7693
7680
4422
3134
4823
4898
7685
7686
4932
7688
7689
6746
1006
7692
7679
727
7695
7696
7697
7698
7699
62
7701
7702
4029
1157
6381
3456
7707
939
7709
8950
7711
3218
170
7714
1876
7716
644
7718
7719
7720
7721
2714
7723
7724
7725
9255
6270
7728
5004
7730
5113
2219
7733
900
4134
186
7737
219
7739
7740
7741
2891
7743
7744
8759
5624
7747
4750
4461
1427
5778
6074
5913
7754
5556
7447
9847
4895
7759
7760
7506
1534
7763
2705
7549
7766
351
7768
2541
7770
7771
117
7773
7512
7775
7776
6187
7778
7779
7780
8551
1506
7783
5779
9967
4321
3973
6668
7789
7790
7791
606
4944
7794
5890
7796
7797
7798
1424
7800
7801
8301
7803
7804
7805
7806
5758
7808
7809
304
7811
7812
7813
7814
7815
9772
2160
947
7819
7541
131
7822
2075
1280
4634
7826
7827
3210
7829
7830
7831
951
4126
7570
7369
9726
9287
7838
7839
6977
6168
7611
6357
7844
922
7846
5375
4913
7849
7432
8082
7852
7853
7854
3959
7856
122
7858
3604
7860
9040
7862
7833
7864
8689
7866
7867
1360
7869
4239
4542
7872
6237
7024
7875
7876
2862
5009
7879
7880
989
8813
7883
7884
6403
1935
1106
5568
7889
7890
7891
689
7893
7894
7895
7896
5003
9740
3334
7900
7901
6775
7903
7904
6836
7906
7907
6194
7909
4053
7911
7912
7913
7914
7915
7916
7917
1921
7919
7920
7257
7922
7923
7924
4879
7926
7927
7928
7314
3576
7513
7932
2827
7934
7935
213
7937
7938
7939
7940
7941
1559
7943
7944
7945
7946
3027
7948
1999
7950
7951
5400
615
7954
6215
5619
593
8754
5415
4865
5153
3549
9450
7964
7965
7966
7967
6424
7969
7970
425
8901
6979
7974
7975
9380
7977
7978
7979
7980
7981
7982
5887
7984
7985
7986
7987
7988
7989
7990
7991
7992
910
7994
7995
7996
7997
8334
2918
973
8049
8002
1526
8004
9393
592
8007
8514
938
8010
8011
8131
8013
4733
8015
8016
6612
2869
7936
8020
8021
8022
8023
8024
8025
4613
8027
215
8029
8030
8735
8032
8033
1066
994
8036
8037
8300
2148
8040
1575
8042
8043
2451
8045
3733
56
9559
8068
7235
6214
8052
8053
7267
6520
8056
2889
6336
8059
2950
8061
8062
8063
8064
8065
8066
8067
8001
3832
8070
8071
5976
5242
8074
8075
3393
8077
8054
8079
3887
8081
2754
8083
3106
8085
6451
8087
9426
8089
4555
8091
8092
8093
8094
3944
716
8097
8098
953
9904
9955
2253
8103
4947
822
8106
4504
4651
8751
8110
5437
2010
6896
8114
4068
8116
8117
5392
3731
8120
1827
9258
455
3763
9803
5345
8127
769
8129
6377
8012
6469
4583
8134
8135
8136
6747
8212
8139
4959
4270
7873
276
3242
8145
8637
4936
8148
8149
818
8151
8152
8153
8154
3268
6909
4537
8158
8159
2564
8161
8162
8163
8164
9836
3460
3516
8168
2230
9302
8171
8172
8173
8104
8175
8176
8177
8178
8179
7658
8181
8182
8183
8184
2516
8276
8187
2551
1815
8190
4793
8192
5830
8194
4095
8196
3298
3363
4687
8315
8201
8202
8203
8204
8205
8206
8207
8208
5716
8210
8211
9073
8213
7004
1049
3837
1332
8218
3650
8220
9706
8222
8223
1522
8225
8226
8227
1131
1100
9497
8231
8232
2403
6492
8235
8236
5277
8552
6546
8240
8241
7751
8243
8244
8245
8246
2049
8248
4930
7019
618
7110
2761
8254
8255
2338
6446
8258
3420
8260
8261
8262
8263
4567
8265
1188
8267
8268
8269
7601
8271
8272
655
8274
1068
5661
6504
8278
8279
755
7499
1310
8283
9823
8285
8286
8287
8288
2874
8290
8291
8292
5477
8294
8295
835
8297
8298
8299
8999
8870
8302
8303
8304
914
5685
9853
5940
6059
8310
20
18
8313
8314
9114
8316
8317
5666
3566
1609
3400
8322
3452
234
8325
8326
6220
8328
8329
5483
8331
8332
6701
8831
9616
9345
8337
9719
8339
4398
3512
8342
7567
8344
6212
8346
8347
933
8349
8350
143
6992
9164
8354
8355
5090
7533
8358
127
8360
8361
8362
8363
5480
8827
2362
1838
8368
5298
8370
8371
8372
8141
8374
8375
8376
8377
8378
1256
3758
1996
9712
7143
8384
2044
8386
9439
8388
4485
1432
8391
786
8393
8394
997
8396
7581
1005
6473
8400
8401
8402
1172
8404
9947
8912
7034
9481
5179
8410
9454
8412
8413
2701
8415
8628
8837
8418
8419
2026
3166
8422
8423
8424
8425
8426
8427
680
8708
8430
8431
1605
6756
8434
8435
5918
5808
8438
8439
7330
8441
3429
8443
5042
4082
2931
8447
8448
8449
8450
8451
8452
8453
8454
8455
8456
8457
8458
8459
2028
6718
8462
5841
8464
8465
9304
8467
8468
8469
8470
1674
7216
8473
560
8475
8476
8477
2609
3753
8480
8481
8482
8483
8484
8485
8224
8487
1950
1185
8490
2363
8492
8493
8494
3006
8861
8497
5213
8499
8500
3554
1189
8503
8504
8505
9896
8507
7338
7291
8510
8511
9827
5755
8008
3288
8516
2452
8518
5416
4339
8521
8522
8523
8524
3947
8526
8527
8528
6858
8530
6422
8532
5731
5915
8535
3289
8537
5457
5963
8540
4336
8542
8543
8544
2415
8546
8547
8548
9000
8550
9315
8238
8553
3368
8555
8556
8557
8558
9433
8560
4256
8562
8563
7475
5639
8566
8567
8568
8229
8570
14
106
2921
8866
8575
8576
8577
8578
8579
8580
715
8582
8583
8584
1057
8090
8587
8588
8589
8590
8591
7112
8593
1341
8595
6841
8597
8598
8599
418
8601
4405
784
8604
8605
8606
5935
2391
7083
4020
294
8612
8613
8614
8615
8616
4457
4857
4437
8620
8621
8622
7487
8624
8625
8478
8627
3012
6659
5225
7193
8632
8633
5449
8635
8636
5882
8638
4674
4358
8641
6682
8643
1926
5030
8732
912
9951
1529
8650
5340
8652
648
8124
8655
8656
8657
8658
1705
8660
8661
8662
8586
8664
312
7536
7999
8668
8669
2122
8671
3405
3003
7882
9859
8676
8677
3795
8679
8680
1986
8682
4866
6154
8685
8686
365
6904
7865
8690
8691
8692
8693
4295
8695
3863
2831
8698
8699
8700
8701
8702
8703
3561
8705
8706
8833
8429
8709
1102
3010
8712
8713
8714
6359
303
8717
2791
4605
8720
5406
8722
2259
5968
8725
8726
8727
7358
8086
8730
8731
8646
8733
8734
8031
3833
7113
9657
1770
8740
4938
8742
6973
802
8745
8746
8747
8319
8749
8750
6140
8251
8753
7958
8755
8756
7087
8758
7745
2785
9646
9441
8763
8764
8765
8766
6702
4842
6876
8770
8771
1294
8773
8774
8803
6100
1459
8778
8779
8780
8781
66
817
2047
8785
890
8787
2804
9696
8790
8673
7242
8793
8794
8795
8796
8797
8798
1635
9617
8801
8802
8775
8804
8805
8806
8807
622
7227
3224
8811
8812
5412
8814
8815
8554
8817
8818
8819
8820
8821
283
7781
8824
8825
5937
4173
8828
8829
958
2824
8832
3908
8834
8835
8836
8417
9705
8839
8840
8841
7735
8843
8844
8845
8846
6925
8848
8849
8850
8851
2517
8853
407
8855
8856
7430
7400
8859
8860
2610
8862
3743
6939
8865
672
3950
8868
8869
3717
8871
2448
8873
8874
8875
6936
8877
8878
8879
8880
8881
3817
8883
5713
3273
8886
5108
2414
8889
8890
8891
8534
8893
8894
5352
8896
1334
8642
7438
8900
9968
1525
7479
8904
1130
9549
8907
8908
9145
8910
9438
1982
8913
4878
700
5478
3262
8918
8919
662
8921
8922
8923
8924
8925
8926
1004
8928
3009
8930
8931
8932
8933
1848
8935
8936
9983
8938
8939
8940
8941
8942
8943
6218
5305
3389
8947
2243
2540
1479
8951
1846
8953
8954
4624
8956
8957
8958
8959
4297
8961
8962
8963
8964
7446
6255
8967
397
8969
8970
8971
4999
8973
3145
5753
3997
8977
8442
8979
5588
8981
8982
6699
8984
1710
8986
2341
9725
8989
8990
2155
8992
8993
8994
6458
8996
6507
8998
5125
6182
981
9927
9003
3075
9551
9006
623
9008
9009
2436
9011
4755
4333
9014
9015
2765
9017
5907
9019
986
1001
9022
4858
9024
379
9026
7337
6539
7191
2303
6076
9032
9033
8000
9035
9036
2400
9038
770
4352
9041
6
7772
794
5949
9046
9047
8649
916
3880
2442
9052
9053
1268
9055
9056
6103
9058
9059
9060
1266
9062
9063
1603
1403
9066
9067
9289
3606
9070
9071
7774
7335
6506
9075
9076
9077
9078
9079
9080
9081
9082
9219
9084
9085
9086
9087
9088
5008
9090
2084
7102
9093
7971
9095
8421
9097
9098
9099
9100
9101
4059
9103
1096
3217
9545
9107
9108
7668
9110
9111
9128
9113
6216
9115
2295
9117
3151
9119
9120
9121
9122
3406
9124
2305
5695
9127
9146
9129
5627
8847
9132
8357
9134
9135
9136
9137
9138
9139
7682
9141
4197
9143
1235
8909
5075
9147
9148
1723
9150
9151
2080
4237
9154
9155
9156
5642
2480
9159
2302
9389
9162
473
8353
9165
9166
9167
9168
6626
9170
44
1148
9173
9174
9175
9176
9177
3587
9179
679
9181
9182
8723
9184
9185
9186
9187
9188
9189
4458
7320
1041
9193
9194
9684
9196
7483
9198
9199
9200
2829
9202
9203
9204
1209
6189
7963
9208
529
9210
9211
9212
5136
9214
5149
9216
9217
4701
9083
9220
9221
9751
7610
9224
9225
3019
3453
9228
5510
9230
9231
9232
5584
9234
4696
9236
9237
4603
3234
9240
9736
9242
9243
5962
2454
9246
8382
9248
5063
9250
1889
9252
2792
9254
9191
8170
9257
8122
556
9260
9261
6475
6445
9264
9265
5538
9267
1451
9269
8892
9271
4660
9957
845
4334
9276
5580
6765
9279
6420
9281
9282
9283
9284
9285
5210
9571
5058
5380
9290
6340
9292
9293
7170
9295
9296
9297
9298
2004
8741
9301
9687
9303
9845
3836
9306
2580
9308
9309
7047
9311
9312
96
9314
4849
9316
9317
9318
9319
7468
3865
6599
349
9324
9325
9868
9327
9328
2615
6782
9331
819
8885
9334
1720
9615
5221
9338
9339
2384
4635
2843
9343
9344
8336
3876
9205
8217
9349
9350
9351
293
9353
9354
1060
9415
9555
9358
9359
9360
9906
3938
3083
9364
9365
5696
9367
9368
9369
9370
9371
9372
7134
9374
471
9376
9377
7237
2463
4735
5902
2217
9383
9788
9385
3179
1305
9388
7058
934
9391
9392
1345
9394
7256
2581
9397
9398
9399
9400
9401
9402
9403
9511
9405
9406
9407
2372
5734
9410
9411
9422
9413
4599
5708
9416
1467
9418
9419
9420
954
6448
9423
9424
9425
8559
1812
9428
9573
3240
9431
6807
8762
9434
7016
9436
9437
8911
2280
9440
2350
4668
9443
8571
5463
9446
9447
3985
9449
9207
9451
9452
9728
8411
9455
9456
9457
9458
9459
9460
9461
9462
3526
9464
9465
9466
9467
9468
9469
9470
9471
3182
9489
9474
9475
640
668
9478
9479
9480
8408
7221
9483
9484
9485
9486
9487
9488
9473
5425
9491
9492
9493
4864
9495
9496
8230
9498
9499
854
9501
5442
9503
9504
9505
9506
9507
7662
9509
9510
9404
9512
9513
9514
9515
9516
9517
9518
3912
9520
4444
6891
9523
6409
9525
9526
1259
646
8509
2923
9531
9532
5023
8539
190
9536
9537
9538
9539
9540
9893
1952
9543
9544
9106
9546
5981
2288
8906
5238
9005
6596
9553
9554
9357
9556
9557
6334
6339
9560
9561
3062
9563
5810
9565
120
9567
9568
3259
2868
7837
9572
9429
9574
9575
9576
9577
2237
9579
9580
9581
9582
4791
9584
579
9586
9587
6148
9589
1867
9591
3835
9593
7769
9595
9596
9597
9598
9599
9600
9601
2339
9603
9604
5850
9606
9607
9608
4186
9548
9611
8667
9613
4106
7026
8335
1187
9618
9619
9620
9621
9622
9623
9624
4771
7868
9627
9628
9629
1490
9631
9632
4861
9634
9938
3278
921
9638
9639
5451
9641
9642
517
9644
9645
3591
9647
9648
9649
3183
9651
22
2613
9239
9655
9656
7428
7576
9659
1833
9661
9662
9663
5012
9665
2864
4344
7397
9669
9670
9671
6101
9673
9674
4312
9676
9688
9678
8
9680
9681
9069
9683
1891
9685
419
9256
9677
9689
7033
1501
9692
9693
9694
4150
5947
9697
7101
9699
2023
9701
9702
6898
9704
9280
799
9707
9708
9709
9710
9711
4652
9713
3392
9715
9716
9717
3180
1581
9720
2412
9534
9723
2088
8188
7836
7145
9453
9729
9730
4151
9732
7262
9734
9735
9241
838
9738
2226
7898
6014
3102
9743
1065
2193
7515
9747
9748
9749
702
9222
9752
9753
1111
9755
3764
9916
9758
2233
3958
9761
9762
5124
2223
578
9766
9767
9768
9769
9770
9771
7816
9773
9774
4598
2244
9777
9778
9779
6591
3951
9782
1216
1337
5735
9786
9787
9384
9789
8185
2696
360
4086
9794
9795
9796
9797
9798
8306
9800
9801
9802
1673
9804
9805
9806
9867
9808
9809
6967
9811
9812
9813
9814
4266
9816
9817
9818
9819
9820
9821
9822
3897
628
1320
9826
2492
9828
9829
9830
9831
9832
6870
9834
9835
8165
9837
9838
9839
4582
7371
1988
9843
9844
8466
9846
1359
9848
9849
399
9851
2104
6906
9854
5249
1400
9857
1644
8675
2578
99
2741
3936
7021
9865
9866
458
9326
9869
9870
5219
3213
9091
1816
4969
9876
3282
9878
1902
9880
9881
9882
9883
9884
9885
9886
7380
9888
7223
1806
9891
9892
9541
8882
9895
8506
9897
9898
9899
9900
4553
8864
6019
6613
5200
5714
2439
416
9909
9910
9911
9912
9913
9914
9915
3605
2621
9918
9919
9920
1363
1677
9923
9924
9925
9926
3430
4450
1541
9930
9931
9932
9933
9934
6353
2344
930
9635
9939
9940
9941
9942
783
3383
9945
9946
8405
7670
9116
9950
8648
9952
9953
9954
4661
9956
9273
9958
9959
9960
9921
9962
8073
8502
9965
9966
3509
7972
9969
6740
9971
9972
9973
5243
1509
9976
9977
9978
9979
5945
9981
5390
8937
9984
9985
7933
9987
7077
9989
9990
9991
4180
9993
9994
4532
9996
3962
9998
9999
5328
