466
2
3
240
5
6
654
8
9
779
11
484
13
14
972
516
17
182
220
587
21
22
350
937
25
176
673
28
208
620
31
32
33
249
35
58
19
736
596
512
41
731
43
44
45
773
47
359
987
50
945
52
990
54
55
421
57
720
476
398
695
62
782
277
65
66
67
68
69
70
627
72
73
74
75
76
358
78
79
80
81
82
324
222
85
86
87
88
89
569
91
92
374
610
160
578
97
98
155
100
101
768
103
898
735
498
107
108
109
110
896
112
113
266
115
116
117
118
503
687
121
422
123
132
125
646
127
191
129
130
285
124
133
903
135
136
766
579
425
140
464
63
143
144
145
150
147
278
995
671
1
639
153
154
99
156
865
158
159
223
161
162
163
828
165
171
167
647
756
975
834
951
330
174
455
26
478
631
179
105
181
315
183
142
39
186
845
188
189
786
146
192
193
194
195
196
739
198
434
200
619
202
215
1000
205
206
207
393
209
559
211
212
294
128
977
565
886
218
219
410
221
283
95
224
225
504
227
228
229
470
231
59
233
234
235
236
237
238
617
602
346
242
243
244
297
246
247
657
34
379
251
909
38
254
769
256
259
258
257
260
261
494
263
264
913
926
267
725
964
270
168
439
645
274
275
691
549
864
279
280
281
861
84
284
131
286
287
531
289
290
397
856
363
716
295
296
982
298
299
849
309
83
303
304
305
306
307
760
301
854
311
312
10
314
801
232
317
318
323
320
321
322
319
265
325
326
327
328
177
365
331
300
134
334
335
502
337
348
339
340
341
342
888
894
345
666
347
595
349
23
351
352
599
354
818
268
357
77
48
714
361
814
651
46
683
366
446
368
745
370
371
372
523
245
436
376
377
378
981
380
381
382
749
384
507
843
522
388
389
390
391
561
29
394
395
396
962
60
399
594
401
402
545
404
405
406
407
250
273
852
411
412
413
414
415
416
417
418
581
420
111
122
423
424
139
482
427
428
386
430
431
432
958
4
435
375
437
438
272
440
441
442
443
444
445
842
447
448
626
343
451
452
453
454
175
878
457
172
459
151
461
732
916
141
465
527
467
468
535
230
471
777
473
474
475
316
477
704
479
480
481
426
483
576
485
966
487
338
956
490
491
492
493
262
550
496
497
106
499
500
830
169
119
752
505
214
833
508
509
463
511
356
960
891
515
16
517
518
120
520
521
387
758
524
525
526
764
528
529
530
288
201
533
534
967
536
537
538
539
540
541
542
543
544
844
546
934
548
64
921
737
552
553
974
555
556
557
558
690
408
392
906
563
564
216
566
567
568
90
570
571
572
353
781
575
12
577
96
180
580
674
711
583
584
585
226
20
588
589
590
591
592
593
400
863
185
514
598
310
600
601
787
603
604
605
741
607
187
609
292
611
846
613
795
204
616
239
618
532
30
707
622
755
210
332
449
71
252
629
630
178
632
633
634
635
636
637
638
713
640
685
642
643
644
409
126
173
930
649
650
293
652
653
7
655
656
648
658
743
660
661
662
663
664
665
241
367
551
336
670
37
672
27
419
675
676
681
678
679
628
612
682
271
684
641
686
709
688
689
624
276
692
693
728
61
696
740
369
699
700
701
702
703
329
705
706
621
989
355
710
582
712
152
360
715
213
717
718
857
970
721
722
723
724
625
726
93
694
780
730
42
462
733
734
138
253
824
738
197
697
157
742
659
744
698
746
747
748
383
750
751
586
753
754
623
669
757
373
759
308
761
762
763
488
765
137
767
102
255
501
771
772
364
774
775
776
941
778
313
829
574
184
783
784
785
190
199
816
836
790
791
792
793
794
614
796
797
798
799
800
18
827
803
804
805
806
807
450
809
810
789
812
813
362
815
788
817
519
819
820
821
822
823
668
825
826
802
164
729
770
831
961
385
166
835
811
837
838
839
840
841
667
429
506
608
851
847
848
40
850
677
36
853
573
855
94
719
858
859
860
889
862
460
148
808
866
867
868
869
870
871
872
873
874
875
876
877
456
901
880
881
882
883
884
885
217
887
606
282
890
597
892
902
344
895
56
897
104
899
900
879
893
554
904
905
959
907
908
680
910
911
912
302
914
915
832
917
918
248
920
495
922
923
924
925
53
927
928
929
919
931
932
933
547
513
936
24
938
939
940
472
114
943
944
469
946
947
948
949
950
458
952
953
954
955
489
957
433
203
935
510
291
963
269
965
486
51
968
969
403
971
15
973
333
170
976
562
978
979
980
560
727
983
984
985
986
49
988
708
942
991
992
993
994
149
996
997
998
999
615
