510
715
172
525
755
778
446
345
54
276
327
495
971
205
263
545
791
829
579
915
381
632
570
552
988
835
439
957
288
490
601
805
726
56
826
503
582
804
25
306
13
925
754
284
447
626
616
436
220
592
591
184
261
40
352
859
442
516
165
355
513
730
967
902
176
488
934
533
540
50
519
951
727
816
426
34
22
857
344
444
274
89
705
858
682
587
286
837
180
548
739
689
410
578
175
558
836
280
231
537
559
914
921
876
30
827
912
41
246
812
821
97
714
237
103
43
599
769
977
10
45
623
382
335
955
233
501
853
98
534
225
526
553
839
648
65
597
598
393
450
656
474
696
797
159
673
712
290
266
271
760
232
809
4
529
780
740
572
368
933
734
320
650
860
35
936
535
353
449
810
669
407
63
784
42
365
429
435
528
785
153
861
150
642
786
671
157
654
896
737
850
433
580
470
731
130
360
132
71
512
699
493
27
55
767
437
660
641
76
32
471
148
46
195
268
75
872
851
819
419
86
741
589
438
61
236
945
854
643
68
302
305
267
680
885
666
756
379
728
39
304
862
931
584
406
461
661
31
813
193
392
182
604
120
420
677
375
749
679
156
88
865
722
717
415
576
230
494
338
281
594
787
18
17
946
867
930
105
697
163
706
19
475
164
348
521
517
894
675
635
422
990
16
194
870
811
146
427
542
807
6
803
993
174
138
465
351
719
151
547
342
269
670
672
906
818
399
979
312
961
568
82
683
563
596
505
301
497
980
47
523
825
844
900
664
871
390
478
257
690
418
704
856
924
549
922
293
609
694
383
324
386
11
104
793
395
978
514
554
668
316
910
412
764
8
357
790
1000
167
577
332
899
684
939
244
185
208
795
459
472
336
657
131
202
508
893
112
3
373
189
49
476
768
135
209
869
388
640
9
77
431
695
404
820
141
346
605
998
700
608
296
887
960
614
487
339
743
855
630
93
403
665
909
983
64
833
972
315
888
981
935
158
218
186
772
932
744
903
520
536
62
720
895
389
128
618
249
774
394
222
317
817
667
256
531
702
504
361
708
638
215
294
721
448
798
652
95
325
841
322
116
228
36
214
466
843
974
763
799
732
875
892
328
698
136
207
686
926
122
658
152
917
52
20
733
847
127
878
314
421
80
968
886
227
14
331
556
458
506
239
873
109
413
788
928
889
621
962
882
90
481
943
37
789
564
91
279
359
975
907
162
188
385
467
802
334
724
187
969
761
292
445
773
210
569
295
234
166
808
129
515
866
374
908
775
270
356
828
987
631
179
323
337
170
663
12
765
693
842
226
307
800
181
114
639
959
264
468
950
904
21
985
646
796
492
565
883
196
79
204
118
190
566
651
402
149
920
948
629
341
575
879
455
330
343
432
299
216
58
622
250
155
1
423
168
183
748
308
416
624
911
647
511
66
881
74
620
539
434
678
840
67
541
384
711
649
848
99
24
688
954
874
913
139
483
147
409
160
117
107
259
161
473
518
313
484
206
460
430
747
201
60
662
645
956
145
282
240
38
333
555
502
96
26
87
321
417
560
984
498
595
23
703
441
278
364
428
197
538
918
588
212
644
70
143
411
942
574
938
762
119
676
354
367
585
198
551
57
241
452
738
590
949
947
456
298
211
824
612
546
593
142
272
607
976
391
289
480
544
319
901
509
603
59
81
100
350
349
453
477
718
524
140
113
602
877
223
782
283
203
496
997
106
387
303
716
44
238
479
235
178
401
380
653
275
994
964
573
73
557
898
251
613
507
102
28
880
48
229
144
309
262
919
567
973
941
742
849
723
200
929
619
84
457
707
29
999
992
255
318
996
462
134
823
126
7
735
659
124
583
815
751
398
265
425
832
329
219
822
845
617
489
989
464
692
277
710
610
779
258
916
891
245
890
363
121
372
781
674
358
72
217
2
615
414
771
485
243
94
736
463
709
759
776
408
396
766
397
530
758
965
801
123
192
814
347
297
171
633
852
794
366
92
625
454
527
311
133
725
115
405
884
628
746
770
831
287
636
173
83
443
691
681
499
752
362
111
927
729
291
285
247
177
310
966
846
33
253
958
986
369
838
562
953
655
581
69
254
53
701
543
792
522
713
923
944
376
777
400
897
571
101
486
637
440
252
224
378
634
326
5
108
561
15
213
169
745
757
154
125
611
864
586
952
199
753
834
371
137
85
783
221
937
469
750
451
970
273
51
532
905
191
806
606
627
424
687
830
995
940
248
377
78
110
600
982
242
260
963
300
370
991
868
340
500
491
482
685
863
550
