371
803
997
254
133
762
323
454
84
919
499
257
61
874
156
719
405
184
211
432
995
961
193
188
18
402
597
248
391
760
236
591
179
384
658
702
360
40
903
376
301
688
615
679
981
417
723
681
857
129
112
113
95
96
100
501
748
572
743
397
865
596
766
794
269
51
738
231
573
322
469
901
244
660
684
922
837
816
36
353
617
891
59
247
249
108
34
786
589
880
146
139
978
204
72
443
210
212
923
227
277
555
495
599
791
611
700
205
399
784
366
251
83
484
471
334
955
44
361
305
262
636
316
759
271
444
24
648
507
941
594
822
549
171
539
275
383
996
964
76
855
835
677
537
878
71
348
753
115
522
439
337
553
158
70
655
994
921
279
91
125
12
461
526
202
547
896
624
825
65
407
221
453
160
924
848
731
730
187
701
661
781
504
897
56
873
182
465
998
398
459
421
754
186
800
481
625
863
142
28
381
609
917
132
47
463
368
545
168
486
905
619
745
343
751
449
203
889
261
581
741
828
392
560
114
386
771
930
950
14
126
892
664
532
846
215
506
355
372
181
552
10
965
933
79
776
639
256
813
338
1000
847
940
740
722
809
887
25
814
925
45
208
638
317
263
303
512
607
947
853
678
259
733
621
668
26
706
69
551
377
713
172
122
717
631
169
127
290
340
462
225
983
588
634
441
703
475
190
268
309
579
390
98
54
749
336
66
85
795
408
451
756
936
884
635
898
404
875
80
411
757
569
817
912
842
775
789
557
176
562
761
101
250
823
563
575
568
335
523
758
787
332
628
267
280
472
886
561
365
424
580
728
274
287
632
329
915
729
727
467
724
953
649
374
155
134
612
77
646
124
546
258
380
598
928
273
870
52
509
856
388
736
592
147
773
434
916
9
990
750
544
354
529
984
827
246
213
87
16
201
931
698
284
843
517
525
94
772
396
416
321
600
175
130
297
659
714
218
548
315
910
452
349
949
956
806
312
672
614
286
150
191
53
712
785
860
780
367
102
313
970
216
228
479
197
433
419
587
460
696
73
805
695
862
948
418
707
497
869
918
971
747
644
13
734
136
899
935
200
570
435
387
929
6
282
314
538
253
826
431
48
285
603
511
584
2
49
293
790
195
164
810
7
585
163
732
976
667
973
818
697
410
17
239
693
233
938
458
4
582
60
689
478
715
375
429
630
62
161
198
260
37
121
606
680
308
438
356
906
647
937
489
422
613
295
620
963
966
920
819
902
298
498
234
975
721
288
834
577
578
882
154
633
78
194
167
166
153
514
616
640
217
694
369
183
93
311
289
447
107
347
224
746
969
802
541
527
413
196
266
967
22
858
861
769
226
394
30
533
330
21
744
765
645
237
378
665
876
942
428
300
440
951
68
520
808
5
839
752
832
564
535
692
219
75
207
238
35
867
807
88
385
485
900
986
214
357
904
849
395
32
185
362
959
590
783
540
708
651
508
872
480
500
642
97
593
999
477
993
46
989
885
958
20
111
420
699
883
945
610
325
240
110
895
737
770
370
720
149
519
979
534
116
39
690
988
531
768
801
536
653
131
326
622
567
934
206
123
178
43
602
726
530
265
496
138
888
674
505
774
626
232
192
23
829
41
135
583
595
292
318
174
464
669
148
565
141
502
382
403
86
957
393
278
841
980
430
927
99
673
400
985
604
799
276
812
474
152
859
831
777
137
908
296
327
331
320
350
550
468
662
144
952
755
868
27
515
792
425
401
359
972
675
180
304
623
864
671
682
170
455
788
437
299
55
333
106
409
877
145
414
793
445
3
159
220
815
245
962
513
893
307
982
516
89
881
488
763
830
29
691
105
448
342
666
31
735
778
294
442
643
618
650
543
851
120
473
199
173
796
230
103
119
476
446
426
1
574
373
482
683
652
503
627
63
542
412
556
705
586
344
943
490
162
944
811
820
324
272
852
109
909
939
608
850
242
844
143
558
907
140
229
177
960
157
466
821
838
911
74
364
840
306
687
992
670
427
457
436
456
657
926
379
767
711
932
987
528
782
637
57
8
281
128
302
104
283
81
641
685
710
798
704
718
92
255
654
742
779
521
15
483
82
491
64
189
656
913
629
576
571
890
946
11
510
243
415
686
38
894
50
524
470
871
328
423
270
291
605
866
804
341
977
492
739
974
764
319
968
352
836
406
554
42
716
487
601
151
117
67
241
222
518
559
954
345
264
450
19
566
310
90
165
351
33
663
58
252
833
363
339
709
797
879
854
389
209
725
991
914
223
493
118
676
494
358
235
845
824
346
