830
540
557
307
977
442
918
940
715
952
575
548
3
449
639
911
347
664
311
380
763
868
130
947
34
596
120
561
478
368
592
301
355
720
747
382
229
642
76
949
820
583
70
469
122
802
194
131
750
764
819
746
448
986
707
656
518
611
317
563
987
922
542
411
849
948
89
753
377
537
388
90
992
256
69
245
553
464
944
11
263
384
419
236
751
688
757
500
142
505
253
320
643
813
579
322
833
313
294
102
128
928
925
7
394
453
778
354
247
853
743
374
609
418
730
705
269
16
723
17
733
842
147
966
452
683
614
629
628
732
881
494
961
805
822
869
901
331
624
880
217
492
140
1000
854
573
99
668
931
283
711
861
630
248
998
702
27
847
515
191
338
282
287
749
192
56
969
421
183
173
385
701
671
401
422
836
286
665
844
914
118
708
839
886
87
927
803
599
312
2
919
587
811
612
405
436
525
796
867
432
997
146
864
955
626
467
772
687
632
709
508
841
662
169
920
972
219
447
644
680
896
837
366
346
270
810
127
112
615
10
156
190
941
439
691
499
771
116
249
513
407
225
956
438
728
979
712
734
96
445
434
800
410
23
193
971
953
68
209
167
310
174
134
560
706
170
758
569
493
279
913
954
211
8
991
477
698
562
679
608
859
409
539
274
175
646
780
413
454
767
57
202
636
337
870
387
760
465
321
265
695
826
929
83
417
543
697
903
125
400
141
738
456
809
32
775
638
916
571
555
606
161
514
408
598
985
179
106
335
937
745
42
590
389
450
214
148
472
996
528
255
696
33
276
517
292
288
198
898
81
507
710
24
647
39
754
271
535
197
88
759
831
370
761
308
863
524
62
783
862
685
404
581
912
806
968
894
694
871
280
568
26
261
133
899
95
149
889
866
669
43
98
108
498
714
905
909
491
681
950
589
31
461
75
618
414
722
60
55
675
110
181
823
552
93
721
114
865
672
129
908
79
740
872
403
101
166
963
619
875
684
275
356
48
210
342
951
227
978
917
350
798
485
602
900
878
49
397
352
78
65
645
509
682
983
773
797
314
558
84
216
426
228
788
595
934
92
145
882
660
67
786
717
252
444
519
787
661
412
189
938
567
429
739
383
205
474
420
425
470
359
907
877
486
654
72
398
570
480
793
45
994
893
879
791
981
103
157
457
278
818
932
53
289
268
572
272
315
825
21
621
812
487
187
80
885
281
341
815
824
756
943
306
873
12
980
495
395
674
358
690
625
435
827
960
415
5
585
580
633
473
856
506
402
232
353
59
185
124
41
936
296
475
808
678
344
623
794
933
325
393
785
529
613
652
814
741
340
742
858
332
777
242
226
888
957
502
160
855
273
427
443
466
260
297
845
139
622
460
768
471
883
658
591
834
640
476
143
58
138
488
203
483
109
437
857
100
891
262
829
300
66
303
588
887
659
534
318
277
50
489
704
19
804
641
430
150
220
207
29
163
158
104
582
686
364
63
137
959
884
755
153
744
373
446
523
381
431
942
230
37
926
423
799
328
20
188
510
155
892
559
601
244
578
416
258
159
208
876
620
94
46
692
264
290
316
52
699
512
726
351
254
206
835
119
769
215
921
667
910
298
549
348
551
584
735
637
673
177
503
433
327
361
199
651
345
233
458
241
840
54
976
246
391
945
168
988
365
309
989
586
329
946
305
223
990
176
962
25
132
556
4
807
44
490
533
121
973
135
204
371
243
291
716
649
565
231
212
729
748
144
77
284
47
605
367
91
238
982
848
497
546
218
285
627
386
511
339
14
468
200
379
725
376
915
234
295
663
850
323
924
597
995
9
319
154
326
184
648
532
999
851
817
616
703
375
689
180
266
1
821
527
935
984
152
85
15
74
890
182
151
795
574
451
838
958
481
566
617
782
676
650
6
330
293
239
186
35
30
593
653
18
828
852
136
724
455
789
441
117
993
126
484
801
424
965
36
700
832
406
267
939
736
22
930
897
719
776
576
520
974
594
237
496
201
731
874
324
336
790
904
463
195
816
902
727
550
774
781
378
240
349
752
967
250
213
634
360
372
631
737
770
677
428
544
564
522
895
657
784
115
334
259
964
670
545
399
222
257
713
251
363
479
577
792
860
235
362
113
178
766
304
162
846
765
73
61
526
357
504
462
107
64
86
603
51
521
97
302
459
666
541
82
923
843
600
538
762
221
13
196
299
693
635
28
40
547
171
975
390
165
396
516
655
333
224
71
604
111
718
105
164
779
610
482
440
38
392
501
536
531
369
554
607
970
906
530
343
172
123
