9818
6425
9234
6871
5564
363
3151
7955
454
4413
8328
156
305
2550
451
1831
1989
3949
9627
6014
5679
9333
7092
420
6537
959
9044
8686
4426
6825
1667
7959
9054
1350
1497
7647
2907
4480
8976
9553
7031
8340
8154
896
3179
634
4723
1937
3939
6432
179
2885
1756
7222
640
5547
2026
5103
1769
1422
2691
6323
2288
8383
309
1459
4354
4078
4798
8412
9380
3554
9444
3871
8822
1223
1463
8909
8757
4472
8273
3634
4440
6054
7932
7595
9593
5243
2232
1443
4289
5655
2815
1851
2220
2496
966
6069
8263
1028
1016
8227
709
2115
327
4212
9423
603
9983
2973
621
562
9915
4486
9524
5646
1361
5719
104
8588
3632
1407
8302
8737
4996
2812
2903
8666
3831
7631
915
1824
5919
510
4229
8005
9325
4428
1948
1381
3520
8627
9827
1974
8286
4583
396
4168
9547
6335
4067
8693
8353
258
3224
7642
5388
475
4585
5030
6072
9784
9969
6595
9073
554
8607
3062
9293
9748
3740
4886
6658
2768
9122
5562
1003
3812
8159
1619
1878
6940
5425
1680
2990
5288
5324
8664
406
5956
2069
8716
3267
3736
8726
9844
7518
7919
7907
5085
7937
2451
1304
5147
1722
4855
5191
9199
8975
9638
9348
435
9976
4794
473
9572
552
3300
3355
5234
8812
6422
4587
3518
7075
823
1569
4125
9080
8616
5988
1675
9549
2911
6874
3293
7635
4375
3555
5950
5575
6116
2899
2236
7225
5440
6777
5587
8596
8847
847
4883
6224
4235
7403
558
6810
1985
9812
9529
5060
1941
4447
3160
5175
5924
2861
4269
6143
2988
706
3441
58
3234
2105
7748
9814
8569
7967
9997
311
88
6557
8914
7986
1698
3751
4430
4982
1033
3770
4128
6025
3509
3607
7374
5171
6547
3631
6529
5518
5843
2424
1457
6489
6637
4739
8241
9878
4100
4894
4551
6713
7843
4544
776
5392
6916
5295
9336
9657
8992
8888
3188
1019
6663
7894
9540
7770
8511
4309
1891
6983
7122
3604
2206
3383
5616
307
2119
5750
704
8366
7359
75
4663
7725
4402
6410
5369
8113
8986
2628
8167
3254
9580
2307
5426
654
6031
657
9116
2603
4279
7172
1919
5796
5904
7413
4896
3654
9961
1197
9921
4751
6403
5351
1858
8019
5838
9975
3476
182
6788
4697
8438
8133
1412
1545
6444
1872
4227
3698
9049
140
381
5747
6750
7160
5434
9673
6635
4164
167
5407
632
9147
2161
9992
8620
2240
7064
788
8222
5140
5047
2963
6004
8733
5470
4753
9609
1765
8927
124
1396
191
2283
9322
4681
4731
1883
4373
3440
2552
2132
7355
2900
1253
2419
8235
5114
2898
8722
9785
6857
7940
2397
321
5048
2589
8355
3337
6387
8191
8223
5657
671
5565
1995
3424
5259
143
4047
3018
3957
315
6760
3029
3172
5476
1409
9534
2926
4184
6638
3387
993
5460
1103
9583
4833
7664
9823
8136
1161
6402
440
6265
2088
2402
4335
5768
358
8289
4935
4839
4822
5044
3206
9545
7832
6936
5853
2261
2689
6521
9121
7492
4410
9303
8765
8178
1911
4946
4887
5242
8558
1475
3489
4719
4862
7168
254
6254
7839
4738
5479
5920
5515
3848
4546
4536
1214
228
700
5667
9911
4598
1484
9767
1991
6328
1866
232
3460
4300
1641
4830
6599
2771
1066
2308
2498
1191
2970
8719
8398
4683
8917
8268
1433
7437
8961
8004
3410
4139
3417
1360
5849
9825
8444
2009
3547
5021
951
212
1678
6241
4018
2642
8294
3799
1467
7065
6761
2760
7523
5183
2170
8477
7505
6633
2720
8374
1640
5343
3779
584
3368
7868
6668
3914
1702
4581
2398
2617
5858
5098
395
7711
2915
6279
7744
7428
7724
1182
5654
7459
3628
371
1585
9212
161
399
5043
2200
5886
9357
1551
5801
3122
7332
4852
22
8709
7055
7862
3892
9744
3660
882
5022
6262
5097
7618
7601
115
5592
5596
4191
4676
8000
5520
8264
213
4484
8697
8966
6121
8683
1118
2741
1677
7733
6382
3612
1171
2497
9352
4569
7216
2014
9355
7186
2677
8073
9341
3030
7909
3841
4462
5224
166
8924
9808
2070
2091
5582
8017
4196
1670
2384
2458
3530
9714
1536
2999
798
6814
6293
8918
4474
7805
2079
9089
8105
575
2021
1008
2629
6722
7791
7848
1853
765
403
7758
7737
5722
8344
8772
4193
742
9481
2446
3192
9555
7127
5451
9166
6017
5872
7404
4349
4589
204
2566
259
6888
6058
5198
9622
9599
5195
5040
8448
2237
8150
5472
9527
5608
1310
9750
342
7533
3459
2304
487
3911
4892
8797
3050
3674
7780
8687
666
3838
7050
4881
466
3615
5262
9658
8727
2029
5298
1392
3546
9007
4872
7263
7181
9364
2156
6003
3439
5459
9769
9402
2139
7731
85
5073
7569
6836
7630
9659
8507
3956
4429
9435
805
2991
4859
1470
1269
8915
1560
5615
6891
5231
5876
4586
6543
3737
8334
9665
7279
5648
7689
3749
590
3316
1695
8148
7396
7598
8625
5471
7320
8051
5925
3984
158
9445
8852
5673
2125
6627
957
586
4644
9919
9632
469
3159
2541
1232
9479
8653
7229
825
9026
6390
6342
126
5109
9518
8071
3778
7645
7433
3856
3090
532
7857
6879
4319
9439
4118
5692
145
7278
4979
6539
7807
6867
5947
8637
4006
6181
4133
1755
6012
31
6133
4775
2378
8014
6062
7745
8704
3486
5749
3709
7083
8380
6519
7501
1856
9669
2892
3748
4594
2065
9557
4024
7580
8161
8393
205
2144
6164
9353
8919
9305
7512
9654
8074
9071
4772
100
5422
3746
7608
3294
1451
3109
807
4031
8550
501
974
2793
353
2672
3781
3110
8399
5383
4903
655
7389
639
6368
1448
8828
906
9140
4975
8119
176
8100
6604
2071
944
1854
3883
7971
9610
2590
4329
812
3926
8985
1916
8621
9201
4372
7224
2241
1576
3458
9009
8568
6552
7334
1404
2950
2164
8836
4495
7620
8987
7221
2180
4057
5570
5336
8382
8022
767
4450
5315
6009
5397
9324
2248
5844
8582
8293
94
6218
2150
5976
8998
4046
585
9496
6500
8307
802
3791
8859
2920
4147
3952
9698
3523
5263
264
7380
1225
6792
2784
2202
4086
1007
332
3381
2299
4867
7628
9652
2819
8368
5268
7970
3049
8833
3851
7912
5850
3993
5739
9536
2053
5099
9297
6850
5555
8523
4408
3817
9241
2060
1611
5036
8270
9497
507
6168
6206
1131
642
7504
4313
2124
3658
5761
189
8829
8770
850
6695
4190
1735
2905
9068
4756
5208
8542
3719
9614
6035
7769
8964
7510
7091
4937
670
2438
2516
8841
4549
9958
2666
5417
2205
1644
8652
4254
6621
3093
4158
9970
2033
136
6880
6771
1040
9972
9345
359
4176
3852
7477
7341
6737
6534
1073
9779
4513
4339
2095
6687
4179
9644
6926
7188
9816
7656
8834
7033
8552
4178
9079
7945
281
5217
2906
5574
2931
3728
1201
132
5845
3922
8739
6308
2275
5658
7800
6972
6151
8290
3813
9107
8768
3895
5356
9799
6095
3077
2410
6321
681
4327
5301
8941
9862
7985
3792
7391
6016
129
4106
6642
6087
3646
9383
1842
3538
522
2804
4431
4972
4050
7271
3768
9214
2949
5680
7799
4749
42
8193
5371
6310
8343
3078
3216
8087
9760
3861
6941
6540
6266
8462
2528
3657
1093
5418
689
6030
4501
1173
1556
2521
7583
8370
6447
757
3332
4367
9181
587
9725
5553
7567
4784
2309
8993
2852
8801
7497
9569
1187
4187
672
9175
2724
3512
4065
5381
5527
6620
6363
4999
1136
9137
9612
9629
6775
4261
1762
7629
4804
7741
899
1847
5061
2482
2851
6204
7904
3566
6969
5591
2298
2976
531
5779
2511
9530
2826
7729
1899
8013
8564
5464
3106
4390
4911
4686
4034
2134
5285
2555
5729
2538
1770
247
7536
1848
3561
5092
961
5980
4932
423
4016
1335
3461
539
4909
3692
797
6128
886
7565
3567
1507
7863
1153
1076
6040
1956
1877
468
3999
6610
9641
732
5190
3678
746
5627
4175
8605
9101
3829
18
3946
8790
5162
4609
7384
4357
3036
2699
6354
4489
9981
9886
9685
3763
1905
1741
9339
5161
778
7466
6405
2921
9782
8674
8196
534
1001
3704
8815
6362
9987
4831
5537
4866
7783
2282
3463
5032
9426
284
5131
3103
3189
5241
9579
6376
1241
6507
5067
7954
7460
5523
5566
1270
1238
6378
4550
5013
7027
5762
2554
7712
7669
2634
9694
3826
8735
6103
523
8818
8467
2652
3127
2960
9403
8163
6720
439
6246
6742
4438
2039
7247
9528
8363
7101
9023
1246
8821
3637
1809
5505
5804
3019
858
8253
1327
6726
5387
5971
3144
6875
2935
5929
8932
3947
4304
6154
1312
3187
6782
9901
795
6028
2607
7468
9028
1089
1473
7824
920
8908
8329
2238
2531
9227
2972
3008
8944
2858
4936
3311
9587
6277
4277
4576
7677
171
8995
6212
6650
4414
4135
8032
6013
9438
2191
5254
581
4092
8095
6358
4803
6943
7974
5313
7685
4651
5396
8554
2287
8242
8809
3199
9376
9395
780
1636
7277
144
7439
65
6662
8183
8963
7447
6744
8011
4267
9677
6993
563
6125
6355
3255
7997
5945
5851
2172
705
9337
3537
2085
6385
907
5887
7614
1801
1190
2737
2996
6466
5951
1563
3073
5922
4815
8574
4645
8488
4765
2177
7140
9369
2636
8819
1874
1786
7603
484
2211
5579
1727
5084
2046
1526
1165
3885
4032
6605
3514
3816
9371
1374
8580
4263
5402
9719
8761
6426
8473
7030
8530
4591
261
4933
6568
422
9432
6453
5051
5019
9024
7408
2143
3087
9232
8618
5207
4632
5604
4165
9127
6808
8606
597
6023
2645
2864
3386
2532
5437
2032
4944
999
9015
3268
7546
3258
337
6299
7697
5634
8635
5984
4365
9865
855
6570
6196
5069
1035
449
462
1353
5513
5000
6852
2962
9628
2182
1825
3919
960
3573
2567
5605
1338
6767
3676
3904
2440
698
9398
1494
7351
8874
3371
1406
4921
8339
4795
3542
2294
6790
9329
6858
1723
91
6966
8048
3824
3334
7326
9999
6282
5408
4192
9749
1627
7040
7258
9081
5642
1383
2791
8411
6007
2997
2152
8734
5245
8604
7926
3227
7675
7191
2738
1256
8337
4481
1492
1994
7108
9120
9739
482
8012
8188
4167
606
5299
8431
6106
7654
5816
8357
6214
4332
1325
7356
4010
5429
53
2246
5080
2776
2622
6433
7169
8018
7002
6985
3083
1017
8553
3240
8169
6946
4148
1876
7167
7129
9558
9866
8684
4875
9261
1148
9938
5842
3161
3308
4851
1690
5912
3916
9211
135
8898
198
3917
2154
8089
859
5121
8107
5307
7287
7170
5707
8505
1364
8081
7623
4934
415
5663
8978
9213
3697
4136
7171
398
2527
8700
9294
3082
5972
9884
2840
2694
8682
6270
5499
9274
34
3940
7682
7018
9584
9100
6881
2705
7491
7886
2746
8280
3921
1119
350
3404
4397
32
3064
1806
5420
5360
6817
3158
2810
5269
9312
9664
1481
3652
5444
9017
7996
7946
1302
9607
5525
4138
6260
5915
6908
9149
2594
5326
1645
7908
3498
8615
737
3568
5166
713
1595
4215
3950
1879
1949
8958
572
1587
7142
8254
7953
6107
6255
6048
6569
9613
2948
1432
3034
8875
1638
4961
8835
1307
2324
73
5495
1440
1204
7670
4709
7038
2356
2606
5280
5477
1811
3578
7841
1090
6174
7442
7423
8096
8665
3937
843
6183
3253
693
6819
314
3511
3309
3277
3145
1628
804
8233
8275
549
2820
7394
6566
7353
2272
9087
2255
2301
9804
2286
2667
7636
7162
1983
4522
2386
4369
7383
3142
9161
1134
6316
8469
9810
4035
5317
1521
6002
8545
118
8099
4869
747
3212
4970
6954
7768
3358
9373
721
4655
2762
8576
3445
6043
502
6910
4603
1681
7415
6377
934
4412
4311
9765
6707
8101
3595
4779
1300
414
1914
1258
1399
2575
7473
5542
7964
5059
6317
9643
8830
1810
3301
1830
9860
8547
496
779
827
3286
1833
6411
6929
7410
2932
25
2216
5558
202
6513
8780
5189
7148
9617
8926
9152
5807
8706
7531
5509
2358
1322
9734
2888
1446
9256
9646
1240
5923
5494
9560
2560
5329
9150
6501
199
4786
7853
3571
8513
4627
47
9948
147
6541
5961
8176
3426
3927
8059
3951
3252
4505
3906
4008
694
7150
7023
4288
5095
5767
2730
7465
9102
2360
7607
1235
4384
5773
1059
7032
9151
2515
4222
3563
5271
6055
6733
1284
2339
1982
3104
1582
9633
9831
3493
8476
7509
3205
6170
4392
1048
417
1925
1705
7317
5652
6295
3228
8617
617
3423
5800
7734
8465
743
1275
7752
7649
4799
1415
6463
6847
9554
4771
8088
8854
9526
6370
3185
840
2845
3898
6674
401
9876
8405
5810
6372
9106
5705
9358
1971
1898
1086
5834
4326
3978
1859
9854
1352
7243
6692
8999
6442
1096
4925
5497
2502
3226
9400
7851
2392
3478
1889
1767
5917
3344
9002
188
6716
1159
4910
5404
8788
3720
1790
8773
8497
1349
7390
6811
2167
521
2816
7789
5814
3403
9041
7179
2688
1778
3887
5903
2790
4861
3948
7387
8040
203
2325
5352
3429
7276
2770
5511
4069
4330
5746
2467
4649
4757
2779
5860
2457
1839
2331
3614
9771
8175
9568
7727
2137
7379
7815
7306
3412
3601
566
1141
4452
7364
2534
4514
6987
2987
6953
360
9128
7124
5345
4419
8433
2427
5302
8316
485
4959
5666
364
8808
6053
4328
908
4033
498
6297
6327
5132
6193
8414
824
2615
3290
8407
7519
9428
1468
8811
9582
6085
5342
2178
7795
9775
6105
3317
9130
4049
9604
272
4231
5306
5571
455
5809
998
4345
3876
8902
1243
9912
4305
7797
5179
6844
7876
5709
5661
7764
8376
7657
1354
9382
5088
2075
1125
7902
8461
8884
1745
8103
185
7049
5798
547
6965
2809
9192
6889
511
5076
3055
192
2382
6977
5125
9286
7993
1610
4690
4652
9197
8396
8078
8021
4510
8387
5272
9447
3175
3070
1342
2708
2514
8731
9989
9940
2834
7226
1499
1218
7378
5038
911
8420
8510
8009
8603
430
1245
7804
5830
2722
3759
4991
7335
7717
8950
10000
446
5760
987
7502
1489
2423
4963
8863
4037
3223
8695
2185
3992
6714
9014
4388
4712
9922
4337
7564
7147
2639
6178
5225
2756
2346
519
1992
1805
6419
6822
1254
9421
8180
2006
701
6911
5857
4986
967
5276
4931
6271
6222
3519
6108
183
8668
8779
2086
5363
6182
7367
879
3418
3710
2414
9405
4714
6690
1198
836
1379
5246
1615
3711
5395
6019
9792
1194
8315
9091
2993
2379
2570
328
3242
8325
3987
564
3413
690
8519
6693
4977
4742
2520
3091
2821
3378
9469
402
7584
3074
3330
1049
5260
7061
467
9088
7905
8922
6832
3177
4021
4612
8679
9448
5846
8758
9995
9519
6770
97
5752
49
4061
8671
1052
6503
2433
8891
8823
4271
8132
1347
7099
3574
8789
9019
4737
6962
391
6961
8557
3620
1622
8503
3473
2684
5066
6526
4817
8134
2002
3202
6856
296
1633
4718
7914
3469
6117
5118
366
2813
5803
8492
7274
4537
2848
2766
6520
2317
6452
4114
2310
4068
8866
5866
3467
8130
8698
5942
5812
9845
173
7855
6365
7233
2041
4807
2163
9942
9038
800
2610
7793
3661
5071
4826
5212
6384
9155
5715
1439
36
8204
9242
4213
7399
8236
3352
7829
6689
2111
1384
3022
292
197
6723
6251
2483
2285
3182
8125
3222
8217
9476
6021
4518
8109
6285
4170
2939
5580
4152
5213
2455
8493
5201
6718
7576
2040
7209
2023
7766
758
235
9649
6628
2344
3006
7503
6800
2326
9797
8276
8551
3178
8694
9968
5399
4207
8171
3399
830
7896
2928
7942
387
7141
6846
8194
8455
8724
938
9788
3536
2876
1757
2453
263
1752
6759
7220
9063
8578
4451
8041
1416
4294
4792
1369
1959
9230
8151
6512
8274
7090
3550
8800
6702
4200
1674
6294
6548
429
1414
3833
267
2235
4285
3095
2127
8531
718
2335
7434
7600
7431
7180
7043
1600
8952
4093
542
9741
9602
8896
3775
6914
5977
620
6397
1012
5668
9386
520
7397
7213
6606
3642
4981
5319
2319
6136
1285
6322
2213
1418
4113
8594
2373
4241
9715
9131
3696
7046
6437
3031
7787
8258
583
8798
9905
4951
5633
8379
5870
4268
5106
8138
9
4262
7611
834
7135
5348
897
8710
8072
5576
5914
7516
3402
4306
1596
5530
6101
8676
5136
9377
5380
7295
8824
9180
1549
8638
4272
6236
3502
2348
2263
5710
44
3038
4929
4995
7735
7402
5672
3810
3167
2328
1952
1196
1039
9679
5372
7445
4361
1281
4770
3442
3969
283
9356
6066
1062
109
2408
409
1043
4964
2020
9926
6360
643
7820
4787
8883
1146
2068
1624
569
4182
512
107
9115
3821
8085
6870
618
1781
1900
1340
1385
5653
378
1620
3732
8940
5609
5441
7039
6454
6798
6893
8776
4834
3265
6339
4111
1910
1220
3395
6348
133
7835
1782
3126
6146
1155
3894
5528
1025
9433
8483
736
3422
3874
2856
7977
933
9078
4427
6189
7837
1944
3147
3433
3054
2024
4026
2277
932
9723
2682
9917
7318
6326
6553
5173
4255
2797
3457
9260
7419
615
3983
41
3474
1272
2500
336
9630
7716
1912
5611
2943
6774
4823
2359
6727
1612
9473
3315
5970
7938
7691
5987
6408
5805
725
5753
6099
3105
8533
5938
6854
1567
7388
7875
4717
5194
8319
7297
4790
1764
3886
9551
2025
6728
9752
8804
4997
9786
885
4498
4882
6162
8794
9891
5561
2894
6421
323
1370
3314
9231
8354
7282
7117
831
1500
3864
2922
3507
2551
6205
9777
8181
9487
7778
6359
9204
9032
4102
8543
9695
6470
4511
6612
4902
2621
3195
2089
1485
2600
8740
5158
1348
61
6052
6307
1242
3273
1192
8816
8365
5465
5159
1951
922
4617
3407
8454
5708
8332
8314
8450
2461
6439
9781
1158
683
5723
5116
7454
5461
45
9872
7927
5091
5249
4502
7176
5149
5813
2028
8729
393
4748
6905
5017
9205
2416
2503
526
5489
6938
8090
68
3930
1168
5577
5063
4048
9759
8793
6344
9129
5612
7699
2811
4245
2215
9250
1570
4110
9885
9070
3757
9563
5759
3380
4713
2049
7530
9295
6609
3472
1047
4009
1668
8173
9597
3842
1206
773
4552
2148
605
3340
4918
1639
7490
5222
9746
5640
2559
1193
2866
1725
5847
6949
1642
8901
8855
7097
3651
9880
3745
2459
9425
4043
6721
4561
602
5959
9162
8949
2936
9340
3288
9770
7313
5214
7707
5110
4528
1753
4994
5882
3261
559
3431
3155
813
8394
4524
2901
3703
7897
3803
2435
2710
614
3119
8556
40
227
7563
3341
7223
4976
6356
8361
426
3356
2126
5413
356
658
3263
9947
153
2465
9414
1721
9537
4053
9215
2130
9360
9018
4889
6139
7125
545
8055
3016
8867
1085
9323
8681
2186
9793
347
8417
1301
3396
3708
3667
106
7328
4984
291
2661
9656
6749
9674
8456
4471
516
697
1138
7499
2357
8534
5949
9139
6944
9964
3600
9594
3280
3039
8212
7557
3622
988
2872
5585
8826
8971
9623
828
6877
6671
7736
684
8358
4499
738
4012
4562
4577
6997
8696
6669
8928
9389
3798
1505
5651
8106
2212
9692
5725
9834
4532
4027
1244
9464
719
9347
6398
1970
5978
5493
3875
4274
6499
4130
70
244
3603
2586
1355
388
4107
1260
8117
4072
3471
2057
8501
116
996
768
8642
5738
6598
3299
4460
4827
141
7363
9592
2747
6201
1334
6580
9841
1486
3154
1166
2623
3245
5777
5721
8234
5688
6794
2735
216
6601
4533
9186
5741
1795
2101
518
8720
5875
243
392
5788
9533
4454
5081
6883
2336
2035
1654
2529
3278
2578
2706
3304
1813
4366
9567
7696
3884
3569
6872
7494
2166
3954
2464
2927
7665
7893
4695
5390
8285
1965
5333
219
6885
588
7594
1129
6807
3443
553
9221
4040
3809
7254
8661
5358
4900
8651
7619
628
1822
2160
9581
7641
8988
1658
7342
6032
7343
9934
3318
4914
5933
4276
2750
4478
9855
7218
6400
9711
8803
2653
6245
4832
3363
6643
845
7350
6474
4841
4710
2958
424
4160
3933
5868
1506
5318
2877
1053
1915
400
4085
2096
4105
5122
2713
9721
4377
5227
3451
6129
6975
2406
5303
6119
2332
3338
7911
7571
7257
6126
5049
969
8663
3680
5039
1558
5046
3961
975
4736
3069
6589
6449
351
2749
4694
5378
2400
8226
2447
5126
7370
472
7110
1779
9486
7412
7305
7520
4573
6653
9909
6645
3080
582
1367
1421
279
3551
955
8573
7401
3691
5142
7407
6144
6153
3789
9069
276
2407
2184
6457
5182
8200
5684
2697
5365
4907
5308
7982
9978
3865
2135
8631
6567
9882
6781
330
8084
5257
7120
8362
5538
8633
1050
344
6711
3767
9306
8599
6613
4534
8310
4019
874
8397
1766
9450
9667
4188
6173
3241
6300
6925
3844
9291
4355
6697
1234
6924
6258
3617
3235
7131
4094
4610
6947
6632
8094
9605
4312
3687
6525
4445
3329
5502
1802
260
3246
3870
1815
2838
2117
3859
3989
6684
4115
1972
3656
9379
7009
9670
5337
3351
1105
7960
7054
8688
3057
1894
5902
8647
4692
33
5700
2354
9601
6709
1476
5734
6157
8091
983
3585
4153
1341
5996
2767
8157
3606
544
9077
1662
7450
4600
9501
8207
3650
4810
8581
5139
775
6383
8764
4611
7881
608
3743
7963
6834
4363
4197
9787
4208
7640
9471
2781
4825
2475
7551
349
5837
9745
3908
7264
6661
96
9281
55
4793
1188
7022
8562
4516
7436
7288
7086
9504
164
7771
8395
822
6060
239
421
5737
6851
3815
5893
8137
2727
6303
4063
7872
7784
7730
5023
3854
8960
4280
5484
4541
3776
3544
7869
7527
6010
6290
6441
8144
9169
9907
5153
7999
1964
3594
5423
80
8381
1483
9742
9484
8160
1943
1479
9890
8721
6078
5681
7708
5994
6698
8839
386
257
8886
1226
1504
6845
9012
4129
6560
6065
4877
6200
6478
6075
7722
9429
345
4983
8565
9941
3052
8814
1377
5588
7185
2646
8297
4087
3279
9514
6970
1747
8172
1656
9223
9883
2188
6878
3098
9209
7045
1337
6648
6647
4123
6427
4747
6594
4504
6866
4225
8587
9066
9710
3121
5549
5802
4076
3394
2841
8122
1273
6240
6649
6682
5697
5888
528
4500
453
3764
3065
9385
3565
8303
4044
5943
2315
8657
9998
1079
8913
734
1456
7500
6414
3598
7754
1804
2712
5745
9465
5219
4637
2912
6514
3243
9954
2598
4483
5334
5935
9701
4735
2273
1594
9270
4455
5135
1679
1175
8713
122
918
2742
5009
7275
1288
890
6375
3437
8035
4989
1465
8377
1152
2312
6796
4014
8250
1692
8810
3023
3558
1945
6109
3068
54
3735
1979
6915
2013
1816
5517
4842
6886
5296
8306
3012
9387
90
3306
8080
9939
9977
963
4698
1222
2313
1268
638
3213
7296
4898
5930
7241
9755
9805
9138
1041
4079
2785
9778
1931
196
7570
2257
4336
7336
4151
9311
5237
7244
3251
2518
763
6371
1724
5120
3991
7432
703
4634
5004
1249
335
500
540
7671
7173
7903
5119
506
2670
7372
8464
4259
2330
2058
7720
208
6083
9870
9474
5294
530
4322
8400
4662
5831
1840
266
4488
7987
2437
4041
7026
4202
3903
2183
5491
3932
6480
1419
662
2480
4494
4236
9795
674
5452
9848
9314
8322
6784
600
3981
3643
9033
6159
6175
4547
1072
299
4002
5598
48
2064
641
2895
9057
4535
3931
556
6228
8805
4716
5412
87
5020
9335
8208
2443
2933
5665
368
6746
5283
5516
3094
6306
9828
9625
262
2199
5011
3272
5148
28
5270
3707
8802
4432
2599
6096
1027
7586
4477
8639
2883
3525
4542
9220
5656
1267
8491
2817
6586
2149
7702
5228
7517
1305
8128
4774
7922
4636
9313
2782
609
2665
6672
971
6430
2640
8689
2158
8413
2647
748
1999
9606
3401
1104
6336
4990
5305
2253
8592
8640
7650
3878
3782
6051
4558
6816
3629
4458
5052
4119
902
5486
3977
9868
9235
9163
3325
2613
1554
4553
6491
7382
2692
8375
5937
5629
5756
2711
8591
6046
2611
2436
9378
2054
1541
504
3534
7159
1296
6667
9733
1789
4064
2471
5424
8449
1737
8561
8229
2415
5458
1237
2007
6343
4238
3858
1511
354
3505
989
7773
3113
2648
6227
6624
123
1496
5828
7136
4746
6678
3207
2043
9653
4657
644
2375
6812
8452
2333
4895
1295
6211
976
5783
8659
1132
9893
5662
4517
1803
3636
832
1580
5133
6922
580
9191
3819
4715
7253
724
3626
591
7714
7638
6333
557
3888
7329
5589
1435
7182
285
8595
3508
2930
881
4104
8063
3416
2859
6763
7811
5873
2572
2800
4287
1482
6379
460
6868
3971
4789
6572
6412
7072
9040
2428
565
1306
5897
576
119
6931
1650
1564
1740
6516
5156
2758
8871
7547
7151
842
5698
6670
7870
6380
6264
9200
4846
434
7790
4457
6167
6641
9092
8195
4290
4639
7992
6148
7463
9918
7713
9210
5883
2499
6859
3061
8699
9167
3624
3973
60
8139
3446
7339
6981
7373
362
991
340
6050
2442
1427
6418
5512
9803
5406
2854
2349
8715
9168
857
2743
1697
1907
8754
7115
8752
9483
2917
1800
6171
8331
8775
7019
2803
9043
8460
1657
59
3370
8742
6313
5727
8336
9165
6559
1009
2512
503
9826
4074
5456
8206
4292
7214
8060
2601
5232
5130
3163
7458
4325
7290
5953
1324
5607
9626
8644
7756
6894
4669
7874
5557
4720
3382
1746
312
4131
8401
9317
849
4800
5248
7515
3464
2947
7174
8267
5403
5115
5815
7302
6008
2673
8559
5008
1834
8517
1604
1988
2189
3190
6158
8152
3364
6675
6194
4702
331
2151
7344
7782
7349
9544
86
5962
2204
868
1774
3180
2229
9246
1298
1170
1515
6275
6764
7686
4436
6902
2557
5338
4415
270
5405
4341
9538
6155
3411
9736
914
3169
2227
8437
2513
1346
2824
3541
7114
5567
5230
4797
8062
6934
4173
1195
2954
6995
8619
5419
9094
5855
5293
5421
1950
8232
4029
8820
8408
9957
5312
964
4768
1371
1373
3164
2159
2952
1207
4606
5702
4596
6505
2882
3081
1780
1707
9320
6217
3613
238
2074
8953
8214
5096
6928
5982
4962
733
2542
5284
3326
860
8135
2017
5070
6518
8174
7935
925
9255
7163
4109
2073
370
953
527
6415
1210
5599
338
2387
3982
3532
835
5215
1130
8118
105
376
275
6942
2432
6869
7368
9953
5606
7668
9686
7430
5820
8114
1252
2580
2495
1474
2508
6102
5028
9585
1748
2725
9058
6907
4876
7615
9516
1579
9571
5093
7488
6950
4405
6361
6558
9647
7934
5733
1111
4185
2019
9889
2890
6979
7588
7952
7483
4680
1557
5660
7833
5141
7095
2860
5891
8187
6093
3297
3893
3808
2971
3063
4360
3729
2351
4204
808
9949
9265
4592
4321
8723
856
1133
7446
3134
3506
1343
8984
9910
3456
4359
1286
2355
3596
1403
1010
7417
5597
7544
1113
9761
9993
4391
8787
4417
1571
7845
875
4696
1976
7212
5454
7575
9093
7721
2941
2929
3730
8980
3448
8567
2271
4199
3310
9332
5827
650
7762
2549
1135
8911
384
6423
3679
678
7624
218
8459
4848
7435
7011
2405
5744
4243
3101
2584
474
297
8840
6404
3257
8546
3575
4666
4567
1185
6731
7951
561
4091
3331
9183
2966
3259
1278
9603
9480
8887
3086
2835
9082
6090
5992
6651
8943
4156
9849
6467
9509
8155
2175
787
3820
6456
5074
7443
1895
1772
3630
8309
5735
7183
2242
3353
4056
4930
2868
9030
201
2228
6956
2680
6626
4159
5898
6238
1426
253
5178
5275
437
6407
9898
3788
3239
5292
2745
7228
688
8817
8759
180
6791
1653
888
4699
5713
7325
8069
7195
1495
4526
9229
5152
7103
5720
9564
826
3715
2664
4580
1078
9257
9112
4604
9266
943
101
3873
39
2391
5643
4256
6045
5784
9417
9521
8831
2686
2716
3645
6659
1199
3112
6691
2602
8170
980
7074
7058
4444
1294
318
2891
1063
3313
6523
242
8732
1906
3236
6590
7035
6132
2937
5957
2829
2795
7994
3997
6172
5794
1140
3802
9060
5712
324
2792
9798
1069
6805
3365
3150
3801
9821
1933
5475
8977
6666
3465
163
1099
5455
8858
1117
7755
9366
956
5975
9185
9247
7284
9225
9861
4209
6835
3714
8050
6127
7542
6210
5856
6769
2368
3333
4590
9284
1783
9344
6291
7246
2218
4847
7592
5322
9415
8126
3570
6732
5253
2297
7808
7255
1109
9815
5990
2874
7219
7555
9472
4640
1986
7016
4258
3319
495
9768
4758
7315
9045
1591
3043
2801
103
7679
4103
8725
4864
8288
7424
7337
1647
6098
1716
2380
5973
5111
6937
9935
5964
4098
4052
4868
4347
165
8203
6608
5889
8903
2343
3828
5677
4593
6226
9819
8862
1693
9108
4273
7823
8718
3663
7358
7572
9449
5385
4648
4922
3305
5676
942
7873
187
3392
2806
4527
248
4475
9500
3367
3818
1523
9631
5590
1566
7684
8760
2243
5137
3264
4232
2003
7314
76
6743
2042
6179
1461
1441
6809
7000
9663
7192
7788
9145
4656
2434
6955
4967
7076
7444
1929
3425
9189
8791
4407
1469
9331
4463
2431
3935
411
2352
3001
3454
3193
2674
4150
9141
1818
2843
9929
9913
8890
7877
5532
8300
7472
67
2627
3694
3173
1902
2018
8648
4174
7695
9980
2120
9700
7532
1393
8348
6636
8609
2481
5112
6904
633
5261
1869
1798
8372
8156
7739
4820
2626
8145
4465
2051
3912
8540
4743
5907
4878
4947
4201
3132
820
7646
200
3549
5445
1715
7933
8249
1323
8335
660
1100
838
3777
1728
8612
1812
5620
483
6147
3419
3880
8489
4089
3302
385
7821
477
4071
9457
1110
1613
9732
3907
9440
1908
8525
2377
982
4850
3435
4220
9596
2545
1700
8672
6652
8537
8149
8899
3879
716
4479
8947
6755
8506
7709
8312
4266
514
6725
5297
9960
6615
8942
9971
7596
5732
2254
4840
5683
9283
2083
9056
4017
759
4574
1980
4854
9840
2608
913
3492
7581
6583
5726
3146
4224
619
2748
5492
8624
5379
5718
5377
1363
7609
7891
8711
9179
1896
2523
9706
1758
7164
8650
929
6288
3576
5389
1074
6818
6318
194
4234
8419
958
1530
5852
5751
1051
1068
4137
3320
1924
2604
7071
1420
50
5311
9172
7395
1330
7438
1314
9466
9598
51
2337
5967
9578
7475
8070
8502
1490
5236
8082
5393
4145
6899
4386
1635
8527
5995
1623
5056
5625
3545
7256
3725
626
5998
9561
5911
6001
9984
8042
8458
1606
9170
2484
4171
1608
3427
2295
2314
1224
2327
5027
9368
3877
7838
7398
6020
4688
6156
4836
3323
5510
7153
3479
6081
7621
8008
8708
6207
8272
2896
6848
5035
5193
5687
444
5932
6349
3718
4223
837
515
990
9906
8066
3942
6482
8410
2728
1057
4368
2683
7426
7467
128
3157
8016
1137
5795
5782
256
6292
9678
3503
8881
9925
2808
3496
1544
8077
3762
3599
1122
4456
2732
2583
4464
2066
7627
3647
1660
8031
1280
5955
8115
2786
7291
2155
3944
3934
4395
3644
5104
7270
8845
7130
4476
4874
3535
9062
6340
1934
2472
4597
3485
5082
2910
9427
1784
1095
9098
6897
945
1754
4641
6061
7561
2403
11
1987
316
631
3925
2886
9244
8251
4338
2507
1977
2568
7883
5563
8116
6717
2421
2655
6027
2463
1262
9683
821
610
456
1666
4237
8028
9959
1625
6484
3130
2219
2651
2131
355
1849
7251
120
6435
1913
3111
5226
3685
367
5087
7338
2108
5632
5240
2448
251
4943
222
2460
69
5199
7545
5235
6617
978
4140
9269
114
568
8951
796
6673
1771
3269
2059
1704
2171
7779
1841
9413
6797
3181
1449
1277
6579
3964
5328
6783
9541
5717
9381
5940
5921
3741
2593
9994
1954
1708
7298
3295
8783
6476
1888
9095
4566
3397
1865
5184
9035
300
5906
5416
2787
8938
4275
4293
9207
7786
3420
3750
4539
869
1703
7777
7319
306
1729
4818
9003
7602
9393
1120
4297
8247
5203
3945
7307
2276
2873
2982
448
286
7535
7360
1967
4919
1969
2044
1121
9747
1271
6757
5514
3668
7119
3203
2489
6778
9513
711
9699
8047
6481
3712
7205
127
9350
9159
2245
9253
6483
5090
2389
8560
2488
5867
303
777
7193
6350
2323
9990
7322
1445
7681
3085
9780
880
7008
981
8636
7036
7890
4512
26
8065
4707
6079
4693
3487
6988
7487
9463
1356
2995
5481
730
8430
7830
9697
7794
2649
1400
1763
7273
4631
9982
1826
9836
6530
5981
1107
8261
7521
7293
3562
3191
5316
3721
524
8601
3836
8373
2842
8946
2669
6286
3902
6445
714
1731
7096
5398
9556
2072
6094
7663
6137
5531
513
2136
760
599
1029
7898
663
2539
419
9903
7029
6820
6122
9503
3079
2050
4001
1094
5400
1886
1308
8730
1501
2411
3684
8049
3659
2818
8991
1691
214
6252
8853
6465
4985
7666
2342
3361
6703
4893
4571
9796
1351
5206
9858
9559
4762
5535
10
5613
7507
7672
9873
8771
1665
2509
6799
846
207
3369
6802
8295
8457
8210
6187
2393
6734
5216
1319
6364
5323
8929
5552
8425
2176
4599
379
3653
3285
1718
6091
741
6114
7057
2616
4453
6827
95
8870
8432
3152
9832
9726
2662
4530
4362
7113
7678
979
1164
5375
5160
7051
9490
9188
8954
7568
4210
3059
9666
9689
7813
3488
3590
1037
9950
3
6120
4568
6522
708
3020
2008
4284
476
1739
4423
1180
9696
5034
4437
2372
8678
1761
450
3005
8498
1609
1080
6656
6506
7690
6542
2366
7478
3860
4370
1837
8426
1376
3766
4132
4744
1694
9896
3872
3131
4434
4582
7323
5766
3814
108
2292
9532
7157
7613
2165
3166
2526
7062
6639
5089
4916
3597
3156
4575
8058
7831
9208
947
5974
7738
56
5892
5568
910
7537
1358
4303
9194
2210
5724
8184
3468
7632
1378
1313
5339
6510
2034
9624
8228
5678
7553
2989
889
9830
8321
7056
2510
7529
8475
6712
1890
7719
7012
2698
5908
7316
3026
319
6281
1209
8577
1537
9114
5644
2879
2268
4251
2047
3572
4491
578
7079
231
9399
7089
2524
8796
791
6080
7626
7482
6625
5787
2923
1263
1221
1030
7693
3432
6960
8832
3048
3350
438
9833
3807
6304
1548
1326
6699
226
8856
8442
5287
6813
2470
8076
8997
4446
3579
4020
2474
4667
1102
6884
9904
4835
2675
5350
1661
2744
4143
4169
3217
7998
1871
2116
7105
6247
1520
3909
1751
7700
878
762
4860
6729
8751
529
863
8910
8287
6208
3548
940
8610
7094
7441
2061
4814
2067
8347
7814
6420
1023
2430
4913
6984
2978
8880
5551
8655
7683
9675
726
154
441
6747
1428
5931
6369
7819
7625
7718
334
5003
9676
6779
1264
2548
6392
4626
1149
6118
7484
2865
9103
5355
1213
1108
9566
7143
7088
1584
4217
7111
5100
3256
712
1940
1946
7674
973
9728
3021
5079
5690
1067
2418
548
1918
4642
8345
6730
9707
8252
377
3722
9477
4521
3035
2536
3677
3481
4442
5645
7200
15
8131
9822
4608
8045
2731
2703
1819
6068
7418
2631
9688
9791
5874
1565
3307
6533
5799
5716
6708
7917
3845
6532
2904
9577
4584
6391
9029
1410
4579
9492
2370
5506
1229
64
2169
4144
6623
2726
6049
5689
6134
8889
1709
5488
8813
9216
8186
6338
2789
8224
1058
4239
6524
4993
3140
6104
5623
6496
5706
8973
4005
3669
3118
3450
3138
839
2022
6939
1292
3980
2833
9343
3890
8237
4466
152
1590
6140
696
4350
9897
5042
233
9037
4007
862
9705
9636
1947
4508
1920
7082
7698
1389
5519
9680
4904
7846
5068
410
8743
1065
4112
533
1395
1123
6978
8844
1873
9850
273
9916
8002
5394
5050
8428
5764
1345
317
3248
9083
6434
4870
2582
1935
7003
2281
6149
2045
5840
1056
8441
2112
3853
8083
1687
6042
7462
2624
4374
4101
7984
9588
8189
1259
1046
9259
5743
7658
9595
4340
9346
8240
3540
174
7861
8120
302
2953
5332
1864
8879
8403
7217
3027
5310
6927
699
1024
6399
9531
9422
7732
5453
6546
2533
9590
3723
7207
4257
8284
8571
9650
1807
5473
6508
4899
611
9047
3075
3120
5320
2967
2365
8010
3900
2187
5524
4011
8827
2425
9034
9645
8350
5478
7249
5185
5823
6230
7981
4891
7889
1336
8313
3793
2374
5879
169
3366
9955
8528
6577
5025
178
6865
8904
1775
1517
3428
8972
5233
679
4084
2063
2077
6706
4134
806
5521
6424
6416
9280
1493
6166
7549
5829
4051
7775
720
322
4940
6752
7184
172
4674
3482
8521
695
1437
9498
8201
6909
6971
2992
9570
7201
9308
5300
1706
9920
1881
4155
265
6591
1289
5430
3066
1546
7481
7486
2394
6036
9434
9887
9307
1843
7648
6056
1814
7579
2118
4406
339
1577
1732
6766
8038
8352
9436
7309
904
4403
6900
2564
3936
574
573
9618
8046
9946
4242
9693
9055
7267
965
5274
4399
2938
7864
2579
5757
7269
7990
4897
1417
1860
3231
9219
4496
592
8421
7834
3965
4915
2796
9619
6278
1605
6092
8707
6231
6776
7680
9951
2980
5758
9391
7266
6041
8762
1601
3139
4282
9512
7139
1430
6903
2097
3349
6920
6242
1583
8164
5991
7560
607
6502
1923
1026
7493
346
3616
9171
2233
1375
5370
8037
1491
1939
2168
2289
3375
2376
6389
461
3975
6748
1200
4490
6864
4116
7947
7591
2965
8061
9454
3117
6458
4650
6309
9520
8837
2543
3292
4230
2320
1808
9420
5169
2104
9236
6793
4605
8496
4908
596
992
4703
3974
6084
4659
3214
4730
4320
14
457
6724
5474
9239
5409
6320
4180
7667
3772
9758
1719
5354
125
3405
4722
5450
8098
3635
9277
8585
7471
3040
8634
8453
4957
1455
2956
9267
1796
729
2
686
1391
6923
2573
4154
6110
865
2884
1387
6059
4189
2832
5490
1442
7250
8292
949
2701
761
2082
4543
372
2968
452
8945
8039
8356
1518
786
5357
4099
6160
3959
1042
7392
3497
3915
8385
4077
3058
7965
7017
6762
9655
9050
9174
7989
676
8406
4781
4912
509
4796
7753
2247
717
5433
6563
3133
4958
1020
6921
5163
3359
7123
2700
900
6417
9681
1458
9930
9182
1054
5602
3312
3128
3210
871
8717
6393
8957
447
3985
190
2799
1115
7825
7292
5819
9407
4443
7248
486
5327
3633
8974
442
2863
2341
7227
3593
9097
935
5218
6131
5821
5983
3850
4376
2224
1394
7331
3889
7161
8590
9515
8529
4515
6564
2485
6838
277
8185
7944
3244
8360
3148
6989
4469
9546
2690
4028
622
887
7134
8842
9411
7633
6694
1091
4616
1316
6462
5691
682
4625
6906
357
325
9039
3007
1958
1852
1927
9442
1084
369
5554
8023
3430
7261
5289
4186
6958
2278
5134
8685
2525
9924
6679
986
343
5428
6680
9456
7913
8586
9268
8894
7939
3084
1547
7566
2103
5314
8146
2519
9203
9932
2563
2678
811
3041
92
4519
6634
6996
7109
9412
6681
1382
2981
3137
3347
9105
783
4646
1617
3580
1257
8712
883
1236
8341
4941
7765
5696
1573
5335
8885
1592
7330
6261
8299
5128
37
977
6448
7976
480
2830
3609
7005
9611
3673
2280
4216
5671
2221
6935
9648
7812
3184
2259
6655
2605
1672
1936
4706
3513
2961
9737
5765
8259
4601
6582
7662
2734
6815
8197
3785
4763
4559
6739
1021
3882
3901
9539
38
5281
8291
751
3237
3194
78
8298
8680
2239
4670
2544
1372
9842
3857
9718
8346
3822
8471
6493
6531
4264
4917
1438
3444
799
4554
8246
5210
1203
2244
7978
8882
2977
7158
7366
1147
9022
3466
3726
2704
4672
6768
4075
5584
7340
8015
8075
8057
8006
1744
877
1219
5347
1013
1510
6494
6896
1487
9000
4920
5341
4968
8969
4281
1230
7240
4333
1572
8199
408
7078
5628
6005
3028
2256
352
2413
4394
5442
3042
8703
3453
4752
3693
1081
2630
7822
5968
3649
3500
5769
8799
851
7526
4380
6664
3586
98
1162
3869
9508
6736
1239
4206
6616
5094
6665
2676
9753
278
3905
3897
656
1255
7210
1651
8487
4619
465
4203
4673
5775
2831
3862
5669
3197
5366
5526
3115
3995
9190
7513
9226
9807
6026
6901
5439
3855
5507
2951
4760
6863
1768
5771
7538
7238
6600
4015
2363
4314
4348
661
4122
5251
6373
1274
2751
785
3979
3967
931
5278
1034
8108
9006
8660
3539
2924
884
2850
5273
4124
3990
1211
7852
2658
7847
7294
1172
3011
8359
2919
508
8936
9327
6438
1882
7066
7427
630
3701
4952
9894
5014
9575
1408
1402
2353
6677
4022
8435
2251
2364
2867
7577
6588
7918
8121
8389
5041
2592
8480
7895
3003
6544
131
9682
3913
8931
3724
9639
7585
6192
2869
117
4727
7231
3250
6932
3533
9727
3123
6298
7644
6990
5905
5578
9562
7204
9637
1189
3233
9824
4400
2638
7694
1002
2401
4081
5482
6538
9902
9635
7190
505
2836
5205
2450
4938
1829
1498
928
2456
7145
6269
8044
2663
1533
6597
6216
5985
2098
9773
5401
8404
5480
4424
6039
5197
7416
6487
2957
341
9962
3733
1464
6551
6967
2454
4956
1862
9008
7622
8001
9495
4334
2798
5204
1405
7915
8670
5304
753
63
9053
8778
7053
7285
82
3866
2196
9067
8494
7840
6429
8243
7489
250
2300
5083
288
9142
8667
6197
2390
326
2505
493
1488
8349
9507
9248
2207
5015
7871
1014
8544
9104
3495
3211
2942
9316
2540
9133
6554
186
3046
1143
3588
9173
7024
9724
9944
8318
5291
866
9326
1077
9762
9124
7781
6024
2027
5504
3840
230
416
5438
7844
2736
9615
9589
7470
3274
3835
4813
9709
2449
4812
5410
1525
7866
4316
2396
77
937
6657
5885
5264
2643
282
1552
9048
1928
2334
9321
3275
3076
8868
8515
1036
3527
7948
8905
9406
2788
8330
5958
2345
7514
3524
8484
4358
7931
5053
9367
1154
7587
9285
9716
1228
4564
8281
2654
770
2558
1867
7849
1365
494
6619
9751
3847
9651
5704
6959
2222
3056
6209
4653
7052
1411
9237
9408
5436
66
9851
7687
8536
9176
6710
1083
646
1098
1643
6535
8673
2909
9801
4668
8877
2723
2635
9388
9240
4778
3198
3608
6517
8282
8669
6301
4301
4928
6150
9462
1453
2174
7660
1380
9991
9879
1
936
2468
1553
459
6646
7524
5031
7286
1909
2350
9289
57
4166
903
1208
7385
1112
5181
4629
2814
7300
7073
1287
1531
854
9543
8786
5077
8906
8391
6705
1082
4628
5880
1597
844
5869
1844
8231
7599
1562
4949
5871
1450
241
4671
1797
7785
2837
3521
1637
5157
923
8702
7004
1588
7692
6786
6064
4497
2090
853
4888
3941
1559
2113
7260
7365
5822
2807
901
7850
497
6581
7900
2501
9027
6006
9867
19
1603
6259
9494
1299
6828
7688
1087
8900
3955
157
7810
4416
35
954
9258
6913
4205
5839
3920
4661
8033
3149
5384
8390
6431
1177
2201
984
3811
7578
8623
1688
5086
1332
2412
8532
8111
5331
9004
3270
7362
8782
8166
1607
8068
1713
3321
271
3618
2338
5466
5890
492
4755
1144
9740
1176
3141
9046
5581
9966
7299
6789
7704
9132
5117
8221
5448
4177
5065
1845
2825
8692
1055
418
2316
9511
3738
9895
7923
5258
8311
8215
2031
4095
9452
6980
8873
3494
4529
29
3339
6773
7268
7715
2429
5543
9273
867
7882
6849
774
8244
6804
3744
2871
7941
9384
5256
6509
5435
7966
431
8283
7352
6232
7969
3639
6715
1543
4387
4459
4884
3786
7796
2329
6329
7211
8749
3475
8848
5841
7485
664
8744
5595
9973
255
8198
1097
1962
3681
8056
3153
8895
443
2491
2193
5164
9177
5522
3135
5054
397
5833
1599
3846
3516
8418
111
1663
9396
2452
7767
3849
5155
1568
7604
7010
3968
6801
8539
348
9965
7381
2141
9109
1659
2145
3830
7950
6823
5966
4298
4221
5808
9119
2614
3099
1167
4382
8933
5447
5483
2657
710
9820
2181
4352
8846
8967
4291
7107
4643
5731
8756
3683
8792
2681
4055
2264
4767
3010
8486
7166
5192
3015
9857
3528
2190
8257
9123
3335
5682
246
289
1070
665
6289
1621
8968
6504
7480
7936
5664
7798
8654
6111
1957
7856
4487
9813
652
9856
2709
4614
1359
7196
6973
5007
2347
5610
6654
7452
692
1926
749
5309
3559
6485
7728
5928
8579
9888
6195
6527
2571
653
7386
206
6436
4425
7354
5186
1717
6367
3962
5631
6492
6842
5105
9806
2234
3923
8
702
3976
6464
1291
8127
5277
8079
7818
1736
7859
6345
8053
3176
6220
7112
4923
9222
7001
7301
9565
2493
1981
329
479
4540
6562
4732
21
9874
1953
4773
7726
9042
3760
924
4003
211
7534
9839
4689
985
6787
1000
6545
5594
2011
9499
7612
4286
3009
3102
5325
3834
1212
2506
1701
2588
8463
5863
1174
9937
1897
9146
8518
224
3296
7152
5346
8351
5593
298
8216
7776
9877
7007
2827
7661
541
4520
134
2620
8104
8632
4802
5223
6576
2633
537
2140
1711
9672
1423
8097
3096
635
9299
2426
4211
2547
1726
4060
9475
5168
2225
1160
6112
567
6215
2945
9036
1696
1328
9290
4310
6100
7138
5282
4342
3276
7884
6388
1184
2162
3389
673
6490
2839
8658
7806
9111
9642
754
919
4858
7961
6253
7655
52
4250
6751
373
4635
1044
7393
8572
9153
9548
6341
62
3700
4759
7126
8007
3664
4473
6142
9871
8027
1401
1855
9505
6018
1006
5781
5012
8230
9064
4942
3384
4108
9661
3200
4096
8020
2441
7928
5415
5685
2087
5127
5695
1315
4420
8746
2853
9684
2037
2477
2214
5736
7422
2080
5778
1880
8466
7146
8367
598
3322
7025
121
3640
4404
5825
3088
6584
4
6235
193
5255
463
1183
6855
6607
5986
1424
8124
7543
5374
6450
6498
4083
9416
9397
536
594
8179
921
1699
2612
4871
5508
1535
9410
1186
9789
3000
8369
9735
3758
4383
6486
6603
9282
2959
8443
7742
1261
3797
2565
722
6890
3238
4570
3929
3924
3209
9245
4819
4805
637
2644
9126
234
8256
9702
7020
7763
5647
6202
5548
3805
7429
4879
8989
4059
7573
4811
9338
3400
2717
1750
6945
6015
8248
6394
1060
814
970
1799
2128
1436
4687
1794
948
3232
7234
8865
892
1321
7440
8611
1116
5859
2179
2878
6185
1993
7836
3804
6479
4244
6745
917
4318
8769
5939
8304
8965
1157
3348
745
6986
6882
1616
2862
1904
2420
8930
3765
7746
7801
3839
2975
6233
4960
3784
2914
394
8996
6892
6829
994
1676
8423
894
7539
7706
6477
4602
1938
9774
4296
6057
555
9927
102
5202
6287
3372
1921
8271
5617
7118
43
7826
99
7199
5918
6113
2702
7137
3125
3794
9187
3625
9510
2371
3553
4733
941
6165
1216
4615
2230
8784
2291
6188
4343
2733
9238
818
5776
9936
8629
2340
2777
8086
9160
71
1714
8912
4863
6964
1311
756
4039
668
9001
4371
6918
6089
5754
5674
6284
1892
9404
3116
9489
8392
237
9800
1998
9621
9640
6898
809
2081
2714
1850
2759
3328
6037
8748
4992
7593
6273
1015
7106
8277
4389
6145
8409
8849
5884
9945
6565
6704
571
1538
1150
8516
7676
6998
5101
9743
1760
4660
852
5832
4613
4734
3408
2262
3688
209
4633
1031
5586
9933
1630
5786
3284
4901
5446
9310
8326
210
2092
3827
3336
9843
175
8265
4829
962
4023
4764
4905
2969
4252
2195
13
8646
8500
4117
9892
8162
3771
1712
2902
9158
1684
8474
1832
3773
5123
4623
3346
5267
4724
7995
647
8202
7605
5
7310
2486
803
1835
4677
4344
138
2855
9228
4299
2266
3174
8123
3455
7574
3690
4701
7973
1901
3510
9523
6515
1276
4965
8956
4058
861
6296
5411
5730
5463
9164
4468
7899
2062
6683
7867
9198
5211
9608
7858
2846
383
8182
6302
223
2916
5789
570
3783
5501
6831
4324
5286
3734
593
2099
6239
7230
6250
7957
792
5603
2147
7983
723
4482
3373
3324
9025
6406
2755
8209
8416
12
4448
6826
735
4685
784
3170
829
3960
3747
6337
464
727
1961
1759
7085
9662
9574
2490
4675
1689
7464
390
1126
8238
1478
8613
9720
6976
7304
8029
2012
7892
9690
5154
7348
3584
1502
4509
6115
7453
146
20
8524
8024
2409
3266
3790
8110
6968
9446
5635
6830
8514
5793
2084
7069
651
7757
5541
5877
1634
7639
3587
7303
4777
6821
7087
7308
4988
9224
2138
9790
162
6034
8570
5544
2715
4791
2761
5785
7177
2109
7165
8520
3032
9196
2004
1671
5780
3556
8142
9772
8806
4620
2847
1730
4409
7617
870
9278
5999
7792
4082
7345
6488
9202
2367
7958
8962
4880
6860
8851
6443
1329
7589
4080
4214
4927
6571
8439
8512
8872
7803
17
3219
1217
9334
5711
4435
3362
3752
7421
1022
6630
1127
1357
2296
3665
4665
217
6644
6141
6471
5926
9914
9292
3100
817
5946
375
4218
9437
5129
2036
9264
9863
1303
7312
6130
926
8948
7060
5265
7289
5854
2146
4346
7860
4682
490
6701
6585
2249
1454
5600
3832
8168
5468
7245
4555
2270
7548
6163
8192
4025
3787
2794
5321
8472
5221
5075
1333
4545
9634
5694
2260
4588
6686
4828
2121
9852
3837
5941
3047
4308
9085
5045
79
9756
6351
6325
9193
7972
2983
3582
8861
9328
8738
7559
7133
9394
7929
810
3379
3627
8305
6272
2974
6469
2632
4973
5675
2076
7988
245
4492
6221
891
1682
8371
7816
2399
6511
2001
1820
5817
7327
4705
7747
8219
6305
4385
627
6135
8143
7456
7760
8785
8825
4411
1233
5894
5102
413
4073
4146
9262
8850
436
6268
7155
478
535
9330
9458
1550
2718
2385
5865
4054
3648
995
8333
6070
5993
2893
2753
8777
9136
5469
1836
5367
781
5220
766
8384
7068
83
1614
7041
6660
4356
8190
6578
6213
9542
6735
445
6366
7121
9061
6203
2306
7411
7409
9390
2561
6352
4684
2802
229
6587
4966
5650
9764
4761
952
6719
4950
815
7455
7451
6555
2231
8177
1512
5622
8129
9263
7949
488
6124
1996
5755
6381
8920
3970
2656
7541
4393
2055
6395
4711
6334
4283
432
3868
3662
5619
2619
9296
893
1447
4885
5001
7924
8153
160
74
5601
6257
5174
6930
6409
1018
8526
7081
489
5382
5180
9928
7156
5229
1652
4142
6169
9974
2641
3249
8034
2492
685
9573
3552
5728
4750
3966
6077
1397
1318
3610
6933
1787
1828
8445
1589
9517
6614
2964
6229
3136
6536
2223
4607
9722
4353
3825
3490
5107
8260
5064
1777
2445
6919
7265
930
3434
1215
9502
755
7616
1413
6029
3682
687
1561
2478
3044
7015
1540
3689
6073
9717
3699
4317
6876
8266
1320
8451
3262
268
5368
1975
7943
7406
601
5900
2388
6038
9600
287
916
752
5944
2192
5536
5386
6753
579
2908
5960
4618
616
8205
4467
4741
6861
715
4824
9453
6618
6772
3623
8388
2754
9154
2279
5026
7710
6917
4036
7652
4821
4926
4045
8296
525
8741
9704
333
6696
5989
9249
8566
1513
8468
5621
2078
8959
7425
3753
1480
5373
9455
794
577
5614
4461
8755
3327
4980
3863
6332
4307
2553
7259
623
1522
772
5714
110
6738
2546
499
4013
3484
8893
8747
4557
8990
968
2000
428
7311
8981
5899
3477
7828
1368
2828
739
8622
8593
7239
405
6461
9117
1297
764
9794
5362
6280
5072
659
6862
8864
3124
7921
2671
1282
2274
6086
4969
898
249
8649
6331
3462
2439
5693
6573
8225
1542
2889
4565
8026
404
1857
9506
7590
2305
3218
7659
1519
8937
680
5176
2587
4595
6528
6071
2979
3504
5560
7154
4788
3605
9441
7703
8662
3282
2015
6963
4845
4721
7750
4849
8970
4806
5556
9996
2668
5467
9931
6311
3666
8036
9859
84
6315
1390
7723
3891
3727
6263
2778
2361
5016
7187
4638
6319
3638
3291
8255
3409
3899
5637
5896
589
8320
8102
1388
5895
8838
6700
7067
9443
9703
7498
2290
4062
1283
7377
5359
3165
3398
6994
3204
7414
8921
9318
2362
4679
3129
2719
9301
6161
1524
3774
7400
4729
2562
1685
2133
8301
4379
9763
7098
6184
1101
7809
8054
3754
2870
8262
7063
5927
6991
4315
8093
876
5187
4172
6413
2203
3480
6455
5361
4780
6756
8422
4785
3998
3345
2494
1930
6330
8753
5636
3089
8025
2010
6401
3611
2209
7357
5864
3051
3225
2685
6011
9988
5948
9837
5862
841
1516
1472
7203
4194
8795
8436
7347
5910
4556
3342
3716
4248
6740
3755
5144
9217
4195
5649
1875
3800
5496
6446
8278
6219
1071
9835
8147
89
8446
790
155
7817
9302
9829
2596
2556
5686
8338
6198
1868
7084
6840
3168
6592
2772
2469
6244
2303
9370
3436
1776
433
9766
4351
9881
3928
8364
1861
6314
8563
4978
997
3391
9952
1265
5113
4149
2984
8916
6074
6795
7469
5391
7910
8495
9478
801
7280
4704
8324
6895
8447
9059
2173
1673
5078
595
7333
7634
6190
4808
5033
3739
159
7968
4070
5740
4624
481
8030
1362
5848
4302
5916
3938
7102
5432
5836
6468
5364
9731
3271
8239
3560
6982
560
9279
7540
625
2157
112
9143
2322
3045
1575
6602
8424
1618
7962
320
6556
2052
2404
6223
1955
1179
2048
9276
2030
6022
184
1503
9591
7888
8434
8691
5167
1169
1508
7956
9986
1686
8386
2110
382
7496
7802
2940
8614
9459
1250
9869
5150
2269
8112
6475
3388
8641
5029
2780
6047
9051
629
2129
8589
9535
8415
8499
2123
3287
4865
1942
636
1471
4708
274
5670
5002
3867
6754
295
9134
2197
2142
9144
1114
3033
5703
3713
5431
8677
9251
4157
8878
3360
8643
9900
221
8598
3672
3201
3072
2597
3406
8218
9076
1683
3183
2106
5533
1509
8597
149
3675
177
2985
3215
1646
2208
5427
3017
2660
9482
7528
9374
1452
2056
2650
2258
9011
2934
5742
1248
1593
1887
7369
6459
7070
6999
9206
1331
7761
6803
5503
3053
2535
8807
8876
1788
5550
3695
3918
5638
2417
4766
4853
1968
4181
1145
4783
374
425
6312
3298
3706
2576
9178
2383
3843
4548
5462
5826
5573
1004
873
9304
7281
7237
613
2226
4441
3655
3171
2318
3414
3589
7854
8675
4630
5952
5151
7236
1785
8003
4873
9218
517
4563
6622
3037
4042
6824
7457
1817
8608
4725
9757
1823
4726
8781
9899
7879
5498
1669
5790
2695
872
1629
5209
9967
7461
6593
3577
6758
5062
8429
3621
389
8869
8843
6396
7479
290
269
458
2381
7522
2849
3002
3988
8583
5963
6428
3162
7562
5811
8584
280
3602
8067
6575
5539
9184
3343
9485
8645
7743
3014
9846
2466
6853
4538
9811
3283
8745
5018
1966
6097
4265
3092
2265
2887
6324
9052
8481
113
1142
3060
5797
1293
7202
7651
6063
181
8211
6843
9072
6806
1978
4939
7232
1178
2693
4503
7321
7554
7610
7449
5037
9148
7448
6267
3806
6629
9351
6561
8575
3686
1429
8736
7842
1425
2687
6076
313
220
4038
8935
9300
5626
9309
2487
8308
2783
1793
7208
6353
6451
4953
93
4141
4381
9687
470
2194
6841
8767
4030
3289
9451
950
7751
2986
7034
7508
4398
7878
3581
2321
5124
1602
4782
6676
7880
3354
9817
5344
2102
1460
5639
1631
9776
4525
5145
8158
9319
6067
4246
7885
912
1990
4844
9401
3196
9468
8479
5979
1251
1870
2479
9099
6974
6138
7132
225
4971
8165
7047
3761
2530
7673
648
816
677
2946
546
4906
6176
9616
5835
4531
151
5279
7116
8955
3208
1632
1997
5763
380
5247
8774
4449
3108
8600
2609
9419
3963
3501
8690
9838
170
5630
168
142
5143
5188
3452
7930
1922
4776
3529
5238
4857
8064
4948
1339
6611
6780
8763
905
1128
4974
5772
3013
2369
5572
2122
1290
3702
6199
7361
4090
2476
8705
7906
9074
7979
7324
2252
2757
5414
9096
2897
8220
2473
2585
1181
7558
4240
5792
939
4418
7059
1466
8140
5449
4163
8482
2153
9576
8378
3531
8939
2913
5546
427
1092
16
8626
5818
2114
6347
6472
2625
4647
7042
1064
3583
6386
3374
8982
1231
2591
2822
9943
3958
9272
9847
9956
6249
9275
6033
1984
8535
4247
5699
2250
301
2574
5791
1005
6374
1743
7100
1431
3717
2769
3004
5529
5540
2217
8750
5376
9365
3067
819
3220
7104
4433
8549
5057
1061
27
8979
2805
8892
7774
5748
8857
3024
7701
9342
7044
4658
5901
7371
9713
2005
7128
7376
675
3996
4439
9668
7198
9431
6123
5146
471
1032
8923
5055
2100
1434
5165
550
4843
3641
551
1555
3910
3823
7920
7189
2844
9362
3671
81
1279
407
7252
1749
4183
6951
3670
9005
6243
9086
3114
4228
72
1038
2618
3515
1710
4120
691
7006
9156
4809
240
9271
7495
6992
4323
8602
9671
612
9525
9113
5934
3221
5266
5624
9010
6180
1581
3357
4000
2581
8728
6741
6640
4954
5138
8504
2537
365
8269
3449
6283
6082
5330
9461
5058
4470
2752
1514
2462
8628
9252
1720
7420
195
9195
6574
4396
8327
9712
4004
1205
3376
9075
3143
1139
2925
2881
5172
7149
5010
3705
4987
7887
7525
769
2857
1885
4838
2764
6497
8213
2016
8402
750
8994
4745
5200
4506
7175
864
7643
1163
24
5005
1648
4572
1398
1884
4233
9315
5997
5936
740
8317
1917
7637
1366
6549
9923
7759
3071
7144
9908
3499
293
4401
9985
1649
1734
5340
215
8470
1903
624
9090
7476
7606
9552
9424
645
6357
4331
1821
1527
8907
972
30
6
4198
4249
6473
6912
46
2522
7272
8897
2707
1738
3756
9660
5909
3896
2444
3517
2729
8541
7028
8478
6887
8934
2293
9802
137
6177
1156
1088
848
7215
3393
1626
7283
9493
9016
1317
4507
1309
7013
2721
148
6495
3943
7014
3953
2637
4422
8508
5569
4097
8043
927
7235
1578
3186
7346
7749
1124
2955
6234
6952
9875
9691
7705
7021
1960
8485
9375
7740
731
5170
9488
9491
7206
9550
310
9460
3447
6000
1655
1045
1106
4121
649
4578
6631
4226
9013
4378
3281
4621
8490
9020
4955
8925
5177
1151
5545
2696
252
9729
8245
4801
7975
2577
3881
130
4560
4890
3438
1266
3390
5349
9110
7550
8766
1932
8656
2775
909
667
4421
6833
9084
9287
3731
5006
7093
9372
3303
1344
5443
744
4945
4816
7262
1792
9254
5108
895
8555
2773
9157
5353
7925
7194
7080
5487
4700
1973
7916
3994
6152
5861
5250
7197
2944
5913
1532
5457
4270
7
3377
7048
3025
6596
308
9754
2395
7980
3619
4253
5559
3097
2267
9418
2739
9125
5024
9349
3385
9118
4161
9708
304
9363
9354
1539
8714
4260
793
9065
4837
4769
6688
2880
7556
4754
1791
5534
2198
8701
294
3795
1247
5824
9620
2994
6276
5244
1827
2517
1202
9467
3522
9392
6460
4278
2595
7242
8323
7405
5701
9864
7474
538
4998
7597
8440
604
8427
3483
6256
2875
4740
1586
2659
946
1386
2765
1863
1574
1528
2094
3415
9359
707
6837
7506
1773
3421
5583
8538
9031
5500
9409
3592
1462
7037
3769
5774
1529
9430
6346
1534
6237
8052
9233
5618
4219
491
6685
3543
2774
2302
833
3591
7582
2422
2763
8279
9809
1846
8548
2998
3526
2038
5485
8092
3557
5881
5239
8509
7375
4856
4493
4664
3107
3742
5969
5878
3229
6765
9853
8342
2504
139
236
2918
3230
6088
6785
9963
5290
8983
6957
8630
7552
9730
9135
361
789
8522
4088
6550
1075
2740
1742
4728
9979
3780
4066
4126
669
3247
1664
3564
9361
7077
1444
6948
7178
9738
6191
4622
4678
4364
6839
2823
5770
7901
412
3260
5659
8860
1893
5252
5806
1838
3470
9298
9586
6873
1011
5965
3491
2093
5954
4691
2569
4162
4485
3796
2311
7865
9783
150
4523
3986
543
7827
9288
1963
5641
2107
9470
4654
6248
1598
6274
1733
1477
7653
6044
9021
1227
6225
23
782
7772
2679
4295
9522
2284
7991
6440
6186
4924
7511
3972
8141
5196
771
4127
9243
728
