315
294
550
412
216
794
403
506
581
327
625
541
123
606
818
16
781
950
357
430
775
502
510
1000
307
903
729
653
856
174
19
515
500
759
754
552
342
747
493
587
476
459
661
686
951
897
884
431
989
116
743
965
13
524
842
42
810
147
18
994
557
611
198
281
642
142
212
917
703
790
618
312
768
758
614
161
498
355
172
885
979
466
988
416
838
282
720
43
682
332
615
654
51
693
148
959
669
608
291
162
299
572
140
54
549
562
156
521
887
725
359
224
491
575
337
599
679
397
943
854
267
208
908
486
153
941
204
893
27
464
432
871
257
29
264
358
384
28
44
996
12
736
867
368
872
77
807
554
265
5
101
90
453
253
694
563
100
976
544
522
143
182
305
858
537
830
717
986
568
564
644
191
821
738
263
452
85
534
53
535
496
389
175
122
801
731
30
683
103
125
196
344
978
329
401
705
241
68
944
565
188
221
151
853
340
178
882
906
258
231
861
753
440
63
334
386
888
487
795
206
648
287
419
302
972
474
21
652
33
987
67
117
179
570
36
966
367
494
463
525
111
469
238
2
1
251
792
289
540
127
392
338
839
450
489
702
814
407
981
211
926
232
303
266
364
184
119
932
129
770
883
848
415
318
715
816
396
597
742
727
436
517
93
363
380
317
274
193
219
824
657
180
735
47
237
873
582
501
645
402
673
166
866
609
933
468
346
207
454
823
834
973
881
663
94
940
698
690
840
23
772
37
826
141
730
168
995
740
35
569
88
428
173
928
382
421
870
922
456
339
369
398
441
55
787
955
516
788
829
559
80
351
34
513
863
589
514
898
155
555
197
778
325
50
89
512
285
649
536
707
76
152
684
695
439
446
793
321
505
637
84
668
96
718
577
912
361
118
449
98
350
177
688
157
381
408
261
49
841
844
91
949
225
596
553
99
414
105
73
465
909
304
244
520
455
234
375
828
895
423
437
771
82
674
471
612
977
937
511
86
331
665
749
81
383
719
769
167
62
298
217
798
802
594
426
945
213
728
777
666
370
59
284
786
616
764
324
757
800
121
862
134
751
760
320
277
593
292
852
406
638
132
8
874
579
704
110
74
629
809
999
811
442
601
41
461
424
899
97
806
106
247
362
254
236
273
9
6
61
201
588
181
365
102
726
641
349
301
130
83
405
656
846
627
46
831
78
112
746
66
886
836
984
817
784
915
733
187
52
689
390
387
330
902
956
710
223
919
805
447
531
685
819
523
603
619
583
255
393
40
20
773
199
347
604
371
803
39
938
60
159
850
499
451
825
650
138
504
910
681
891
662
195
711
584
372
120
626
620
528
713
222
837
288
243
878
602
25
328
518
483
438
567
360
864
561
165
443
262
930
479
326
783
270
290
376
896
492
538
633
827
260
953
433
171
311
460
632
595
394
472
954
913
812
646
621
677
687
847
877
590
79
832
65
354
660
239
313
467
205
413
477
879
135
417
209
485
880
322
71
377
982
765
890
295
233
779
855
947
203
776
490
566
495
488
664
333
190
107
309
497
3
849
600
242
791
448
789
876
475
822
31
630
907
24
990
658
410
126
457
946
149
341
631
845
924
259
92
547
249
659
857
701
268
87
761
146
527
131
991
409
366
509
815
252
218
164
227
248
680
150
558
957
931
859
45
744
293
404
32
235
700
228
250
445
542
400
478
75
975
374
420
833
970
139
548
185
868
578
444
961
220
667
352
539
128
820
963
796
993
422
709
655
628
556
967
271
108
904
14
104
634
998
319
124
48
484
4
279
813
308
574
176
782
245
240
57
914
113
345
804
379
296
921
189
10
624
458
960
670
935
755
875
696
699
272
72
427
929
585
889
543
797
678
229
607
745
276
58
163
533
473
269
391
571
373
962
286
762
934
643
576
300
623
425
958
901
992
470
280
622
17
283
639
7
210
592
952
651
11
936
434
573
26
109
481
721
399
640
160
739
356
503
920
95
169
278
348
310
314
343
480
905
799
297
64
226
968
306
136
672
750
114
418
971
737
763
617
697
676
192
508
482
916
200
927
194
323
560
808
385
774
918
395
724
974
675
69
723
785
316
892
154
15
530
767
692
214
985
133
215
894
202
230
734
636
411
605
748
900
586
942
256
851
691
722
647
980
635
939
275
911
997
519
115
969
591
158
526
551
865
70
948
860
546
780
246
925
610
712
716
353
843
714
545
186
532
388
137
335
983
732
429
435
613
336
378
766
145
183
598
964
708
56
170
38
756
923
144
835
462
22
580
671
706
507
529
752
741
869
