5301
5562
1882
7835
8494
5746
8466
6295
8926
4031
6891
1277
6054
8709
5112
9806
6957
8311
1094
4598
1438
819
3935
9697
1991
4284
2335
1034
3240
2111
9957
7309
5411
1382
8930
3002
1554
7106
3657
6411
847
9753
9064
6165
5710
5921
7481
7712
1373
9995
5937
3593
5733
7595
5573
6405
411
3446
7104
470
90
2314
152
6330
2224
2291
9394
3477
6279
7303
65
2263
656
7453
1709
2197
5945
4963
9378
4839
2672
7499
2805
5721
715
4965
8342
9482
2402
3997
5812
1041
9399
234
1707
2518
1849
7692
653
1990
1794
7840
9379
8748
9905
7601
4774
1471
3987
6870
3976
5307
3155
1486
2167
5290
3705
1679
3210
8402
9521
6677
901
8133
7724
3173
4743
5032
8166
8083
6763
9437
8618
4638
1607
7656
6033
1039
4720
66
2817
6822
259
4739
6557
6495
6338
2322
2605
8861
6090
6654
3027
6220
7996
5106
841
1049
6166
621
3762
2436
1781
8191
1472
4526
6875
9720
8640
6650
5782
4471
2714
1111
2307
9689
9956
8368
9803
4123
1647
8644
1318
9742
5283
9491
869
2837
3570
1669
3926
550
8054
1291
3574
6144
4156
3559
2780
1516
2076
2767
7550
3223
8791
7646
5795
383
2507
6858
9715
286
7739
8592
7090
4960
3347
1616
4140
5348
1891
6579
2093
1009
4900
2007
9065
5684
8956
3933
8944
4615
6401
5131
6899
1795
4895
697
5789
6649
9110
8705
4764
9154
5256
1526
5964
2785
7914
4358
1881
2435
1097
9015
5541
6021
6458
2914
9794
5279
3387
2857
4285
8587
3565
7590
6101
8928
1008
4396
4982
4711
5830
8002
6740
9438
831
3329
1523
2648
4575
3504
8380
3135
5128
8614
9458
705
1454
6684
5976
1132
296
4661
8404
5607
4087
8094
4884
3337
4065
748
2225
5939
918
140
3838
95
9829
6436
2501
7828
9961
2910
5295
8000
5689
2162
4631
8813
3580
1787
9209
6072
5226
3293
8029
4859
2414
2964
3748
3530
3937
7823
6909
4203
9750
1249
903
9180
1144
9422
1980
3187
1156
8308
6438
7680
2383
5319
1077
4170
8109
5520
960
1537
2048
5781
9046
6588
7973
1337
8262
3994
216
8176
7920
5335
574
3109
2974
2088
7275
8527
6127
5017
1878
7213
5611
4532
629
5068
2634
6831
9547
803
5326
6053
7781
3465
6973
8920
4333
3189
4449
7174
348
4799
1952
9531
9871
2746
8577
9661
8729
2488
2091
5884
3595
8848
7291
3676
808
8391
7397
5199
4864
8414
6651
854
4689
3080
7268
9166
2233
7335
5146
5646
1369
6310
2862
4110
4003
5382
1494
4794
7532
3294
2892
8892
4735
4490
2143
1751
6041
479
9121
3177
8771
3014
7607
4066
2359
7243
9801
7942
9579
1987
6025
3394
9554
8796
5904
4722
2071
9124
3592
714
3315
6100
1359
7797
1711
1461
2020
9930
928
7586
3614
8459
1637
6337
3450
8545
9927
4398
1289
6155
7620
9609
9122
8843
2390
7367
5717
4953
9844
3343
350
7283
710
3124
875
9169
7256
5448
2504
8
7648
2861
2241
9350
4322
9012
3939
162
6929
7407
6331
2340
7083
4902
4908
4211
3881
5310
6664
4810
6491
6191
7878
9673
3708
9106
2825
4943
1469
6960
1717
2174
4809
7211
3119
7960
8541
8379
1808
8224
2904
6850
6020
5270
1906
8390
4283
560
605
1974
8103
9393
9879
303
5299
9628
5406
4993
2489
8188
5585
1353
7217
8839
9398
8092
8697
8469
2232
1818
1407
179
7581
2581
5603
541
7403
9903
7007
2743
1929
1390
9820
3007
7141
4773
7475
3775
1074
9727
7958
9153
3967
4898
1415
1304
4032
9576
9366
8101
9517
940
7877
5913
3802
228
7517
8516
4621
952
3490
1866
1515
2495
428
7221
5123
3299
7153
4821
9376
7462
565
2752
2889
8510
4083
2513
1238
4495
9926
437
7288
5025
580
85
9231
717
8473
4562
3492
1026
632
9496
3886
2153
1793
4527
5495
1822
1748
674
247
7082
7862
4238
7068
3144
9688
4994
8418
2213
531
7062
8507
6185
9374
6183
2418
1867
483
6738
9024
7274
4690
7363
7539
9646
292
4833
6426
6761
754
9071
9077
6978
7038
8638
2094
9405
9784
3265
1045
4783
7014
4906
7361
51
7249
5778
3444
3837
9955
9224
9470
1403
4847
4144
9334
2410
7903
7271
8832
9989
7138
4447
8182
3979
6798
722
62
6652
7287
4221
6626
5740
5268
9984
1103
3230
7817
7103
4586
9724
9495
1459
2525
8020
4855
3746
6140
4721
7427
7523
3907
7720
4231
3047
2965
8213
87
7108
2102
6274
6123
1323
8904
9304
7699
8761
3426
3276
5984
7534
3651
5864
6288
456
4797
4212
848
3609
3381
9656
8259
2616
6394
3419
9049
2003
1140
2221
7085
9445
2680
6480
4840
6494
8264
7700
7350
8357
5140
3645
3975
5248
2976
5457
6492
1712
6388
6484
3555
6662
1590
2163
2775
1773
1350
6175
9597
4592
4816
3032
9827
8407
2450
2899
2665
1979
4585
7603
8222
4534
6627
4540
4282
4818
7963
8345
3163
906
750
4531
570
2835
7786
6
3088
5207
1006
8085
6188
5345
5751
7024
6501
3297
1555
1834
9288
4959
8194
6621
9418
7012
1067
8778
5058
3561
1169
9047
1242
9463
4228
1988
6352
4085
4558
9740
435
9123
3817
6334
1115
7276
5305
3167
9097
9001
2758
3175
295
9893
4580
2642
5108
7732
3734
5040
6226
8998
3452
1530
2494
7801
8902
211
6906
9156
788
6900
5452
3371
9813
3738
1630
4805
9577
2686
823
642
9215
3832
2659
1859
4511
6091
3076
4142
3225
1650
5378
6591
242
915
345
7964
8628
5531
530
6513
8969
4624
5842
6890
1341
8488
6232
3525
2527
8968
4849
3829
694
6659
9014
2921
6531
2627
1364
7568
6030
8749
1832
1221
8993
2044
776
7743
6601
5121
1108
6107
137
4060
9786
1691
7510
5130
4888
5322
7399
2737
696
1649
1048
2917
4853
1343
7811
704
6948
2497
4997
7330
8021
3771
4988
3442
4136
5371
3627
7257
5663
99
5439
4422
1603
7197
9151
3467
8994
4104
6888
64
328
6391
3269
6567
6368
2606
3579
8925
509
1264
7179
6372
7120
7339
2555
9969
5639
2172
1131
4639
8887
3670
3889
3291
3822
3410
3654
3139
6234
4568
2485
1998
6151
4603
983
5744
9745
155
591
1376
6297
3386
6817
859
1308
4659
7841
3211
8869
8853
9604
4917
5832
2280
6931
3074
453
4806
7142
306
9314
6772
8048
6067
7552
691
5773
2572
8449
3396
16
5006
7751
6953
7502
7299
2537
1609
3199
7092
5678
8957
5149
4876
3806
2528
861
6856
3992
9705
2219
4407
1398
2310
2710
3020
2208
6303
525
1302
5661
9446
4112
3414
1532
7546
8538
7210
1410
7489
4386
8673
9116
5626
1271
4197
6271
9968
5979
9586
765
2948
3355
5469
4373
6477
8731
6145
6398
7019
7530
7172
2341
7448
5681
9452
1479
8363
6631
2638
5293
1106
2196
999
2872
7707
8759
9040
1310
4467
1455
3860
6543
9658
5402
127
1125
671
8334
8265
1682
1183
1992
3045
8600
5724
8234
1737
8797
1246
7338
6396
3526
7805
9545
6787
9847
3877
9522
6360
9914
4371
9039
9185
8018
8567
8136
585
4874
3310
1202
3723
7626
4663
9986
3468
2959
379
5885
119
6287
4714
223
9548
9309
8142
4644
1943
1635
281
816
2057
2277
2303
4323
9414
5056
1658
9934
4342
2812
2334
6203
9974
9475
8272
5891
5811
8193
8215
4417
4193
2395
3685
6950
2315
6125
737
5370
6358
2915
3702
33
7685
7810
1492
644
9198
4465
2031
1445
6013
2625
6280
9307
2491
8218
8661
7187
6081
5133
9402
3268
8290
9226
4815
2932
8490
9605
3365
7376
5342
6371
9258
2856
8790
4350
384
3384
6737
4957
598
7533
5674
4261
2923
5078
877
8730
2245
506
3966
5461
8590
3077
870
8252
1136
8003
545
8524
4766
7939
23
9790
3884
1610
7705
4740
9062
4956
8676
7156
1604
9037
9358
4009
8084
7384
3665
8322
4259
325
1127
2283
9214
9958
7978
4355
10
2678
6359
7373
2643
5134
5856
4378
6744
8009
4660
7005
5524
5929
8492
5300
7192
1198
1825
3056
9059
5026
2484
1203
7909
7277
6780
9410
7512
2060
5725
8409
1562
5195
6785
495
6529
484
6751
8603
43
1692
6811
4327
4124
8033
1149
5895
9994
1329
1355
2028
8942
7208
9063
1595
2806
4314
5850
7756
4989
219
8665
377
3105
4572
5755
4728
4940
2047
3831
7325
3416
5750
2896
9207
9326
4758
4688
153
5650
1556
9692
4199
4098
4991
630
9908
8196
5031
474
2271
2145
7977
3411
2523
3235
5512
5470
1920
3202
892
843
9595
998
2694
5968
7961
9000
4875
7701
9303
9617
9318
6747
8604
6114
4696
3321
6197
2021
6344
4103
7719
5670
7424
9582
3731
8922
118
5986
4158
2316
7738
4072
8543
8691
7168
8619
3129
8149
3709
8688
4873
3388
5217
7002
2682
3261
8052
2182
9849
3061
2251
9098
7434
1701
6399
2930
1126
4030
3607
9477
9361
8305
8767
5662
362
9729
6248
5468
898
6610
4522
8607
1252
4252
7749
4677
1898
7290
2304
3495
7449
2092
3687
6202
3835
2426
3339
8893
9009
4168
1681
944
2
8866
4571
759
3422
9546
1383
5353
3633
6996
1728
5186
3334
209
3952
3844
4335
9261
8546
1895
6309
9461
9975
2015
2779
3523
9327
4494
8351
2871
6656
8609
4641
860
9167
6395
5569
2687
6915
9280
6990
6465
961
7925
6984
8875
5267
93
8570
475
4922
8960
4618
7618
7013
2706
6686
4684
5151
786
7589
9534
3740
9480
3082
6038
6192
8384
8099
7430
3573
6819
273
1260
8433
5975
6150
3867
3674
6558
1061
8851
9150
5638
1121
8027
6895
2367
3436
1019
5426
6966
5610
4430
2124
9668
3513
2202
5589
752
1185
5065
3562
4459
3151
6152
3804
8353
2170
4713
2132
8539
9060
5487
7850
3102
8941
6710
9868
6060
5747
9771
5530
1070
5182
5194
5743
3191
7780
3454
4053
2664
2236
5554
4010
5597
4379
359
6746
8931
4751
7565
7404
873
8613
7682
4276
6578
2547
539
7714
3480
3069
3149
1879
986
8901
6586
5737
5848
2173
5216
1791
6116
6848
601
4251
4736
5676
5260
2704
5687
1869
6044
2865
5492
7619
1497
8741
2192
39
4019
7869
5481
3478
6061
268
3878
9819
1431
3576
1548
3726
5483
729
6252
9176
4496
4984
6885
8743
1168
9168
2764
1761
7921
4297
7459
7649
8858
9867
1013
4679
6290
670
2220
5893
7136
5185
4058
5472
9111
6082
3103
7577
955
319
9129
3432
3703
425
9373
9532
4800
5029
6042
7431
702
625
210
4520
3249
1937
2524
1718
7526
2333
6419
8081
5097
8970
9704
2212
3842
7487
8333
3759
9877
4372
6424
2987
2905
6733
5367
2234
1543
5359
6423
9415
516
8534
832
3663
8104
8509
3447
1592
4046
124
2002
7928
9351
8772
3262
3421
5780
3239
6378
387
4753
47
7981
3797
4253
6046
3816
744
5699
5036
2720
2176
7232
4750
2427
6689
1517
1330
5138
8283
6462
300
5395
7437
7470
7728
5041
5657
2134
8852
5072
3507
2882
3117
8030
6971
4338
4683
793
9322
2059
7686
985
8493
9891
9383
9229
280
1872
6635
7265
4781
7379
3885
7026
1927
9294
2451
3314
1628
9793
3222
1306
5397
5436
2832
5243
6600
2645
948
4652
505
214
6930
2854
3152
5894
9530
4339
396
3520
4352
9130
8803
3660
7417
6979
5023
4418
6476
4163
5425
5118
1805
45
7529
2365
4213
4111
5946
8834
8816
7849
5043
8766
5897
8277
2467
3085
5779
1696
1559
2431
3863
6469
167
5176
8585
7583
1799
78
6647
8584
3664
4174
7633
6115
73
1815
9621
1475
7788
1846
3171
1736
2718
356
1646
12
1272
2358
3029
8580
5405
3327
4321
2284
5851
361
969
6692
9004
7467
6483
1917
7671
9721
4841
5924
3481
3743
5476
4998
4503
5240
3275
6925
5063
1047
6086
370
1493
7126
2792
7967
8758
2768
4173
1678
1414
1490
4682
164
3039
6215
721
9635
8789
1215
6730
7300
5412
9663
4420
5230
6433
4577
5600
4912
991
5866
311
1978
7349
28
7764
297
3739
7074
4752
9876
5076
7010
134
7045
6173
8515
2066
804
8075
5647
4658
354
7983
4573
1224
1665
6748
8583
3439
2846
2068
2912
1133
4693
352
8526
3915
1496
6986
151
3646
4701
771
6517
8478
9345
5802
8200
5519
9354
5501
2456
683
3120
206
3200
5235
4617
1328
7497
8249
1756
4143
8184
7943
2607
4837
6355
1551
9297
7492
8649
4397
294
9928
2096
636
3338
4278
1540
2369
9183
2274
5847
2391
8042
7731
8715
3096
4076
3232
9253
3461
5834
5745
2300
6613
581
1092
3770
1876
4131
4941
25
102
5905
2227
2595
5363
5443
8773
518
2106
6515
1657
5488
4075
6316
5970
6587
7157
8757
9776
8899
2851
5147
5139
1051
4100
3590
6169
4700
9
187
9191
4130
2053
2193
597
1473
8855
6246
8752
1235
1138
3072
1073
9709
7444
8822
5407
6333
5
2591
5171
3156
2617
7924
2563
5923
1018
8714
8971
3224
9380
3600
8089
582
8154
7110
1120
7301
9400
6004
6374
4381
7193
9469
5454
3986
1922
9228
6927
3720
149
3785
1659
1947
4451
2190
5658
9075
2409
5544
3799
8610
5446
1060
3259
4411
9836
1984
2349
4454
5400
9580
9237
2615
6911
5160
846
4113
5615
8868
5374
4034
1932
4402
2695
4279
5538
419
1405
1734
7789
5202
9755
4665
1408
1325
366
1363
7180
746
9594
1774
2039
2731
5803
947
9246
4981
8426
1661
3219
8047
7006
9199
4749
7970
8279
4241
4287
8907
7344
6219
4369
1031
1653
5865
7254
9948
7715
7398
2631
4880
8419
7189
9448
8768
4788
2721
5925
1240
5735
6994
2077
8246
3443
2937
3288
678
9386
5829
4311
7345
6351
1833
2958
2098
2148
7226
4896
3534
3176
1841
9607
8090
8206
9250
7185
4863
7091
749
3466
5927
4813
5393
584
4845
6007
7041
9312
7527
2382
569
1210
3253
2836
1883
9282
5456
7073
9019
1784
3340
1666
9773
6715
6124
1342
6454
9186
994
4514
5096
3774
1873
270
703
2394
8798
1698
4094
9279
1582
3719
8011
2317
6764
375
6657
6207
514
1750
7008
1501
2097
7819
1424
1768
6535
6045
946
6214
1848
7086
1151
2240
7488
4235
4295
6793
4834
161
922
2121
2955
2299
4798
5845
2724
3473
6812
3140
1214
1437
6323
7760
519
5386
7261
2346
8232
8121
5624
6487
6321
3918
341
1957
2420
4557
9292
5316
8808
3100
6289
1385
5094
4169
4780
250
2051
3898
6216
8244
3218
8164
2289
5168
655
1269
1762
3715
272
2350
1016
9120
9700
5114
4383
3267
7441
5504
1229
4392
9660
7454
9227
7207
101
6160
3028
4885
1509
9780
5044
963
96
2259
9722
386
7058
5667
5174
3345
6178
8429
6956
513
5157
4913
6284
8495
2120
9602
7551
3563
2387
3115
2022
8571
4680
8270
713
4050
2062
4999
6854
4455
1022
1043
7594
4024
7109
462
7638
1925
9590
2604
8383
5177
98
7358
1339
4857
9584
9112
4175
9255
8106
6580
9564
9298
1916
9377
5034
5682
6573
1608
8871
50
4126
8788
7029
7670
1614
9549
7721
3684
3013
624
8163
9563
9384
5143
4552
8674
5323
7917
4894
2373
1758
1504
1248
6346
1926
1622
8440
6835
5224
142
686
9005
7559
2250
8755
9263
6965
5369
4832
1743
1685
9371
2006
680
3031
6468
8997
2133
31
8079
5274
6633
4016
3118
604
5509
1175
2943
4567
4782
2050
8836
3233
5485
7899
1205
9947
5161
4405
4423
6063
8821
2465
9287
3984
347
9766
6734
9812
945
8576
57
827
178
5892
7852
8982
7148
2249
7612
3742
3594
6503
5547
5434
6611
500
460
6325
9311
837
1281
5644
9558
9135
8588
5988
2209
8708
2935
9737
7016
3667
4643
2650
5883
3067
7004
56
8648
2105
1186
8186
7669
4188
8325
1780
9924
405
6697
5943
1524
2343
4292
7634
8183
3899
7468
2934
6679
4843
5833
9259
3128
3358
372
6688
7976
4443
3052
5632
664
318
5874
8784
5831
3749
8102
7134
7486
5982
3556
3662
9542
9620
4950
5394
6382
990
1863
4247
4194
3026
4932
1910
4921
1769
255
7837
5608
15
8204
4195
5047
9152
5024
5669
4414
9436
7708
8841
4587
4564
6128
5555
1250
8024
6293
587
9465
1720
498
4670
436
6110
6201
4315
6083
7678
9653
6901
9848
4529
4154
261
5855
2118
7095
3584
6317
8226
9174
7000
4444
8802
8151
4871
6457
6135
5907
9161
7066
496
1393
8740
9654
5980
2070
3661
2433
2214
8996
3016
862
301
4106
9650
4061
1413
2576
7802
6859
7465
7246
787
9695
4488
5117
1418
4574
8148
7548
5843
1023
185
7252
3181
2292
9886
3460
2970
7704
2782
1981
1983
5996
7804
8175
7726
7750
159
4151
8601
1379
4672
236
9706
7089
1935
265
5605
6275
1655
5198
6453
2747
4412
5849
1919
5366
2885
1534
6268
1598
7514
982
7815
4654
4357
1503
4502
1643
7779
3378
8172
8335
1423
5055
6446
3824
1820
4685
2818
4160
1477
1615
8180
8130
1406
8742
849
3453
8597
8097
2626
5009
9644
633
9569
8057
3883
9179
4709
9048
373
8734
3551
5214
2370
182
4187
9588
4367
6962
1014
7504
4937
4185
8776
3089
9473
208
6526
3640
2992
2960
7328
5521
24
5629
3352
9760
2946
3942
4329
3944
6397
8800
3471
6319
3000
9810
3537
1335
8457
6385
9751
2913
6308
5051
2979
3145
5092
7018
5810
5455
5587
5464
6229
8626
2907
5435
9471
2561
8756
4037
1109
8169
673
3423
4277
5278
757
825
6940
6534
17
1871
157
5823
3632
6735
716
8833
643
1005
7229
1588
8111
4307
3741
1527
3678
4486
2691
8814
4300
4004
4265
5948
1153
287
2624
4968
2352
2709
5181
5424
1262
7020
3093
4313
5209
8026
1856
1236
6065
6864
8373
1931
2459
9652
7681
6224
9175
8397
6653
6750
6085
5244
9896
1200
1838
1812
8203
6589
7854
7933
9416
3951
6153
1102
7954
2667
7161
9897
6208
6251
719
1797
8631
4481
2925
7491
9457
6523
5033
6993
8044
3412
1254
7286
3455
4801
177
2944
6485
2461
5666
3364
3184
6291
4765
4
9570
7420
8273
3441
9933
6776
4487
5586
5236
5652
11
9083
6958
1256
3301
2386
1880
707
3911
491
1505
6261
7035
4462
4626
510
1321
6300
3356
459
5852
1374
5728
9256
7048
2480
1189
2841
4288
181
8807
973
6947
5164
2337
4096
5711
8135
7496
1178
3086
399
9352
9922
4703
86
6230
9459
8298
5302
2074
617
7776
8173
586
3195
4157
3669
2571
9451
8522
388
2401
1971
9846
6970
2535
5806
770
2673
6213
573
7331
9749
603
4086
4616
9556
9507
9901
4474
3125
7547
2855
3977
725
7405
6257
2803
3913
9146
5184
661
6725
9675
205
9269
1915
41
5880
317
3204
5694
9336
818
2565
3924
1148
2137
1452
3001
3957
8662
447
7146
7953
335
3159
8431
9945
8556
9332
4020
4484
4719
8702
4600
7813
9959
5484
1435
6969
2894
2492
9953
4148
3773
4547
3451
7863
6079
6392
1391
7911
2054
2701
3359
6349
9573
934
6758
6964
6472
4597
4181
8143
829
3521
6663
8684
7994
3435
9447
5760
4492
2926
5763
3929
7219
9408
4533
5998
5011
1288
2090
1129
4269
2692
4167
5640
2577
1561
2749
4052
267
61
9223
9973
1824
856
6916
3589
6609
404
2279
1994
6897
7171
4629
180
8450
3539
4064
1507
7216
5109
6595
7198
6147
5144
4541
9333
4865
5633
3971
4630
5565
9536
811
6670
6510
9011
412
3108
3841
7223
8296
1331
1211
7039
6296
4316
2468
3865
1173
7443
4413
1549
156
7820
8017
812
3635
7473
79
9550
857
7895
8879
8382
1232
7792
6707
978
612
2458
2971
3206
3851
5303
191
3158
2549
2669
9575
1296
8455
114
916
6076
5936
2578
9985
6714
9732
1036
8343
6553
2526
9079
7416
420
1778
6505
2732
4911
7855
2285
5296
97
2771
7689
4745
4011
1568
8323
9730
1586
7580
391
5665
9391
6448
2658
409
3792
3761
4882
418
9100
1760
9021
5119
4491
8155
482
2024
9990
266
188
3550
2374
3999
5086
5099
330
6547
4255
2961
2816
4191
9119
4610
3286
2286
7610
1785
5920
8781
2085
3505
6263
2049
326
1508
9754
8237
7466
1392
5899
7640
4504
8999
7273
9659
6749
3004
8292
6073
2548
2690
4361
2887
3947
5672
6954
8091
432
5887
7894
9424
8568
4962
8356
1231
7060
6367
5992
6461
2519
5060
1199
2654
8769
9707
7239
103
4275
8551
913
6584
3385
1442
3536
1789
852
8361
1171
2569
2293
6307
5836
7582
2819
8890
2729
4183
7506
7173
1028
6955
8765
7969
6732
298
6681
2439
5822
3728
7644
5136
9392
5365
5888
9662
9669
2622
7919
3848
7322
333
2962
2602
473
9775
9638
7479
6944
8387
9244
5593
3900
8178
9612
5081
4023
2140
4226
7318
4421
9467
6724
8725
7986
3846
1160
5465
3044
109
2100
7165
9503
9368
4838
4410
3903
7876
5819
7342
9787
9894
7975
3328
9631
252
6466
9142
6685
616
2533
959
6499
4218
5598
8467
5776
2647
5963
6527
9565
4583
956
7806
7128
8256
7370
935
3479
1450
3136
1319
5949
7347
4210
2985
718
2952
936
3993
4224
3193
9033
1521
800
2152
9506
5380
627
2429
1902
3624
6154
7898
8098
7143
1399
4741
6475
4979
4152
6276
4005
7859
3606
2908
7132
2239
2713
979
8236
6057
1828
4549
6134
7182
2206
9340
4227
6820
7295
1738
6511
3956
9512
9909
5413
4664
1053
5654
6546
357
9931
6311
8850
6877
5294
6921
792
9972
1078
7372
7635
2794
3768
1694
1322
1864
9610
9561
8830
9347
2651
1002
4440
3398
9338
2814
9066
5447
4427
9634
1611
4240
8974
2510
3764
1715
5219
840
1179
6887
131
3383
970
7503
8943
2184
4206
2754
7655
1128
2831
9390
8316
3861
1055
2437
7992
2858
4747
5218
2878
2864
7666
5113
1593
355
9115
7611
8156
338
8496
556
3111
8037
9324
3856
3005
1928
9136
7064
868
9533
9432
3023
4927
8670
4966
9357
8605
9778
3095
7624
2385
9873
3733
7865
1944
1079
4244
6853
9397
6516
9213
5596
5539
4128
6384
1618
9701
3704
5418
8906
8897
2777
4138
4983
889
4121
6788
8437
1908
171
8463
6968
4945
5919
7456
677
8967
5973
6807
230
8637
3429
3263
8565
9103
8872
988
3285
1753
2924
445
7214
6843
7864
5486
5630
5563
3858
6880
1487
4550
2069
2646
7400
4716
9006
8422
3638
4463
2428
3055
7647
1206
7305
1804
9349
8358
9932
4089
1636
9428
1798
2514
5990
10000
4363
2769
6767
5437
7505
7575
6049
4505
1387
6691
2601
3727
9699
9711
3564
9962
9826
893
4566
7573
7636
6108
5825
5688
9834
2877
2532
7540
7794
3311
8713
568
9734
2903
8329
5125
8559
3509
9925
3988
7971
2255
4756
5813
3549
1227
7544
360
2653
9951
9363
8012
8977
5890
5736
8854
3808
2419
6636
3644
6198
9679
5107
6265
6646
8972
795
6620
6298
4092
6592
6099
7170
3854
4266
6952
9036
4489
4201
7932
6572
9791
8627
5410
7831
8168
9343
6548
5111
2969
380
3673
778
6074
2119
7528
3636
4302
4296
130
5671
5709
7987
3379
8025
5738
8199
8751
3717
9508
2408
7438
6769
6951
2993
6283
6089
5714
6432
9206
1316
9553
6773
1218
6564
4933
6181
7676
8071
2793
8810
8447
8038
9541
7281
1301
7650
4789
7870
7694
9013
1727
7391
2756
6961
6389
3474
6058
9614
4951
4535
9295
689
8698
7047
9987
1333
2353
9479
7028
5190
6490
554
7061
7518
8955
6755
4433
9781
8951
4328
7490
2136
4582
5079
8533
5947
865
9698
7816
2013
1432
9466
2538
7332
2099
3036
91
732
9625
7001
1449
2722
3059
6818
9713
9821
9498
4604
7537
6094
1945
7087
576
8427
5701
6464
3354
7576
275
284
203
6402
3978
1651
8152
5606
1875
5871
3938
2397
6157
6569
2881
9238
105
8394
9861
8114
8421
7478
3888
665
7521
8287
9685
5233
5696
3418
6836
9027
2886
8681
5210
2083
5271
9618
9804
3087
8039
213
7587
7729
8937
3342
4416
6416
4990
9632
2454
8589
9833
3361
5854
5862
8860
3568
3963
5059
3346
5876
394
6244
6118
2261
9029
4860
2453
4428
820
914
527
4485
9162
1835
8070
1040
3344
6264
9539
166
8430
5377
938
6540
9141
2332
3476
7059
5592
5351
7131
3229
863
2920
1226
6545
9649
6507
7377
8529
7315
3312
1544
5525
3215
4325
8341
7861
7688
3254
3113
2180
4676
9114
6727
4636
7067
7744
8223
6097
2448
7123
7312
1888
8110
4063
7735
7484
8856
6789
6786
9267
8438
3245
8917
1007
5881
2534
3148
2157
1656
1361
9572
5404
1464
5922
1747
5535
7237
3147
9568
6642
6682
1870
2309
6777
1395
3826
1297
9462
3306
4346
112
4944
2344
6716
3902
4122
590
5901
3852
429
7409
1164
4291
3777
3030
8692
9195
7382
4051
7414
4480
3341
426
8207
3317
6217
365
3916
407
1763
5249
9158
6813
2161
5414
5561
6258
3707
2984
9389
4851
9181
9538
9603
6034
6158
5438
2760
4634
5061
5499
7608
1324
351
5091
6143
6770
5680
6660
6784
949
9830
2786
4669
4620
6705
3830
2791
2589
4438
4141
8340
6415
9218
1286
5010
7826
8198
7710
9248
3914
7144
4080
7337
8140
6701
84
1749
7343
9671
1416
44
7425
81
8953
4001
3407
9527
3357
619
9651
3325
1292
9670
3983
5961
3501
6796
8847
5691
481
1064
5713
9881
2751
1219
5067
8602
2210
4116
9159
5071
5420
3395
9188
537
8939
4090
7733
1349
1903
9486
8801
3671
2328
1261
618
611
9615
4388
9305
2008
4366
4974
7614
4623
2351
1819
4380
3756
1961
5879
5212
1273
2515
7032
7155
9478
8672
5966
1821
3161
5758
2005
3519
1576
3488
6605
2470
1146
7923
8877
4517
18
46
1143
524
2736
3821
8685
6156
8862
2870
8321
1044
6071
7485
4501
3048
5355
7115
4606
2883
1553
563
7690
6356
8775
5527
7463
3639
2639
7730
8727
8115
2852
6473
7904
2559
5166
7778
5165
2430
6561
8425
7042
4734
4786
9301
9719
2968
224
4687
659
5191
8314
6267
9381
5110
5623
309
1513
113
5163
4814
4299
6617
7410
1842
3619
3486
9728
7278
3034
8238
3608
8454
766
6939
7912
2380
9544
7629
4469
5700
2521
2600
5628
7348
393
8162
8783
5035
2890
6871
4826
7293
504
9726
5522
3372
3791
7890
4280
4220
7990
169
3931
3024
3958
3747
2949
6946
4000
3427
6200
6619
4390
4976
549
2079
7556
6362
2398
256
68
2628
2748
115
3042
401
1765
100
9993
3322
1583
7094
7966
3078
1161
5770
8548
6422
8738
1375
7501
2324
6648
8792
733
371
7974
6493
2075
2815
3350
899
9171
9105
1483
6672
3735
1836
1999
172
9885
8145
4365
8405
9764
1137
6756
807
1303
5668
7745
7775
8882
3623
4536
3692
3413
6498
8718
1631
3581
1633
343
4205
1652
1775
8288
989
7886
1578
4081
8374
3437
6002
4002
7439
6369
7926
5502
8540
520
9518
9323
3493
5972
5906
8338
6668
1579
6926
5003
9217
2179
1265
7713
3040
4347
1072
4556
1425
3990
7736
5772
4375
5914
8274
337
813
2954
8668
3216
5785
9779
2530
526
147
8656
4935
1142
2766
6417
1313
6637
1754
5583
7598
709
8625
9403
3666
6893
2586
4596
4290
9828
3940
8732
36
4817
9069
2329
6571
1000
9858
3071
8035
2101
3353
160
9637
7320
430
305
8293
2957
6754
8502
920
110
5018
7848
9587
4918
4318
5013
3258
29
3050
5360
9851
8544
7874
1419
5016
8119
2765
9694
4225
143
8205
5543
71
5643
4919
1792
4977
6943
2027
3591
8275
277
926
8317
3712
1412
8811
7879
9799
7845
1545
2493
2588
7122
4554
7025
1017
5015
1251
3131
595
7194
5857
5771
4245
1826
2481
2848
3545
4145
8086
4177
202
7664
1314
8606
52
3784
3577
307
2287
9197
8615
1725
9511
4477
2496
7507
9528
517
421
1700
9010
8653
7411
8721
4334
3054
9913
6167
1861
4544
3248
4262
2517
4619
8299
340
9601
5807
2490
2705
6353
4508
610
8177
3304
4755
4646
8667
7428
7818
2404
7317
3389
5930
5786
8174
454
2067
1640
5317
7798
740
3266
4022
1184
2084
3369
8564
2175
2154
6095
5100
3810
9792
3965
5062
1100
4657
8360
2947
8815
5206
5396
1075
2584
8595
7757
3701
1560
244
5401
2095
7329
6133
6985
7836
5005
1193
6052
7151
3629
6225
3449
7080
4281
984
6902
900
8886
785
2734
7084
7887
5211
5252
9739
5077
9996
3700
3295
606
4706
6332
332
2042
6846
1402
3582
5376
538
9208
1083
1996
1997
9455
2520
6873
6278
9944
9396
2727
5796
291
5286
5655
27
3683
8952
3909
638
3212
4304
4822
1827
6010
7561
5931
5870
8240
1208
4432
8793
4437
4028
2142
5242
1295
6266
1378
4668
640
9204
4353
3497
6928
9257
8261
9818
6159
9983
2583
4456
5513
2318
5321
7847
1388
3188
1158
3818
4468
7263
4872
7457
9429
7393
1482
4590
2078
6907
8420
6783
5723
5087
6504
1004
5621
3518
2663
2421
7673
9426
4954
1253
5546
4017
3220
8465
8195
4097
5889
6771
5677
7734
2951
7839
7149
7140
7374
8876
600
8506
1188
7901
3586
168
2313
8641
2574
6941
1660
2403
1938
6354
9421
853
3066
434
9026
8695
6113
2570
1166
1474
5273
7279
3996
1386
912
4920
4310
6845
1167
8938
5571
5926
2697
6861
3021
8747
3392
1275
4528
9419
1772
9321
8326
4980
508
8019
5489
3182
4337
7889
8013
3823
9147
8812
6791
6872
4008
6205
4493
7034
6530
8123
1446
1721
2000
1746
4214
7696
9664
5757
1093
9133
8669
6590
5793
8050
1245
7591
7554
4348
7163
4662
8987
6028
3101
6292
4133
6363
8376
3677
7323
9449
3141
2476
7653
8517
9952
5155
6824
511
798
4869
201
1134
7625
6306
5205
7684
2585
4545
6878
5479
2446
6130
4219
672
7588
2455
1670
3373
5428
6112
3930
3154
2929
4107
7857
4897
3273
5019
8370
7698
3970
8209
7832
1689
7524
9852
3630
9043
2406
8762
7297
1056
7951
9600
8312
3331
2269
9233
8753
1644
1420
6898
8489
720
9051
2147
8482
6449
1220
5229
1334
5985
1377
9067
7209
9434
7461
4795
1354
8898
3780
2064
3828
7435
8074
6189
1213
6596
9385
553
229
1090
6361
8336
602
9757
4457
7023
1348
8267
9088
6059
2338
8309
4936
6285
5387
5798
6728
9770
174
6669
2655
4015
8028
8395
1541
8442
5765
9657
1525
1934
4045
5460
9118
2966
8535
6963
4519
534
5403
9081
9862
8251
7881
8611
5957
5577
4483
9474
5343
9902
424
9870
6011
9025
6643
7982
2104
3440
487
4237
8266
7022
1237
6445
1294
7202
1629
5552
2004
8366
2983
8913
6383
241
3617
6012
9708
5388
4506
2649
2797
3185
5124
449
4830
9054
3946
8829
1268
2772
8675
2956
7266
3778
2122
9320
4986
1740
443
3433
2038
3247
9591
1347
2807
1027
9425
7621
751
4958
9252
9355
7742
477
6544
5951
315
864
1639
872
2230
9912
5675
7049
8842
2010
919
7255
3170
2554
3138
1059
8867
2012
3800
9202
7858
8888
1380
6554
1024
4450
5325
1440
5730
3300
8036
4844
902
3405
3238
8680
2325
6008
933
743
4553
9308
132
9850
9440
5686
6027
7093
8004
2796
1001
1020
9798
1923
8794
8300
2568
4836
5826
5928
3278
5000
8331
8093
9341
5116
7113
9966
59
7111
5231
5364
2781
5732
8542
8147
4216
6792
8445
9629
7774
466
7011
4779
8979
7872
8817
9045
3603
5475
7117
6320
4436
2424
2824
8828
1858
5821
4043
910
5179
6834
9731
8883
4924
3855
8608
3558
8895
9552
4099
3839
7574
3706
9982
3794
5390
1457
8905
1946
9767
6892
4942
9050
7941
4161
5882
8328
2014
1581
4036
8779
8599
9382
107
3133
5938
6414
5958
2155
5459
6550
4608
6914
3622
4744
2305
1802
2829
4155
5427
6934
9053
7654
5872
4054
6277
358
8254
1809
8696
6977
6437
7098
3006
2981
8010
3680
467
1887
9131
1580
490
7979
8686
1602
9157
4452
7793
1257
7150
8239
7525
7308
7579
4336
7509
9270
6622
649
1488
3
196
5861
1444
1892
8276
262
4354
2753
9988
1065
6412
1443
5551
5203
9369
7046
8682
2988
8403
5384
1011
7353
4891
7716
5450
7231
464
2228
6322
7247
349
5549
6574
5790
4612
9860
2558
6335
218
7152
5858
2963
9488
540
9768
874
2820
6120
9008
1782
3228
8417
1801
389
3213
7956
646
1358
8582
8818
9277
1098
6565
4551
5431
886
4376
7955
7205
3445
8132
4946
9814
6126
9690
5550
7563
8835
4400
5306
4996
6661
7031
226
9935
1030
9919
5298
2573
4267
4254
144
5132
6250
9104
7623
2115
3540
4344
1839
414
9693
5702
6463
6227
4069
3552
5579
9817
6400
1476
6917
5208
1157
4025
5510
9567
9557
1570
4633
8271
8950
1900
763
5705
1626
8657
3542
1620
8933
1365
4340
5787
8519
4791
2685
5297
38
8310
4811
708
6882
6088
8873
503
3628
4961
589
6999
4274
5792
9468
5526
972
9540
9330
5944
6084
3893
7747
9636
1080
8319
924
6753
1851
1372
3017
8914
2159
9950
8364
193
7602
150
3585
6233
6418
3292
5066
2178
9364
2740
9789
5430
9938
907
781
764
1850
6377
1480
1135
1270
4071
7968
2416
905
4445
958
2363
6386
2366
158
1052
1453
7652
2728
4139
5158
9937
3961
5648
458
40
120
9613
2025
83
5800
1674
3548
4561
3908
5558
6444
7333
676
5183
4542
3309
3192
5338
6345
2735
6029
5021
7808
6542
6687
7236
6199
2139
2203
783
8406
4359
5313
897
5173
9759
9515
221
7651
4351
3430
1514
666
681
3256
739
245
5651
1290
5715
5246
1613
559
5188
89
6106
8295
1939
4523
7455
9020
7447
136
2033
2072
7931
6629
9264
1433
4118
1223
9007
4938
9057
6863
368
2597
1287
5251
3779
9500
3448
2320
8008
7725
9645
3251
9409
8216
3648
8076
1305
3012
4166
4698
6478
5150
3172
3264
1174
3820
4776
8959
72
6122
1371
9030
7442
5285
7763
2487
929
7285
9192
1177
7051
146
6470
8181
263
1451
7112
5989
9738
6582
8744
7989
2614
3527
6357
5692
730
3494
9687
695
951
7355
4473
8462
2302
4108
6555
3503
8208
6171
4190
3038
8840
7557
571
4589
6347
4006
4409
566
4498
3679
1624
8777
2996
5222
4395
4842
3812
9315
8185
4702
302
6350
4343
2063
2564
4576
3287
8864
8210
6026
5288
2449
5172
9239
7821
7809
1362
5503
1150
6098
92
2787
450
5277
8241
7883
416
3142
851
9611
344
3019
7995
6304
8880
6339
7513
3834
7873
2168
1307
2298
4730
1860
3776
7567
8844
887
6722
5127
623
5309
8966
8805
1082
4546
4178
334
4705
3370
5574
4135
3459
258
3496
3618
3689
7844
4733
6043
3535
6717
8452
6136
1095
6641
5576
7433
5969
145
8294
5934
5422
1233
9655
3169
1954
9884
8782
5052
1255
6855
446
5679
3697
1089
8574
3875
2567
5239
3744
8639
3859
2477
7875
6673
9433
5187
8327
3051
1113
552
2918
8724
283
9356
747
5423
4925
8929
2216
4748
5609
8253
3033
8563
3009
2745
7419
5102
1572
9095
8435
2200
8536
8301
1924
2357
4164
7326
7063
5392
5567
1428
7758
8908
37
7604
1714
9703
9965
7642
9504
254
9022
4165
9686
7748
8247
5331
2011
608
2222
8346
1729
7493
4723
2790
564
2674
3541
3604
4510
4176
4625
2531
9093
1874
4180
4866
4317
3227
2032
6693
917
5227
6301
2522
592
6624
2621
1152
662
4754
3566
5518
5204
7746
5653
9107
4207
6093
5169
8284
1823
5756
4041
6525
2375
2802
6988
6406
4368
6023
7471
1046
533
4593
222
5582
9608
523
3634
4673
9342
5178
2901
2579
6186
1566
6832
6016
8307
8480
2557
4132
148
8005
6874
5859
9220
1284
378
9117
2546
415
3892
8878
3098
9815
5154
3945
2361
2826
1012
1814
9523
8014
834
4137
6851
3974
954
5664
4939
465
5409
1101
2869
7906
734
2940
5497
1790
7599
8826
8523
1567
2019
9910
5637
9978
5362
8785
3126
2081
9863
6387
6519
3179
5049
2469
126
532
1447
2442
1489
3840
7918
5942
9254
3995
9825
6860
7998
6676
9674
441
6806
1843
1063
7351
7562
7125
448
32
7408
9633
3528
4591
6743
7139
7422
4209
9205
6528
7242
4717
1735
8023
9413
4655
1733
5762
7341
77
8471
2662
4320
5255
4298
6913
8278
3724
5287
5215
1118
6905
2441
6972
8981
3811
756
7891
1470
1973
7549
5553
4772
1327
5612
6435
8579
2440
3057
9672
8722
7558
8978
225
3484
2265
2609
6471
5838
1803
9031
790
9967
4078
2191
1862
3766
6434
7412
9598
2778
9190
7
4854
2652
7880
8339
1243
4387
4127
4746
1885
9286
5028
249
4785
9648
5917
1840
2017
2972
3146
4033
5804
154
5620
1285
1688
5635
5105
5537
5642
6222
2726
7340
9890
2498
9441
1985
3880
2253
2248
8986
8007
6324
385
7158
817
2345
8528
5940
3722
5057
6719
9520
3960
3698
7997
3112
6260
8487
1498
8484
4229
1732
1745
5129
6552
2688
9824
2874
5200
1921
2244
3616
6209
5559
1029
2058
5101
80
4808
5878
4987
1500
2205
8227
1225
4928
5528
4171
8881
5333
8819
8706
6212
9599
8470
1147
1529
5794
9963
2644
4691
634
5048
8617
8146
1642
6869
5098
3363
7519
1216
7250
9682
8666
1731
6281
1467
2417
8774
9002
1662
6829
9710
512
2141
2991
1889
6604
2117
6628
883
3226
9626
773
4581
8378
731
7203
1708
9892
6262
1716
7244
1597
741
3583
4881
6904
6431
7613
3049
4306
6327
3209
9535
5196
14
9221
1460
2243
675
4242
5304
1282
6912
6040
9109
9623
2127
2056
7450
2502
6342
5868
8041
6467
7645
8233
2598
7508
3282
1326
2623
2698
8348
4236
3801
3400
3408
3157
4084
3070
6814
838
3196
6702
657
7215
3183
6132
6690
2412
3415
736
8690
70
9592
4737
7536
9038
9348
3458
3649
1619
2226
5508
6131
727
5902
5095
7947
7362
2151
5634
2928
547
4286
8291
3274
2922
1829
9616
1266
2356
4602
7853
6051
7782
2231
5727
2378
5974
3025
4537
6450
4952
5752
4044
176
7662
5693
6576
4120
9140
7907
9094
4057
8131
2895
9920
3928
1977
775
9519
2681
5978
2254
6883
4686
9423
8623
6479
6868
313
6808
3390
6862
797
9716
5334
1401
5734
1702
3114
6671
4971
4518
9331
5517
5769
9808
4385
4230
3906
2466
1730
8591
6809
2034
5536
9485
7569
9412
6162
9904
7803
4475
4079
58
5451
5291
4611
5909
2110
5022
5175
1338
269
4569
5261
544
7280
5444
8900
129
4035
2061
3751
932
6255
1463
4062
9249
3758
6638
9241
3324
879
8630
6723
631
9283
7936
1953
9866
3510
2840
251
4675
7477
855
5867
9243
9676
7600
7284
9853
6802
8927
8107
5731
9678
1458
5093
6070
7346
3349
9772
1766
5490
9872
4778
8650
8558
4516
1400
54
6407
5314
5698
6000
8281
5462
6566
6474
7269
3807
5918
9907
3221
8573
6039
4147
5441
7495
9289
1847
1539
7234
4007
1320
9411
189
9560
8304
637
1933
735
6164
1759
7119
3153
5254
2742
2677
3894
4305
4681
7296
13
9606
2635
5258
1911
1533
6844
8910
9666
809
220
7235
2425
7927
3560
6080
3610
8245
364
3554
583
7768
1192
9203
888
2144
7050
950
489
4718
7289
8255
8124
9173
3553
8481
3194
1344
3348
4435
1207
7272
3763
4012
5046
3092
1066
2479
422
6981
6500
7658
7159
8909
1154
7711
5619
8337
9929
2671
8125
8746
2990
7298
535
3814
4762
5440
3362
663
9797
2702
9970
3428
3313
6015
1963
2536
227
5180
4243
8525
9895
3912
7755
8365
5912
7606
9502
3849
3737
5578
7121
995
3360
8318
6121
321
5636
3795
3803
2757
4599
6919
9196
3296
4460
3130
7772
658
6910
896
1194
7175
3106
5442
2998
2199
828
9251
1817
1197
1535
7077
7055
1684
9765
7369
5045
8280
3330
7766
9085
5860
5613
5341
5995
9365
8385
5327
6896
4021
5007
4461
9245
4117
8243
3121
9667
3368
1068
9976
3252
5726
4521
8105
8371
1950
1664
7787
3857
4823
5189
8704
5349
3904
9444
9242
7225
3420
1491
7667
2288
9032
2880
2052
3168
8332
8622
4189
6810
8593
8388
2936
7893
1035
8896
1949
5719
9954
5213
5896
1499
8654
6141
2483
2562
2833
6765
4093
8947
195
1436
1332
8787
3207
6172
1163
2043
2545
1632
9222
3932
9880
7191
815
8505
8624
5037
7460
8134
8112
8201
4775
3403
6541
1788
5844
3376
997
6982
4824
402
9278
9714
6696
1703
8760
3260
141
5069
1084
8189
8924
6933
1191
6242
5089
4893
1940
3694
8863
6713
8940
3208
76
4769
2388
779
3255
6998
7033
6799
1558
1899
9501
3972
9456
9642
8320
6035
7660
6195
7133
2838
8885
4637
4642
6075
699
555
299
8063
4082
5253
3767
3160
3079
104
8985
2919
7834
4792
215
8845
866
8401
4707
2452
3234
2262
2308
2893
7543
8087
2716
4784
4635
8679
7812
8476
964
3943
4812
1396
5622
1724
4172
3989
9981
7451
8629
993
1510
2629
3463
4394
8903
442
5292
5257
9513
6825
4973
3241
2553
7765
3547
2131
8634
1506
4645
7672
8082
4159
5533
8067
3015
3847
6800
9741
6286
1967
4408
2845
4270
8699
9832
5557
6294
4648
8616
6975
4047
5482
8190
9407
2898
6815
9777
3284
7270
1968
3681
400
6762
5399
4725
2933
8242
5477
7102
8575
1172
5463
3406
8754
2073
833
1466
9489
2942
9091
682
5718
4114
1345
6537
9992
5774
7761
7147
5336
5445
2296
3895
1512
194
3637
9346
7885
4923
2725
9372
6539
5152
9483
6575
5289
4356
6833
8096
3316
2089
353
6889
9665
4650
1739
5498
3538
6247
395
1139
7592
3201
8126
8458
1552
2610
2560
5389
1672
987
9464
5631
6223
7356
5953
9234
8032
957
7627
2762
6326
7130
6439
7469
7564
2509
6852
628
8849
9581
7097
7177
4271
738
7991
4628
2656
417
2045
2620
7380
6451
2636
4726
4119
8652
5311
1830
3941
2312
7783
5379
8347
3901
3948
2114
645
2630
3512
5908
238
8015
133
9936
758
7375
2319
9941
6031
942
2323
4513
1117
5148
1230
8171
8068
6695
3682
2529
7169
6481
8069
1970
3404
5645
2809
9622
9439
2405
122
2109
3043
7709
9718
7245
3949
4232
197
1625
2169
5590
5768
1764
2036
8719
858
3769
3290
4073
21
5581
5272
9328
4614
9406
5962
9084
8598
4470
8915
5999
7327
8475
1547
3656
8212
7959
1274
7515
8399
2982
6666
7129
6509
2800
8117
2035
183
7718
5084
125
276
2125
6206
1099
2457
8077
976
5839
2813
1907
6117
1596
8501
4507
2843
2657
4862
3879
6259
2700
9265
826
9172
8865
6161
8410
7753
9845
2788
8647
647
1234
6607
8046
5818
5816
4694
8120
4384
2741
4360
8612
5473
9800
6486
8432
6967
2632
8991
1705
2744
6142
4125
8095
2376
4916
9639
7566
5809
1351
6721
515
7043
9404
6959
2590
7799
6018
6055
6014
9240
6256
9073
7186
9837
885
7313
3062
5398
469
3569
3650
639
5749
8389
9148
2613
3123
6328
8400
4858
4109
9317
3190
1033
4330
796
6593
8229
1601
2041
6708
7999
3075
596
9450
1868
6781
5993
4899
7940
8552
3862
3063
8723
7201
3750
9144
9096
8231
246
835
3332
3919
1575
4442
7771
9056
4835
1587
5308
9843
6410
6187
1025
2473
7445
5739
1409
4790
285
5429
9138
3850
382
6520
8157
5716
7071
4627
2730
7888
2582
9998
3869
2381
8770
6665
6658
2739
4273
6429
231
2103
3796
2301
6908
9216
882
413
5358
53
762
5088
3757
1894
8645
1389
7423
2164
2789
4249
772
4105
4767
774
4048
9092
3597
4819
7314
3180
5193
9313
6496
5846
5347
4091
9725
7076
4250
9275
6048
1145
3399
9041
7101
1119
4879
9869
8056
5269
650
2828
9702
2599
304
4500
6381
6886
6937
878
6703
3380
6006
5381
9555
760
2950
5753
2715
5263
8286
1368
4059
1901
1116
7706
6759
7137
7913
9177
3887
7796
4272
6518
4949
7679
4543
5987
8961
5991
7770
966
9748
3470
3721
6404
6409
4088
9160
9070
5932
339
6069
423
7807
6570
3641
8980
1042
5560
6443
4403
8995
5599
6314
288
4914
1381
8990
3672
2723
4678
5241
2637
1096
8051
1057
4293
1857
3788
1897
5656
9878
7081
6742
5956
8504
5083
7336
19
925
9733
7426
7860
8165
6538
3642
4042
1511
2268
9113
232
4692
3575
4246
1081
4472
8547
761
2297
6489
3506
8225
1528
8745
253
5941
3713
8671
2086
4401
1212
5954
3890
953
7570
5201
4889
2539
9430
5824
2859
2471
8780
2842
7945
9370
4878
9627
8412
7762
3611
9795
4101
6096
1244
63
5534
6678
1279
7181
1777
579
1317
2994
5082
4868
7985
4464
2123
6949
4852
9551
8159
4653
7790
2830
1744
3272
980
5564
9874
6087
4426
7406
6559
4349
9889
5223
9859
4605
3953
2327
6502
3833
7752
6005
613
6612
8946
6720
9225
5474
2973
8508
5548
6922
170
8989
939
9126
6879
6514
2619
2670
2016
4026
4257
6599
7661
3815
2330
1058
1964
599
3813
6700
2146
5329
3874
7319
8716
2977
1087
7267
8170
1176
2186
3699
5137
782
9746
1462
3845
7413
8313
2229
2511
4215
4578
1668
6632
7248
3711
4759
5649
7897
7316
9339
55
4374
2738
3571
921
4570
8763
9691
7929
1959
6269
186
7222
4530
669
4258
8581
3318
1520
4153
9016
390
9758
8073
5340
9677
2500
7365
6639
7386
7124
9165
3710
3236
8655
1912
5245
9571
9964
8911
2804
4890
927
2784
2660
8282
2770
5875
7311
6506
536
8949
723
9643
8975
342
7596
1956
4883
2290
6704
9899
4425
7389
3522
6365
6795
4198
9058
2897
7668
9980
1564
7388
5523
8078
4632
3178
1439
7965
3375
8416
9395
4303
1518
4204
6630
975
3487
9401
5053
5337
9388
2566
4070
4995
3760
3920
9487
471
3011
2223
2339
876
8350
971
3401
4829
3046
239
1357
5001
9744
4768
8049
8436
4217
8066
6190
3323
5493
1015
1690
7538
594
7154
2761
410
3793
6583
6803
5237
6521
1484
1852
8596
9875
7472
5967
2699
7663
8620
1606
3333
6170
1993
26
2989
2900
7628
6718
9078
440
891
3107
6983
2827
2215
7483
5594
235
9194
6231
5250
3716
8891
4699
5330
1741
5275
3280
6273
7675
6302
4538
6243
789
3377
7697
408
322
9076
4992
5073
4738
5580
1259
1239
7516
5002
3962
207
2909
3391
5142
4761
7900
5126
8500
4804
6606
4757
8441
6839
331
5496
3499
895
8263
2438
4846
1346
7401
688
2866
9087
4364
3718
2847
6936
3246
7522
7511
6847
1914
8060
8302
9102
6129
3197
9212
7868
2217
4038
5983
6556
192
8006
5266
6299
5910
7829
2696
2612
7003
427
22
9300
5471
7572
7641
5344
8122
9044
4324
3073
3543
2311
7118
7984
6805
7597
3508
9476
7993
1502
9505
7474
1427
7741
9774
2275
9034
7227
2129
8139
3546
6942
6549
622
8062
4827
5511
6797
5729
7262
7415
9783
5690
5339
7980
3116
9260
6441
3596
3921
8918
1966
9883
363
1757
6148
346
1810
2978
6989
1975
3647
9155
397
567
7908
742
8330
6821
8396
7036
7220
8001
9442
2684
5683
3755
5977
6393
1845
4415
2844
4186
9865
9362
7458
8550
9145
3658
6163
7962
9493
4671
9435
6866
4787
5225
1877
1422
6460
7593
7017
6228
2392
60
9235
5602
6376
9559
6623
3872
9736
1855
2733
1155
3950
6918
5054
700
522
6421
3910
461
7394
9201
1
3243
4877
8530
7922
4555
5466
271
2941
2273
3214
7674
3271
8651
1573
1976
1311
7429
6092
4068
9431
2839
7440
2834
8958
5042
1693
4382
8260
2188
2306
9835
6218
4524
6272
6694
3491
977
8804
5020
2112
2276
1165
6991
7354
8660
6238
1519
3397
5332
8464
8016
8474
7307
3925
2354
1298
6680
7833
4710
2689
3896
9494
1909
930
2360
2542
4345
121
6379
8870
6995
5545
8108
3320
1247
4308
6945
5324
3652
5506
4192
3198
2355
679
2415
3257
7657
7321
8846
7482
3621
8367
7099
1612
4419
135
3143
3203
3836
5500
7784
5997
648
1091
9997
9585
620
529
1538
4903
5012
5156
1722
3217
2364
7116
5238
1695
5814
805
4729
1071
4179
6364
1811
9923
9460
9915
690
4584
5318
5516
48
1719
8428
9484
3068
3725
1654
8230
9089
6430
1591
9516
4565
4828
2065
7767
904
472
575
9125
768
9979
403
2258
9290
6179
8179
7498
9684
4260
3659
1088
3303
5775
9272
1299
6634
4901
5916
769
2608
821
6456
8919
9971
478
3489
9566
6047
8372
7395
8381
2891
5708
7464
881
660
5981
3625
6241
5014
444
801
1181
3425
9337
2080
6597
6830
4512
7096
8992
2181
5617
7972
9353
3873
2463
8468
2911
6881
3366
9949
8511
6221
4439
9367
2108
8720
7292
7015
9453
8632
6698
9752
4848
5659
3691
1130
2267
2462
3922
293
7383
9574
6146
8553
2393
4967
9163
7846
8415
8269
4588
7605
3686
2260
3335
7040
6024
6440
1960
4579
2873
9360
8192
9593
2270
3973
3602
6138
9578
6712
117
3099
6826
5432
7212
3502
6425
6103
4095
2516
4077
6551
3035
3132
2939
1417
996
2512
7773
8827
4640
6375
6204
2237
8443
2773
7164
457
5170
8486
7616
7352
8912
7957
9888
931
1421
6645
6603
1356
2218
488
7053
8837
6987
1813
9492
5039
8825
562
3431
316
6193
5863
4622
8408
4820
1936
3544
6315
9454
106
7988
5135
850
1565
3084
6536
1942
2875
4370
8167
7145
1478
4182
1955
9329
248
3934
6876
9193
2158
2379
2023
7677
5234
1038
5591
8736
8683
190
2927
1958
7195
3985
7282
1686
1360
5038
2478
943
7727
5616
1546
1430
3923
5783
4391
8513
1648
4825
6640
6614
8214
4362
463
3511
8160
8439
8562
5478
5722
2434
8257
3882
7737
9735
2472
7631
5385
5712
4803
7233
128
5415
7754
438
2475
6442
7052
3675
9359
3090
9756
8448
6524
2999
5265
3134
3643
5004
4404
7421
2087
7240
2668
7088
5328
8916
9999
9761
6675
4867
5877
1699
6249
845
5566
7740
546
9596
2138
3336
30
2575
9417
890
2257
1585
6105
2198
2194
5903
4732
7200
2282
1589
9514
8349
2411
507
4907
6077
5197
9683
7259
588
5085
8289
7162
5070
7188
4448
8228
6625
8549
8561
8889
1110
6455
1003
1309
1577
3482
7717
7838
1948
8393
7196
1600
3572
1574
320
6729
6602
1742
7324
8022
7795
282
4715
6253
4149
5419
4039
5588
8118
1623
499
3753
3866
5421
753
5801
8555
5933
8197
9137
5764
7683
1426
8932
8065
7264
5799
7436
6974
2799
5542
6068
2867
1315
992
9296
3122
9200
4525
9864
1276
9055
4332
7950
6794
4256
3250
8531
217
7930
9344
8354
2823
1645
7622
894
9375
237
7204
4548
5965
4651
9276
5090
82
3424
69
6408
8477
7866
9991
3696
1434
8945
9266
557
9068
9624
8268
5357
8258
8838
609
6976
9807
2187
962
2130
7402
6184
9230
3653
2798
2868
6932
3954
3150
6235
7184
7310
3515
5259
9630
3434
2980
9960
1201
1663
5008
9189
3053
1394
6992
4742
3517
184
35
323
5027
1495
558
2009
233
5030
7105
6562
5797
9796
2551
9816
2888
2853
4731
6757
8707
4929
3615
4393
1621
5915
2641
5074
2295
7079
6615
777
824
8874
5280
1367
8116
5505
8485
4910
2860
5515
5742
4509
1300
9139
5262
3752
4146
8053
9472
9640
3417
1069
5346
4074
5641
4560
7695
3374
2247
2995
1037
8413
4029
4341
7560
2763
2795
3010
240
9335
3798
9831
6841
1710
198
2040
1726
4263
7294
3729
7722
324
4771
8100
5153
3008
2543
3998
2242
4196
8444
4115
712
9187
2113
7637
7480
6066
5064
6782
5192
1448
8750
867
9717
5514
7396
8058
2593
7359
6867
6009
578
6508
1404
7494
165
5568
243
8964
4458
9942
7830
1752
8831
6078
1783
5960
7476
6674
3991
5707
4856
548
802
6581
4326
3809
8392
7584
2676
7541
4886
2986
701
6177
1638
1569
7056
3905
8711
1522
1283
7871
1429
8824
9747
8687
9763
6427
1112
6774
4499
4013
794
502
7206
1228
2150
5873
1021
2544
6022
6837
3308
6413
2603
6056
9856
6313
641
2811
4431
8560
3231
908
6598
6343
4970
7851
5373
9841
433
2156
468
9325
7843
7357
9537
9822
909
5994
374
4724
6459
4264
8235
8643
5145
7069
7769
1293
4559
830
4331
5350
8324
2661
2407
2863
9916
5761
8451
4708
3127
2611
8820
9680
5115
9184
329
5556
9128
6239
6816
8694
3270
4377
7665
8424
3891
5356
9170
7183
314
1918
9273
94
2717
2368
67
139
5720
4595
6699
6348
4434
2879
8859
5570
9940
5449
9788
4964
6842
9762
6935
7218
5950
6137
4202
5532
4948
5754
9101
1627
3598
6102
6019
9811
5788
2238
4712
3588
4969
1485
5840
6920
6062
2321
7100
2336
2931
8806
1076
5808
8072
3964
8040
5284
3307
1713
9099
880
8726
1989
4497
8954
5805
9525
3064
7800
6924
8202
6804
9274
8934
3936
8355
1032
6828
3626
8250
9842
5820
6282
7553
2482
4861
8728
9898
8377
492
3612
5264
6390
376
7385
7371
3968
5232
1209
6149
3516
8217
3097
3819
3137
2750
3789
1965
8739
8572
5959
2447
1280
2030
4049
8795
543
6236
2541
9023
9900
3174
5815
4770
2171
1641
3164
1105
3003
5595
8144
5695
381
9481
6644
5971
6109
3166
8127
4162
2400
7432
2423
6488
9921
6037
3402
2272
7378
9840
5759
138
1844
4102
4208
3514
2165
2967
7785
5685
635
4909
7044
8712
8080
3790
2821
5625
3736
614
3485
7107
7949
3787
2256
7609
2183
3237
6838
5221
7057
814
5050
4930
3281
1468
1204
7306
1531
5575
7531
8088
5276
2596
7127
7585
706
1124
9074
1982
8799
279
7948
4647
9052
2326
7545
7632
9524
2906
1263
6865
2128
9149
8512
451
3094
9802
8503
7065
6305
6312
8141
1884
9035
2189
1904
8703
6857
9785
5352
7938
9887
7381
2712
3367
615
692
1807
4289
8566
6726
1806
289
3765
1704
5467
2587
3825
3876
4309
2185
2082
4760
5159
6403
369
9583
8446
4466
5827
965
693
9284
911
4429
6827
2195
5955
8518
5281
7617
2342
8514
5167
1671
5898
6618
521
5375
4200
1123
9086
6447
8211
3631
8936
3018
7167
1800
3730
8973
6182
8150
1352
327
561
7368
8700
9236
1893
8677
2204
8701
3969
9182
1837
1771
6568
5529
3668
5372
726
9310
9018
7630
4609
684
2460
4975
2916
5614
3083
9306
7302
2464
4184
8646
780
806
6731
6254
9281
8128
1187
7824
9882
8894
173
5162
3871
4301
4134
7952
3981
204
6745
5660
5706
7190
3524
1397
7825
7009
8884
8578
7238
4704
7535
1796
2294
7228
9857
6211
2801
8248
7366
4934
3464
1779
4985
3186
9743
3205
5841
3531
4539
8129
5103
3298
1913
6736
3091
4389
6577
2348
5416
6168
2508
7166
8962
3732
7520
3959
3326
8621
4482
5869
6760
6194
7258
7693
2997
2711
7072
1536
3783
7814
3695
2505
2149
1258
7827
2708
4601
1571
9490
6139
3605
4607
1854
4018
4613
3655
398
5141
3688
728
264
7027
3277
1995
2399
5703
6849
7452
2166
8735
9696
799
75
3754
6741
4399
8984
755
941
1557
1162
2540
8497
6210
9769
9943
2389
9526
8306
9543
6240
8064
572
3162
8710
2107
6064
9164
6894
5480
3601
1677
452
2938
1853
367
2719
9562
2026
3827
2278
4424
2160
278
5835
1370
1776
8369
9262
485
4697
6036
8034
2884
3483
1085
3037
8456
1683
2850
5777
1441
8221
6174
7934
175
8521
1896
9499
7304
9427
1465
7178
3745
8663
8158
8031
1384
822
6336
1182
3567
4905
5828
4915
791
392
7114
5408
493
2876
5391
8554
3927
1687
6270
8921
9917
3498
1411
308
8557
3302
4972
6903
2037
4268
2116
7856
3578
4239
2281
871
7723
1159
9420
494
7176
724
7935
7691
2246
5361
8187
9681
5837
20
3081
4294
1312
9232
2552
3305
9143
1697
9134
7905
501
3244
7251
8352
212
1086
3533
3897
9271
3782
2945
2679
9723
1217
7037
4850
5748
9080
8537
1634
7392
274
1050
7882
8532
7199
1122
2683
6884
4695
2055
5383
2633
260
1196
8220
8983
9211
3557
6667
6318
2126
9291
9319
2953
1340
8689
4727
6709
2580
9823
9855
3917
6923
8359
9028
7135
7555
7578
111
5935
7054
1905
1054
5507
7822
651
7500
1190
4807
8642
7643
2556
7253
2396
5075
3868
7884
7615
1617
3060
8963
8344
6512
1114
4649
8362
626
8411
1986
4129
3870
1563
9509
163
8923
8737
2486
5601
3289
7896
9316
3104
5540
8138
3843
1706
8472
5767
116
4446
8976
8988
2703
3472
5312
5952
4667
9042
745
8664
3438
2707
123
2902
6017
3693
1667
6683
7639
7021
5627
9268
1241
6706
3279
1969
2810
9072
9247
2776
4479
7571
6341
4666
3351
7702
667
2422
551
9809
6840
1481
336
8569
7687
2755
1550
5228
6522
9946
6616
5247
8658
8857
593
3980
1831
8823
199
4441
7916
842
542
884
4594
6980
9854
3690
310
4831
6938
3393
6032
839
6420
8733
8043
9712
1962
6532
6176
7078
8460
4904
8453
5911
9529
3786
6823
9839
8219
1673
9285
1010
4777
5491
2640
1180
9918
607
6001
1770
7944
5080
9108
3242
7160
4248
4453
6997
8461
3714
5458
9497
2211
3065
6768
9219
2207
3500
836
1951
6775
6050
2201
2372
7542
1972
6752
8635
7075
1767
2001
6119
1278
7446
711
1336
4222
9003
6196
6003
9782
2177
968
5320
2822
1584
3462
7892
7241
8055
8717
3319
486
4793
5766
8786
42
4027
9082
5791
3457
1542
9210
9647
5368
1599
431
6594
668
9619
2135
49
7703
8137
2693
2347
1755
8483
3475
2384
6711
6245
4515
8161
6329
8479
4563
2506
1366
1170
974
9302
2774
7910
6104
8636
4802
2975
9510
4056
6608
1456
7224
4955
4947
7946
2592
7777
4763
4674
2783
6340
5220
687
6779
1141
2377
8285
1723
6380
6452
2499
290
6533
439
784
2443
7759
5618
8764
3456
4223
967
7659
7842
2666
8520
5673
4870
698
3409
6180
9906
577
3022
2618
2594
6563
844
108
4319
2046
1865
7937
4055
5433
3058
455
4478
5453
9805
6778
6801
7360
9090
2445
4892
1890
8498
1680
9641
1594
7364
2362
257
1676
5282
7334
5741
5104
2264
5315
2849
8659
7390
6428
4233
7030
7915
8809
9299
8491
8059
3982
3620
7230
1930
4150
9017
3587
6766
8297
88
9977
8153
654
7070
9132
480
7418
2503
3805
9443
476
937
5784
5604
4931
4887
8586
5354
497
6237
2413
652
9127
5417
8633
685
9589
6370
4926
3041
9061
8061
2808
5584
6560
2444
2432
3864
3781
5817
1195
6739
3110
2331
3283
1107
8434
2474
2252
4040
5122
2550
6373
5120
5704
7791
1062
8594
8375
3165
8678
1816
4067
2266
34
8499
5494
1886
3853
6655
8693
8113
2235
8045
4014
9387
3613
5697
1267
6482
3955
8386
1675
2029
6111
923
2018
3469
4476
4234
200
6585
312
5900
1222
8315
6366
767
4796
1104
8935
8948
3382
9838
9293
2371
810
7387
1605
2759
3529
4312
6790
981
8965
5886
7902
5853
5572
4406
4978
8398
1941
74
7260
3599
8423
528
7867
6497
3772
4656
406
1786
3532
9939
9178
9911
8303
2675
