281
679
659
100
113
602
767
820
800
3
73
897
49
441
950
200
95
706
726
406
61
76
122
556
877
400
136
572
318
815
660
451
886
425
27
266
395
856
269
453
615
677
107
348
850
31
582
312
260
518
675
609
431
438
537
481
588
190
161
460
442
343
631
33
964
574
433
457
754
501
595
946
700
249
885
227
164
745
402
186
378
738
429
278
719
593
764
138
894
117
22
303
188
791
704
284
740
804
816
23
697
311
109
162
681
261
193
5
511
212
521
335
938
758
943
475
15
44
498
664
273
868
550
766
813
696
385
79
578
817
911
443
705
912
333
181
641
112
11
447
686
902
769
995
554
29
645
759
915
56
156
997
698
969
927
328
625
746
477
91
241
388
839
209
463
644
379
131
561
713
658
539
220
78
548
751
325
983
825
947
189
731
159
919
58
262
75
334
52
248
892
247
111
234
435
467
955
711
991
630
844
42
567
717
608
809
291
949
452
428
409
981
157
779
683
454
151
893
82
295
509
765
585
374
975
459
377
490
963
517
322
497
793
812
901
500
77
653
101
290
725
361
327
102
716
685
605
461
621
171
647
205
693
398
50
742
65
587
543
259
887
875
924
299
707
293
865
69
226
339
336
768
834
292
436
47
580
598
251
859
971
728
918
202
734
216
699
66
566
403
144
302
632
909
778
584
634
479
149
114
342
690
508
958
399
780
563
375
203
383
373
703
184
591
923
92
469
192
577
217
48
777
179
953
473
172
36
914
489
787
404
7
555
522
1000
904
175
352
20
245
308
421
466
796
422
86
519
633
613
134
723
770
199
545
743
372
244
579
774
424
130
416
94
636
842
462
238
828
314
14
682
393
169
386
250
611
381
984
405
183
866
418
888
230
411
528
64
862
231
557
678
722
657
51
773
450
215
371
307
932
345
495
387
168
516
40
137
25
702
474
599
667
265
606
558
597
357
43
396
129
185
639
845
676
270
619
540
671
26
243
253
538
530
280
560
992
849
917
32
596
478
907
354
712
127
210
957
638
802
748
499
826
355
389
434
687
921
945
277
207
651
480
708
576
741
937
570
616
297
652
351
246
747
363
870
57
81
87
977
618
256
988
449
673
369
762
331
55
948
709
30
833
338
93
913
176
103
365
772
692
232
358
53
300
890
855
790
590
575
750
603
674
600
869
72
694
523
419
296
177
732
899
996
974
532
691
158
305
882
604
88
994
116
46
346
905
427
4
484
140
854
749
730
255
196
721
811
966
347
960
565
198
349
104
701
316
1
715
684
306
755
933
356
968
494
980
228
506
908
63
329
922
627
225
573
771
846
646
547
401
240
761
263
936
163
788
502
133
264
324
407
861
985
142
757
505
160
832
729
493
45
970
83
928
165
525
364
222
648
367
986
883
512
876
408
836
744
872
384
801
662
487
752
848
152
108
786
147
504
432
148
818
972
139
797
135
656
680
12
330
476
272
394
863
17
733
514
197
150
853
211
321
382
939
313
10
871
115
67
782
155
806
669
178
524
310
37
935
536
19
366
720
879
68
794
315
18
880
123
867
724
873
417
456
531
831
900
896
807
941
154
9
562
612
254
124
610
763
881
564
2
668
607
735
785
661
756
940
822
239
629
483
592
326
252
982
208
235
814
392
470
776
141
204
90
829
420
624
214
663
916
242
106
559
132
520
224
126
110
485
824
85
589
569
28
488
282
643
119
784
174
288
486
529
166
510
323
889
614
847
549
583
437
180
187
380
276
145
195
143
628
337
884
80
301
620
795
666
258
350
285
841
586
6
665
39
98
895
173
961
468
952
287
38
491
121
965
170
857
571
515
223
344
635
626
710
271
219
568
860
978
962
89
194
465
637
430
819
718
942
513
874
279
472
368
527
864
146
13
642
413
544
182
736
415
546
967
236
535
426
601
482
24
74
444
976
973
286
455
959
503
622
414
617
153
799
446
775
59
998
827
852
808
439
21
640
412
739
837
120
789
695
989
96
70
926
445
201
283
553
289
410
370
581
803
760
910
458
362
851
783
623
237
257
496
993
218
670
541
714
125
319
956
999
62
60
727
97
650
810
830
753
353
594
390
737
649
552
823
448
821
84
464
655
979
267
534
274
838
858
990
118
903
542
71
878
298
835
320
954
16
41
397
423
105
792
492
233
929
167
526
376
840
128
294
930
191
268
340
206
688
843
689
34
229
507
951
275
934
925
359
798
891
309
672
920
471
440
341
213
8
654
35
533
304
987
931
906
54
551
944
360
805
391
317
99
221
781
898
332
