8864
7945
266
7789
6447
7641
5704
3817
7277
1072
347
474
2885
7681
727
5292
7393
7725
4447
4091
989
4148
196
6655
319
3745
9289
477
4990
2548
5892
5106
7335
6865
2618
7032
2112
3171
4031
4938
4589
3738
7196
3272
1144
1324
3694
8347
8038
5086
8577
741
5017
6406
8008
5827
3677
4702
4772
1235
5753
6553
8602
2350
8525
7308
594
6577
6642
9406
6127
9946
1809
392
9635
9748
7659
9784
649
9333
3539
5050
7397
4756
3387
7884
7820
4126
5608
1463
5916
7438
952
7236
9015
2866
2882
4287
8743
4369
9179
3587
9229
7609
6019
8101
5311
2283
2913
889
7776
6294
478
197
8902
3692
4703
5815
5392
4737
5513
3076
1736
3596
3753
3211
9576
5870
9865
9730
3928
706
3729
9414
9292
2763
8493
3488
6204
8171
6327
6183
5779
1273
1030
8471
2867
8576
9256
2954
7985
6329
8801
337
1446
555
3607
6514
3422
1939
6193
8020
2245
3428
5959
3624
5306
4259
4742
6275
2348
9883
1803
226
827
2995
8380
9325
4977
6105
6159
7250
5962
6829
7863
1567
153
8126
4540
8382
6945
5351
5998
2040
9052
3763
2179
8975
1197
7167
4787
3327
6794
8555
9049
3299
3536
4453
8211
5573
9876
3935
7924
9633
4510
5850
4244
4215
4942
4782
8687
6927
100
5388
9646
1662
9701
6645
4198
6897
7292
9486
4615
9502
2685
5993
7096
3170
4693
1717
6212
7732
8988
7890
6061
3914
8746
6909
793
5374
9342
5803
2519
9020
2362
6070
9968
3968
4231
1656
9914
2969
246
4222
6337
87
376
6104
6180
220
3896
910
5433
9089
4038
6069
5703
802
5972
3725
1794
4286
4085
5089
4466
2289
378
7262
1589
8351
7028
8081
668
936
4973
5592
3062
7056
5636
281
5518
5737
4025
5646
5236
4826
9609
9561
4830
6145
6172
3065
9122
575
2945
4290
7657
3937
1837
53
4124
4533
6851
2759
2153
4801
8423
2801
702
4786
3802
5644
4982
9675
9622
948
5238
8724
4907
8247
8663
8918
976
8061
7231
7570
573
9101
3039
576
680
1573
9213
8645
2859
7869
4027
8635
7957
8870
1549
922
6843
907
6078
7182
7339
6457
8845
8140
1261
4295
6716
3711
2183
3329
2414
3348
3697
5028
6473
876
2276
4748
5004
7380
3492
7362
1156
9658
5020
4009
6310
7164
3415
2297
6908
71
588
1757
4941
7858
6628
1203
7462
9136
9004
8139
3664
1364
3582
8190
9992
2825
9146
4294
8968
7952
5399
9335
1019
2080
7421
4102
1594
5494
6449
2293
630
8310
8977
1894
8324
8023
7825
4644
4323
1815
6726
3374
6317
9805
2975
4301
9221
2410
6618
5071
7366
2371
352
7298
4850
7278
5491
7173
8972
182
4308
8610
4591
1761
2071
200
1440
7367
1615
7978
5394
9459
4298
8444
1368
7675
4700
6837
3532
8111
8432
7377
6115
497
7444
4864
8614
4584
5547
5352
7736
2300
9890
9422
2529
3731
9652
2976
875
7921
8938
7680
7211
3196
9134
1355
5383
7831
3340
5158
5582
3661
2327
900
7955
123
5457
7590
5396
7735
3823
2506
7201
5264
5355
1777
3080
7756
2254
959
8222
8004
4599
3897
5839
5740
9933
4358
7508
4309
173
6097
2856
459
6029
6168
704
6420
2582
979
4771
7629
2304
1775
736
725
7226
2615
5320
8134
7547
3118
1389
5385
6319
1668
6197
2355
484
2428
3354
3254
4872
8990
4800
8400
8276
6943
2061
3037
1452
8646
1648
7588
4762
391
9643
6399
5267
4785
9919
7406
8996
2208
8361
6743
7269
4299
9636
971
7309
4422
6669
1701
3497
3
8188
6130
7507
8744
4071
507
9218
8756
2626
7369
7004
86
7562
6289
9507
9076
620
7102
5190
4411
2507
5613
5484
4738
2211
2625
3828
817
3569
2084
2739
5223
7212
7285
8238
7410
6084
268
1958
4399
6836
7067
9632
5448
7997
1715
4949
1933
9072
9352
8889
5825
6548
5785
4199
1469
3447
4214
6297
3343
9555
9255
4345
5015
351
119
9260
8500
6286
7039
8538
8518
3856
1509
7341
447
2950
8054
8067
5249
4550
9281
7157
5929
8196
9786
8356
5862
2750
7329
1751
8863
2252
1917
8144
6519
8736
8617
9130
1390
1554
3450
2647
7238
1112
7345
6152
3690
4483
1157
7485
6509
595
5359
2581
3289
5960
8018
1145
9582
4178
655
7673
6842
9979
2484
4409
9613
5957
2125
8566
1754
7428
4910
613
408
2872
721
8524
7379
4729
2140
2091
7038
4849
9815
814
1627
5894
3202
7901
4681
4666
5977
5662
886
1833
3625
4936
9585
1618
7750
1813
7365
9771
1411
6980
6801
6595
9974
2463
8785
8103
4761
8692
5658
2800
4506
7696
7368
72
4524
2456
9762
4204
249
1237
4986
6758
7469
8826
7601
2833
1544
2754
314
1598
5692
400
4001
7086
2641
7190
5464
7396
8241
7726
7209
399
6692
1984
96
8420
9905
2062
63
8329
7816
3758
8600
9941
4803
6570
6433
552
5624
634
1382
1690
8168
9801
4271
3321
729
7078
3502
3770
6067
7101
9491
4967
7111
8553
2490
3809
8732
3533
2065
3579
2406
5348
308
2375
2878
9875
5319
3184
6971
4884
2590
8439
9011
5909
1185
5280
3260
2698
1155
1468
8413
6071
4874
8254
5849
8764
8466
2458
9294
4497
5372
1558
3789
924
5838
6712
5109
4767
2103
4357
5516
2082
3525
6673
1504
7823
7619
2755
4242
2359
9990
7184
1430
1221
7392
85
4125
8926
2077
3333
2812
5618
4554
7437
3089
1166
8257
1710
3296
130
4211
3442
103
934
8859
6446
7665
4994
7518
1500
567
4759
9747
7878
304
9264
1082
4619
867
4848
7198
9512
3264
36
6616
1437
5033
8806
3728
5568
6839
4310
6143
175
2342
667
7956
7371
4228
1592
2662
8369
1046
4241
8215
195
8925
278
5356
168
7409
7116
5698
5572
6657
531
5219
615
1698
625
3350
9978
7655
4026
206
9600
4968
8372
4262
4875
2416
9926
9248
9293
1687
2682
7949
4068
859
6538
2809
7176
5251
4403
495
4905
6552
9860
3578
6144
4654
3371
1175
1462
5130
9821
9861
8104
7391
7796
7398
1931
6696
6784
7971
1246
1467
8292
1970
9584
338
7080
7399
9715
7626
8374
8253
7829
7963
8942
7738
1084
9973
3262
8973
7926
6341
6654
6205
7991
5422
4128
9998
15
908
6958
1872
6812
3793
122
3314
9168
4254
6728
4923
2092
3015
1658
2928
3503
216
4805
2090
3312
4260
5229
9388
3363
6320
7027
9012
1492
4183
8235
37
3827
7935
1363
5530
14
3941
7737
1556
4567
4098
1535
6948
1997
7136
4518
6845
7909
2564
3090
3761
1127
4594
9557
6478
6900
3999
7234
1347
7753
4019
829
1772
290
1820
8316
4995
6676
8395
5571
8436
1351
5897
1033
2200
4073
5521
1087
1045
8096
2892
8249
1756
3368
7208
1226
2504
1547
5625
1603
551
8431
9630
9082
6991
4788
9013
4371
3931
3498
4348
5175
2451
6630
217
1092
6042
3517
8936
9902
5738
2774
3880
8169
5819
3455
6956
7622
2253
3875
7589
3381
1508
3641
6665
1729
5565
7964
2673
5354
7473
4187
2391
3082
9070
7059
2676
1136
3205
2255
9151
2919
8484
1094
8896
5822
523
9176
7244
7085
5455
5502
2699
1036
3461
7249
1771
8434
6626
4459
564
6340
7148
3924
7647
9348
6132
4325
1070
1484
5818
9659
8273
4543
600
743
434
2009
8597
4499
8118
1124
1583
4165
5111
5726
4488
9891
2209
2412
1360
8480
3036
2591
865
1551
8927
2204
7535
4802
8121
3161
7554
995
1115
4338
5456
4819
3057
560
5452
1080
3703
9269
8344
5871
7036
1916
6065
7015
6643
8478
5878
8389
4042
1788
5117
3804
7778
8695
7917
3520
2337
2686
8165
6418
3295
5730
245
7567
6592
8065
7019
7968
6764
9329
1575
8819
9417
1766
3913
6883
8608
4217
7642
1707
7253
2550
4565
5935
508
3877
7089
581
5678
1665
6191
5545
8702
697
3869
9447
1168
4480
8256
1588
7316
4004
5441
5948
2378
3162
6047
744
791
6529
7159
5857
9413
522
8878
1184
4773
6226
8561
9789
383
9588
6653
3604
8869
8071
5702
4032
7663
6031
9409
529
2629
1285
6128
8414
8152
115
2639
1856
6386
4969
8255
9538
3695
2941
3410
5182
9344
8358
2231
1616
7574
9493
3849
1417
8583
5844
6864
2612
2405
5416
6773
5747
656
8834
6825
3987
3398
2823
5488
1249
8652
8726
6953
3086
7372
5789
8616
9242
7199
1683
3912
2944
5044
5166
4747
6288
1381
8683
6441
2560
2281
9435
4266
1181
720
1007
112
8390
566
4224
2085
3111
8021
4044
2756
8680
7911
4660
4181
1247
9009
5462
5107
5092
9673
2441
8811
1957
1228
8981
8843
380
349
8476
4527
4321
6685
1580
5445
43
4999
6766
3192
9846
823
4230
9700
6396
1975
9274
6332
9849
1560
9208
1340
5688
8072
1056
2499
7765
1536
470
3051
3172
798
6221
2517
9161
938
6508
6468
1076
5835
1358
8348
3985
4034
6695
1090
5630
9271
5647
9704
361
307
1814
3190
9395
1000
1231
3259
9564
5046
8232
5519
5368
9250
2136
5125
1868
4865
811
3457
6886
3269
7640
4509
1471
1538
2899
5145
2383
6218
9367
8669
949
2568
4160
7445
7576
1350
2649
2194
4013
2187
7773
3573
9523
1646
6585
1834
2977
3812
683
8027
5861
2987
5667
4586
4749
388
8250
5627
4853
4828
8217
9526
5155
4426
120
6560
6649
3651
6353
9397
1611
9642
6928
6417
3241
4405
3542
1393
3439
424
7320
9943
2149
1243
2051
3747
4283
6076
1359
7860
4840
2287
4881
7582
9324
7178
1392
9453
2238
3545
2250
2237
6184
7144
3045
1225
536
1028
7016
1862
1806
1631
4602
3029
8477
230
3151
6671
1930
7808
4274
3018
4020
5697
8985
3361
3765
7221
3574
648
4933
6295
3813
7103
2386
8016
5628
2799
2837
9880
2887
3526
2893
2704
1942
6892
5661
1885
2014
5883
4016
7395
3921
1586
5161
121
1848
2556
6866
6952
4626
4958
2335
1004
8399
9483
4937
8206
4611
5903
7931
4221
8349
4180
9963
471
2321
7541
2171
7257
1047
8334
9703
9754
3095
806
3280
1491
8816
4869
593
1713
4495
4598
585
6792
7063
8976
9023
5023
1860
9794
730
7927
2652
1385
6877
1700
3994
227
9462
7454
456
7133
9668
5467
4546
5066
1657
5734
4225
6472
7456
219
2243
203
9877
9002
8798
7962
765
1672
8655
2966
5873
6859
9955
2166
5482
88
8742
3541
7662
5665
3183
4593
239
501
5712
3201
6931
7510
619
2828
8418
3969
1992
9571
280
9237
7297
1684
7483
5063
4051
8350
7492
8883
3156
5209
2115
9977
7824
9034
8721
639
2575
6761
4776
2528
6736
1557
1286
7709
2344
6968
5398
3702
8664
8378
3649
7081
8559
5414
5759
1409
4493
5674
9714
5499
7112
5082
3807
3686
1661
4264
3012
698
8634
2001
5000
8654
1571
2331
7099
1587
4289
3092
2670
4569
850
1054
6389
8307
5914
252
224
3820
5762
3193
3155
2762
480
6408
19
700
7326
6274
2832
5631
5626
8199
3783
3025
9308
6733
4678
9647
1914
3174
3782
9796
4806
7786
6772
2325
4208
5169
9628
229
2267
5025
2012
5872
9725
6546
1354
1730
4061
5836
5159
7861
9211
190
1063
2844
6021
8472
4072
2830
644
3739
3665
2644
4765
3826
9823
6367
6482
1590
8820
155
8184
8860
6970
8132
2214
2970
805
8082
8751
5988
4467
5201
7797
4732
6715
9831
8846
7740
5085
3512
9141
5353
2613
7976
6393
5183
6599
8465
8586
7759
650
4863
2291
4531
3857
9578
4856
4182
684
2432
7672
9594
1081
5664
5500
339
5860
8231
7781
5614
8365
7107
7669
4500
6311
44
1219
5900
7840
2839
2735
5594
4573
7374
1295
7661
5205
20
1280
4133
5281
6440
1667
3981
4955
58
7026
5510
7597
5260
222
3663
614
7875
9688
7799
3938
3847
7806
8
970
764
47
9059
3845
2971
4220
3408
7837
7793
5501
2587
813
4551
5715
5235
8079
5215
6841
8640
9121
7764
6930
6101
5133
6292
7252
151
2808
3458
1309
6986
6708
7538
8482
2373
1792
8470
4130
7524
711
7495
5725
2018
2213
8897
6532
9763
8511
607
7982
8142
1654
6092
8662
1282
1864
8824
9095
6664
8449
690
3626
5299
2247
2592
1708
6271
1097
462
2324
6088
866
5346
9697
9756
2621
7810
4146
1944
4548
836
6987
2438
1799
9129
7545
3895
7030
2881
8392
3077
1720
8836
2853
858
4280
1562
6846
7046
5855
7579
8850
4107
1962
8052
8467
4726
4475
742
1233
4560
9634
6471
4537
4752
4978
1721
8270
2689
73
4679
6734
3947
6494
5910
9014
7069
1802
9005
237
2836
2292
3964
6169
981
3983
9222
2494
5334
9908
5616
6872
3681
6604
4783
4674
5146
9678
4764
6025
505
4811
799
4582
6008
8469
2104
4894
9627
1965
7494
8626
9664
1310
389
7024
2279
5132
1934
7992
6601
9031
1529
5934
2616
8488
8912
9847
5938
4082
4300
2721
8536
3129
5337
5766
542
1893
8297
6783
3627
2048
6102
6400
1438
2596
9923
7325
1614
2745
1734
8787
1501
7276
3580
8800
2290
189
3242
6160
1334
5035
2537
6134
9387
4822
828
796
6346
2047
6963
2645
6597
4205
6240
7881
2803
7632
384
7006
4444
2772
7268
5817
7617
9533
345
2875
8753
1024
3892
6040
3799
3380
2269
9040
3769
1680
183
6231
9655
8537
5444
6135
9589
2332
4186
7990
8939
5643
6459
2870
3888
4176
9612
7312
8006
6094
4151
6108
5199
6096
5298
9003
4893
2520
4395
1234
6791
9936
5767
5933
5615
4479
2308
9223
3401
844
1123
1991
3546
6425
9798
6939
7572
9799
8123
3353
3180
6627
6975
1014
9720
1323
734
7624
4952
4383
9192
1199
1688
5318
5919
3600
6099
1948
5879
1541
5365
8053
3335
5780
9160
1308
4080
7506
8605
3829
837
5481
8419
9032
794
487
1321
5055
409
2622
6046
2925
9869
9745
8058
3934
4446
3712
7170
4655
3518
2816
6539
8685
7043
4754
6475
7018
3396
7560
5409
6201
7643
5059
9639
3117
3179
1891
2329
6942
4017
1785
2552
2917
5226
3072
184
4048
6222
8308
2824
9494
8705
6388
4065
9768
8995
4526
8838
705
5432
5421
8366
2459
6863
4394
3918
2444
1726
6138
1542
3873
8805
7415
9904
6847
963
3414
5798
6063
8931
6249
2207
2848
6476
7384
8677
5100
8386
3940
8001
3511
8830
7602
4470
3882
2088
2387
618
6236
5924
6339
9349
5084
4431
1292
1499
1517
9806
1198
2403
9309
5882
5401
3714
3864
9560
7762
6621
5557
4201
3185
8970
9536
8266
9735
757
9893
1025
5242
7593
5587
2983
2176
5300
7124
2586
1629
2356
8809
31
8246
9254
1252
9911
973
8368
1288
4817
1086
4954
6349
4081
67
4922
7723
1119
7638
3704
7628
9246
5495
3691
2105
250
4897
312
8443
4741
3726
1266
8506
9742
6208
6162
2282
3391
3774
2714
6194
1601
1607
6797
643
3310
8871
5689
6158
768
4404
2871
8904
83
8090
2483
9683
6384
5301
4940
2161
6979
3629
4720
8961
8031
5142
9410
1600
6328
2034
1988
4219
3032
6505
8794
2487
8343
2288
3386
4476
2955
3966
2095
4839
6725
5479
4553
2807
161
9824
3041
2766
9624
2159
5124
5258
7453
2464
5328
6058
9108
3707
5429
5088
4342
3247
7514
3724
1861
1918
1464
9025
5680
9228
8745
758
4661
7388
8207
3595
8259
8807
4825
6403
7383
2162
89
9205
109
8005
9278
3685
8210
7653
7172
1599
8621
6780
1131
366
9855
7481
6477
437
1828
7349
9925
633
3069
3217
6427
9440
1982
2706
5339
506
310
3402
140
2747
766
1612
276
1840
8700
6060
1727
3655
2914
8694
8473
5952
7054
7405
4434
1660
4704
2201
2263
7491
3449
9829
8282
6376
5451
2381
5695
5558
778
3995
8698
1100
7187
1277
2370
5150
4442
4410
1346
6723
2239
5982
864
215
9559
8225
5162
9283
8290
9785
8778
9120
6055
9539
8551
5027
8408
7699
7261
5475
7895
759
3257
8275
5284
7905
6251
5526
5473
2855
1904
4106
5437
2934
3319
3075
4448
9620
1111
2666
3003
6068
9443
8857
4601
6806
368
7613
9276
9127
906
3623
1254
4577
2272
5370
9811
9995
4542
5211
332
6596
9519
8709
2737
5898
3905
6860
752
3378
2835
1159
134
8080
8673
5765
4522
1765
6445
4110
6343
5188
321
1188
7772
1220
9047
2226
4844
3889
3575
1459
1357
496
9464
3144
4536
6214
3553
2690
6941
2278
7842
7282
4831
5775
4247
5687
7127
7385
9945
9030
2248
9948
9316
3672
2888
8788
6969
1314
9543
9334
34
7887
2124
2841
2601
2460
2199
1645
8174
8267
6324
8967
6543
7766
9415
8494
3732
556
2793
6437
4496
9733
8670
8567
2008
8464
4985
9376
9844
1255
5381
9937
4718
6880
7989
8287
164
5979
3839
1260
3456
1640
5581
2454
709
3426
7094
1186
8430
4257
2668
880
3491
5054
3341
1051
9188
3993
9537
5890
2949
7721
1987
7179
6374
8853
450
2761
4951
1505
9174
21
1973
9780
5756
2399
9616
1906
8653
3495
7523
6085
2646
6583
6510
4086
6813
6054
2703
1595
9967
7537
6392
8271
4896
8175
5113
6995
8964
6513
6262
9171
9645
9545
2326
9975
1900
8325
5362
9166
405
8520
7153
4152
402
4899
5793
2064
9939
8786
5254
3055
6994
4145
3282
7757
2097
1126
5189
1854
8757
4734
8684
4924
6770
9341
1609
3053
6511
2709
6154
1251
6786
3980
3696
9712
8426
2145
1827
406
3323
4270
5670
5101
928
6891
9721
6926
5773
874
2485
9657
2467
7835
2229
292
9530
4070
9275
2998
2557
6757
5243
5472
7754
3004
2440
8759
2393
1169
4505
4037
4921
7981
412
7822
2156
4050
2305
5040
6569
2861
2574
8914
9050
8394
592
1811
6228
9482
3481
1518
5757
5776
5459
363
3787
4604
143
4462
243
4028
8693
5939
3245
8313
6090
9897
8578
3891
786
4578
9097
6504
4388
6957
1859
6089
455
2333
3901
1200
7327
4149
7007
2843
2533
7218
8248
9556
9997
3243
7331
6435
9328
597
3027
9772
9224
341
8048
8060
116
6924
1042
5200
2680
3346
2802
5527
1154
2911
4541
2280
3953
8289
4131
9018
4391
726
6296
8087
8837
5021
8260
3523
3182
8074
4724
9666
9200
5947
5956
5564
1832
9568
4136
2627
5474
3610
833
2228
2021
661
559
3464
9577
6382
4832
117
7998
1585
8272
5937
2797
9838
6350
9086
9404
7336
3001
1149
9649
3594
8069
3213
7974
4185
1230
4870
3362
917
3278
7947
2553
5108
9886
1692
2961
1265
1311
9346
6463
8441
5774
8223
467
5567
6659
6230
1071
4177
2724
8410
7360
5708
8370
6375
1540
511
9438
4396
2050
1407
3824
5138
1328
3352
728
4851
5881
5287
5770
5833
9852
537
2284
8362
8868
2968
8866
4010
1488
2450
9457
2123
296
3128
873
7539
7281
1895
4406
5110
7425
7053
4916
4099
8322
5954
1642
3554
1132
6681
5221
6424
6798
9751
7295
5969
574
2270
2010
223
5542
8549
5245
7131
1653
8013
5508
2341
967
7596
6243
9058
6925
5127
367
6690
5907
9320
6273
4184
2258
9478
8045
6281
9694
3347
7193
8411
605
5944
7389
3480
2132
371
5528
4296
5918
7258
5
7090
2129
3035
8638
8136
1348
165
1597
3078
8650
916
6125
5566
6443
2343
7240
436
6496
9773
6179
2986
8962
2500
5330
4255
1695
5373
2784
3423
6680
2599
3322
9109
1841
7074
4532
3465
1732
1333
4471
3255
160
6460
9839
3973
5590
8288
6312
4997
4555
861
4279
7614
2624
7763
977
6965
3318
5001
5810
9454
4164
3207
1874
1678
965
2268
8639
8589
342
2041
7151
163
315
7559
5648
4892
9125
2889
7347
7387
4340
1433
254
2822
9391
9302
6769
6395
1189
6322
8840
6796
3291
4161
1272
1222
8929
5273
7645
3342
6557
386
3723
1177
1888
9593
943
3740
4635
4481
5868
1489
1475
3309
4983
7953
6272
927
6650
69
3085
7550
7442
9433
557
5841
7305
6534
879
9497
6614
4885
9202
8619
7848
7052
6960
5176
1565
3087
7299
5884
4691
7898
7771
1211
8151
5104
3484
4052
5072
5338
9343
6254
3927
1532
9164
2409
538
9498
2710
940
6211
1858
445
5081
3555
9650
9311
7401
7522
5994
1941
4713
5148
6015
868
5234
2150
2979
6950
622
3304
8842
3400
4587
657
8333
7042
5829
5031
9529
8373
1374
6177
8633
5966
3251
4680
1892
8563
853
1206
8780
4173
5051
5490
9299
1953
8035
4988
3585
5880
7792
3244
2780
9558
421
4023
5336
3771
732
5332
5360
6189
4576
2665
7747
3797
7098
4902
3470
7247
4670
4790
2475
5913
4093
9993
3706
3140
535
6407
3584
5415
6113
8446
5961
7079
7979
6484
6164
9722
7958
2505
6283
7568
2235
653
3332
3898
7197
8892
1576
526
7733
6670
7104
2203
4883
1327
8665
7621
6714
2346
5707
9131
9653
4814
4745
9637
9119
1579
980
4047
9007
1886
9445
2068
1749
9931
4237
869
2515
2818
5026
6904
891
1294
271
7206
662
4823
2174
2798
9381
265
3427
3727
3454
8075
9138
3122
9212
9055
9706
3803
5612
2196
1663
6305
6559
9820
8712
3437
6799
7265
8974
3963
6647
7830
4354
9492
5268
2486
1383
6304
5609
4312
9702
9674
2236
2477
7068
1632
313
8299
1520
8159
9017
6838
4474
3773
5405
872
6053
6276
4419
2265
7171
6587
2740
3540
5036
2225
5512
9024
6771
901
6203
486
9881
9043
3792
3047
1637
3591
7948
6247
6609
5940
3094
8542
3473
6607
3577
689
9870
4029
6899
6490
3657
9665
3606
8055
6574
3684
1843
2217
9736
2186
170
7075
939
945
5653
1026
4361
4880
8116
3418
2604
1733
9947
9541
640
4630
7083
5357
893
5709
2274
7060
1223
760
3538
7220
7222
3261
5816
6387
2266
498
4218
8657
5483
1686
11
7943
2981
1546
6355
2039
8108
68
4326
1628
9185
2429
8882
3592
2638
4043
95
8437
7180
9361
4451
4904
6466
2775
9777
2365
4992
2545
6740
5629
277
7333
1130
3466
9540
7463
4900
6648
8496
8367
3867
9797
9029
1106
3370
2379
4498
3767
9758
6698
2891
6300
4163
9091
8353
5002
5538
8766
9257
5289
7587
3842
8028
913
5263
5874
6151
3345
2547
8412
3344
3522
3169
5610
5140
1570
8777
914
4673
3026
539
3716
923
299
7928
1332
8821
5655
3984
1095
7714
2017
152
7142
8391
4229
8718
8966
4862
7317
8984
2671
8041
4414
1318
9157
1744
4520
6741
1253
7603
1574
3989
7082
1135
7477
9987
969
5958
3071
5137
5423
1976
946
9027
7571
8611
2658
7155
5619
5719
2016
4487
6182
825
4443
6521
2697
6848
6156
6072
808
2633
9288
2191
9183
1065
871
3638
6077
5131
126
3852
8162
2495
9481
7363
6974
9322
9603
5193
5259
5505
3965
513
3572
4556
7429
701
5673
8233
6245
7899
3153
3557
7944
8503
5269
4389
7598
8885
3742
4380
2083
7459
5277
269
795
6732
1041
3974
3146
7685
9605
8057
1049
6520
580
7452
3755
4235
7618
3007
4336
3194
6907
2446
7138
8779
5220
5329
8704
1050
6082
4059
2978
8120
6555
9513
9522
2154
3014
5794
6641
2322
6052
5517
2160
1091
3330
233
6730
8189
390
8730
6248
3028
4386
6048
1559
3556
2137
6313
5067
9434
4281
2286
9078
7891
860
4000
4351
1649
263
9226
8955
8099
7288
5450
364
4334
5617
1752
3676
3766
4108
5185
3059
9374
5749
2076
3230
4662
797
2434
7679
2005
6155
750
7227
6502
3320
2384
554
4837
6309
5489
2827
8946
2396
2722
300
159
9446
3339
7419
5136
2994
2033
586
8032
9724
4944
8632
896
5038
1107
1423
6016
3225
181
6093
2302
7049
7022
2319
9403
691
407
8228
4603
3815
6024
2576
8280
2223
7695
3919
3776
8956
520
8752
3907
6873
9818
5915
93
9832
7457
2037
2829
8213
7712
5252
4191
2993
3239
6492
8994
3806
180
838
3548
77
2479
3562
9239
4157
7436
414
2819
1945
8379
6186
8384
6316
6064
4792
9676
7266
1995
9110
5659
3284
885
7599
9499
461
7005
23
7698
2876
9327
2316
9783
7343
3134
2392
1304
6452
4640
2605
2862
6432
8026
5826
284
324
6811
2116
2198
2692
1746
3814
9191
1610
6512
8618
9920
8812
8643
8078
5358
3425
5639
5821
8355
6000
8569
2411
2764
5965
6526
6493
1625
6238
2306
9313
55
8156
3666
7017
6444
2749
9698
8360
5078
8135
9595
6875
7488
4335
7470
8876
4402
7546
4227
1750
3885
192
562
5634
9259
6818
3779
2927
2128
3024
2962
4206
6564
8804
9841
4930
5181
6646
5400
8587
1317
6753
2712
282
7323
7071
8024
950
2610
8625
604
1870
8050
1487
381
438
1495
960
9474
4014
8659
6141
1098
8997
9640
8884
8229
7694
3150
7062
6591
7338
9102
7500
1728
8510
4095
494
2659
5911
3949
1244
7214
7708
4056
8808
9044
8873
6631
5987
9083
1165
7390
5121
2102
9194
4438
8833
4559
598
5876
7149
9719
8383
3850
4855
33
3448
5791
2296
8676
3670
3061
3294
5584
8963
5588
8854
4376
1675
2002
6174
7496
9960
8941
4836
8532
4668
259
2667
3135
2715
1873
6507
540
1805
8507
6855
4621
2172
482
460
4843
7143
5761
3660
8725
211
6501
420
5366
9458
3785
4232
7122
7279
4293
8880
2551
1391
2445
9143
822
8701
7667
9638
6051
1974
8039
4035
6516
9429
6651
1281
4824
5923
9927
4337
5410
1125
1568
9527
1887
9781
7348
5885
682
2173
1498
3283
6867
6781
1022
8161
9949
9819
8848
6018
1937
4929
6739
578
8453
188
410
670
3214
5809
8928
3143
6819
2303
5943
2003
616
1399
7161
4083
6453
4760
7093
1883
3394
1800
9988
3490
664
157
172
6729
8492
2433
7330
7382
8015
78
7070
354
1429
6635
8505
9480
4963
5014
2496
5316
9452
2143
5376
5992
8286
2813
2879
909
1636
1299
3355
4517
3754
4440
7273
4424
1032
695
4430
4272
6462
3654
9215
444
1102
7034
6256
4024
6889
530
2448
6861
3477
9953
9045
3186
4934
1443
1816
2826
4109
3791
1863
6456
8773
6996
357
6737
8106
1044
8314
3561
5550
2851
790
375
4292
1572
1882
316
9618
2905
3830
7025
7846
6541
9575
8865
6590
2023
9357
5419
9484
8947
8550
3504
8606
5574
6081
6049
1786
5537
7246
4683
8827
6004
1455
6833
6857
9149
1763
3005
6415
4928
2544
6932
3597
2566
5361
3369
4847
5736
7888
5981
8615
6014
3910
4714
767
6817
253
5293
7432
74
4755
6826
127
9118
1129
6405
4813
918
9976
7790
7918
451
4906
9563
9432
7722
8658
4307
62
7289
6700
6827
1908
4796
3630
6345
1783
9247
7204
5744
8668
7742
9868
3876
6550
179
1104
1134
156
8086
7381
4909
5308
1693
7230
9266
8427
5091
8703
2072
3307
5493
2974
8117
1422
2563
7045
8160
3609
3385
4943
887
3811
3462
6706
9
3006
1739
5754
5186
7471
629
570
4168
2420
737
297
1342
2180
6373
7465
8667
2310
3021
4423
5143
5154
4529
8913
8489
738
713
3899
202
9253
1190
1316
7633
9189
9364
3290
8731
4920
111
6411
5037
8025
8903
5748
9424
2765
5997
5492
5095
5840
1176
5255
2510
992
762
443
9743
1796
4458
4384
7010
4629
8933
2549
1137
931
7013
5047
6335
5163
1851
8548
401
3499
413
8795
8332
1396
930
7519
1003
4060
5257
7942
1361
3054
9147
6246
1899
4768
7375
4744
358
1114
428
9035
6366
9449
4901
9970
2357
5660
2312
7031
8167
7224
3648
3108
7591
5202
1531
2035
6234
693
5607
1968
9510
6269
5382
6693
1213
4425
1702
681
5751
9850
2425
2074
7115
5598
7245
5936
7691
8922
4970
7566
991
8958
1511
2006
3463
6803
7557
7259
7794
4596
4379
2058
1152
1798
5904
1426
7594
6330
6302
8077
9455
4861
550
4156
3970
7100
5077
1472
8585
2810
4827
3395
3406
1905
4871
7969
4798
7692
3383
1722
5787
7033
7420
9681
4658
8789
674
1473
2184
1074
761
4207
9916
746
5003
330
8495
3308
9456
9544
8124
2738
146
7120
9508
7511
9989
8487
2534
1963
7350
7569
2452
1424
1448
5049
9336
2524
9386
3794
8543
8317
7490
9774
4692
102
9610
492
2657
4511
4793
16
9106
6426
8216
8660
1196
4129
7573
40
8574
4401
956
5576
1419
417
7826
61
2390
5820
7181
1740
4364
6993
8285
4657
3531
7683
8062
7118
9199
9631
4407
244
1012
2435
4564
3563
6705
6749
4690
2688
5683
4246
1778
5387
3405
2536
5141
675
4457
6503
5165
9713
2794
8895
9878
8173
2791
6356
6934
1262
9506
1482
8279
2795
2066
2233
2111
1650
990
348
6116
167
8888
7836
3752
3689
221
1151
4927
4319
4807
8526
5322
2314
7322
326
4250
9964
9956
7533
3668
7900
2385
7814
2518
6898
7730
1793
561
7724
5194
6573
5184
5865
8387
4945
9107
4676
8421
2353
9833
3188
5553
3164
9962
8203
6225
7988
2397
4055
1548
5102
9360
5507
4094
4472
5745
1224
3048
3459
2579
4719
9727
8584
6748
6213
8178
7678
9835
9046
4667
8989
3189
7340
258
9332
7021
4925
1696
3923
8802
925
4008
274
2109
9079
8722
4484
5800
7813
4267
9105
4502
9909
3836
2465
5018
7970
5442
5498
9243
7674
3544
1773
2224
7758
1096
9475
320
519
7291
6062
8214
6854
6126
9757
4078
9952
4007
5700
7774
6277
9726
8601
3019
2597
6409
2053
463
2771
8767
4311
4535
3567
8661
5621
3132
9951
210
8771
7852
7165
4277
944
2931
6884
2661
6360
6527
4979
2734
432
2347
7668
6500
2539
10
6022
9848
821
2558
4
7129
8304
2119
4842
5097
1450
1331
5996
7916
7639
9787
7798
5378
1622
7239
4959
8409
2345
101
9065
7280
8125
9178
3936
6333
3513
8855
3632
5830
2424
2419
4144
2884
8529
7357
1425
3022
5989
6720
3884
3916
6689
8782
7355
6888
4642
5080
830
5509
8119
4725
8797
921
1015
8923
5390
5152
2202
48
5160
8754
9210
1952
4077
9879
1776
7185
5198
5729
147
7660
8552
504
717
7520
8138
6608
3235
3349
3252
7158
2617
2275
6615
104
712
5814
6589
6371
9604
6039
4002
5846
2584
4382
7113
1671
5802
9372
8612
4223
1420
5856
5395
9828
5995
6666
5115
2902
2257
7256
6795
6265
6480
6910
7615
2746
8305
2542
919
4911
755
4903
1432
4984
6438
2693
624
5580
6967
9696
5541
3358
5187
6498
3157
28
4413
5024
6163
9596
9910
638
1823
8037
8562
3125
1964
5350
7264
6467
7845
2106
464
6303
9021
3256
5922
8998
4253
8696
5549
4590
7215
5296
3959
6383
2273
9682
1956
2696
6896
8872
8593
5562
9728
370
7373
2163
4816
9469
12
8707
4663
5244
9461
3893
2206
4096
7064
548
7833
1283
8198
9836
5377
9917
8649
3249
9467
4627
8935
4866
3967
8281
3258
4127
9690
4557
1110
9314
2782
6323
5620
7468
993
2672
1711
8442
2352
7503
3476
8769
6821
5344
8983
289
8740
5970
2259
5847
8547
7342
7217
2705
7446
9888
7752
6206
9677
8993
9037
6902
6547
92
6982
5347
2185
1819
8748
6442
4203
3622
5418
398
4746
6662
6822
3859
8145
9651
2457
9621
3868
1530
5315
9896
5393
135
9053
9216
4132
9140
2929
7688
9663
3479
3417
7844
4562
3435
4873
2921
7128
2508
8040
8283
2377
7761
1394
4561
7037
1021
3379
5087
8458
5271
4810
7270
8762
6915
1522
6718
2043
7087
3073
9287
1182
3588
6793
8523
3720
5312
652
8951
7073
7271
4612
8030
8719
6679
1238
9717
7416
1699
2883
3834
5022
8007
9732
2402
7936
4115
8485
6080
651
8992
6390
4697
587
8451
2965
8311
6849
7001
5126
5723
6962
2144
3659
9139
9093
5676
6703
8810
4731
5367
9331
3152
708
5974
4120
3534
9740
1704
6153
3050
8733
5875
3920
9858
6983
8258
9644
4202
3303
6404
4971
2205
3946
7839
9842
4196
7817
7543
1439
6808
240
7575
1999
9315
2600
6639
4249
8533
1550
2636
2079
2725
1362
6868
5149
42
7304
2138
7800
4155
8595
5029
70
9389
3858
1375
8502
7604
7216
5711
521
7857
1921
4005
4256
9323
6173
3679
3121
8790
1307
1325
1445
525
6412
2593
628
6919
5560
6727
4456
1365
5946
2535
448
7328
5179
3617
6237
1666
3110
7821
5899
5427
1741
5843
4809
7183
4689
2026
1276
4858
602
158
5837
7922
3558
3030
7130
5799
6717
6079
1528
3168
3141
4304
9258
3853
9580
1923
3786
3429
56
3102
5769
5247
4104
6517
6622
1907
810
6724
2126
5806
824
2915
7984
8019
6103
9547
5470
8234
2389
2216
3528
9524
5603
2100
6112
912
4739
1826
7430
1871
2338
1909
4158
128
1725
8765
185
2178
3810
1846
2865
8327
124
1153
3509
4859
9382
4482
2958
9766
7189
2514
5275
6972
1513
7565
8479
6576
2242
9392
7223
6768
9583
2175
5266
1784
4620
6167
2716
733
6990
4698
4134
4780
7767
141
2395
2938
3367
8965
4412
6961
9479
8982
9500
534
5671
9279
856
5380
3900
9812
4119
7548
9303
5605
4740
9033
8425
7941
3688
2948
7035
1714
4605
4735
2846
3505
4643
2046
2991
9375
9834
9729
7255
9775
4610
1791
4961
3942
5782
6832
5778
2042
783
8404
5724
1981
1279
415
7856
6997
8042
9705
8891
7040
5460
2908
7934
784
7091
9203
6805
4685
4387
7605
7443
5073
2141
8375
2067
9054
1442
4877
90
7556
2720
1179
7760
335
1669
1305
7777
6431
4623
658
6853
7983
4282
1910
2181
1479
6912
465
9531
4753
8781
9285
7499
2727
9057
7287
935
5663
1005
5204
9900
9691
4062
8948
5784
5921
3816
2728
687
6558
82
1216
3878
603
815
3615
199
2509
3879
6814
6348
4489
4521
5402
5012
9957
9400
8851
1943
5503
1398
878
81
7914
4696
2943
7877
7910
4721
4332
5578
9245
6938
6215
2821
801
3911
590
5278
9648
6380
2939
5968
4712
3521
3204
4054
1867
4193
6709
1403
4645
6119
9193
4501
3872
7787
99
2078
735
6326
6239
5951
5203
6788
7423
8697
5465
9903
8269
4512
9679
7501
2554
8180
7497
8022
4833
4915
9817
6549
5686
1946
2081
4980
1367
5386
8364
3399
2694
1561
8452
5288
9590
6921
8424
1521
1023
8303
9170
4084
5633
4528
6579
3203
6414
3297
5172
1275
1079
5230
6219
2367
1673
5823
4743
212
6992
1878
3960
3640
9100
7710
7431
2874
5796
5231
2189
2681
1329
1969
2989
3066
1639
9008
8193
2643
3874
5531
1290
8813
6566
7404
9566
9268
8862
8932
2804
2896
2415
7584
7980
2466
5867
4076
6871
6416
1384
2340
5323
9436
9767
2857
6682
3453
5291
8205
393
8598
6170
5447
4069
6139
27
7188
6469
6710
4210
2361
9182
6057
4516
1691
8017
1516
5504
8539
1697
1338
8195
8448
9924
5520
1911
2895
2045
4998
2933
3058
6200
2462
2038
3222
9857
8791
6776
3603
8263
6483
2182
8881
3106
3998
7248
3250
4519
1210
4233
1142
1523
9907
9071
5522
1865
1762
3990
8527
1855
2731
9567
2687
1173
4650
7284
411
8828
4962
4545
6120
4775
6581
2691
6580
1066
5134
3279
9153
8083
5983
4116
4507
2036
1356
2952
5859
9407
9813
5971
9862
7838
3468
4445
4154
4523
9421
7967
6235
5783
6401
9887
8185
60
4631
9759
6763
2089
52
800
7065
777
8627
3033
3412
7664
7804
9339
5632
2723
1950
2757
5866
9532
9431
5593
7768
3195
999
7707
1545
4349
218
9619
9602
7441
1829
5889
1490
8909
7352
5912
2219
5722
8105
5978
4634
8594
4477
2973
7378
3145
7353
9000
5256
7843
9115
5232
9241
5953
7815
9232
2733
8049
8582
8899
1192
7896
9837
8737
2096
2726
7464
8758
645
855
2873
2222
3471
1951
2020
2926
3838
9840
4251
832
1202
205
3950
5303
5424
3011
5090
8371
803
9001
1835
8711
2880
5812
9518
1983
9710
6947
9423
8581
6916
9366
3647
5752
5435
996
3469
1853
8357
7940
3917
6777
2478
4317
6530
2358
6638
5804
6451
7356
6258
5123
6315
1378
7145
2831
5699
1812
5920
6804
9874
2164
1300
6344
8768
5735
7300
9718
7386
4365
8296
3334
9854
9207
2526
9800
3835
9067
6280
5118
5666
2167
3159
362
9385
1259
3708
2022
4975
1217
7498
287
3008
6578
2609
8609
350
98
1591
2442
4450
2523
5075
5343
8468
2498
5649
6266
2120
8570
8445
9899
2193
6869
1705
3614
4111
5043
298
955
2820
6257
1406
6287
6617
6233
7008
1494
6678
193
7702
4834
4709
369
8796
5058
8531
275
395
3438
2215
2413
8637
1621
883
5693
8991
485
3273
7011
7801
1170
5349
685
3472
5048
2480
692
599
6381
5406
7803
9863
3701
4018
5834
5696
988
8514
7769
7812
9687
862
7995
305
4503
8641
7527
7400
7260
2256
1712
2904
6807
2569
2251
8194
5561
8183
4636
5534
4490
4226
9427
1128
6398
5597
3316
9534
4378
3223
5611
7272
1875
3031
4313
1635
998
5454
3372
9318
440
966
1606
8076
8323
6171
5950
288
327
509
7939
3421
4197
8604
8579
3602
225
4417
3547
7478
7051
344
1836
6066
4105
8879
4675
7670
9408
8068
899
8186
8346
2701
2946
8047
8486
5828
4815
9913
2707
2805
5930
4931
4381
255
897
1105
9999
4492
8910
2886
6858
4633
1461
6523
8204
1936
5135
6606
2177
2606
2684
4350
1915
5552
201
5570
4306
4890
8341
7205
3564
4789
6439
2719
9553
857
2087
5485
8717
6568
6810
7154
920
516
7466
1624
3566
7097
2349
9548
7337
1676
4213
3000
4854
7303
1269
3840
8245
8512
3586
5677
9488
9419
3328
7656
9466
7242
6844
8770
7996
568
9090
5151
8457
2262
9565
8546
6086
1768
1514
4449
4103
2651
4887
9286
5808
3101
5461
4439
3559
1303
7783
144
5529
6721
4622
209
6890
8580
3099
2063
5682
6
5641
114
5173
1769
7426
3013
6369
2013
7700
1724
2972
9695
4138
4200
7889
9515
4174
1035
3315
7332
8100
2785
846
4429
1069
4895
4368
1919
7134
2932
6255
257
9262
8755
6458
7841
6998
6279
2382
4613
1681
6719
7903
7703
2363
1760
1706
4344
7376
1824
5792
6893
5016
3510
1027
1395
5964
2937
9623
5869
453
6571
4113
8401
2525
1543
5967
4838
672
7908
5425
1270
9416
8455
8571
1020
1994
4706
8815
7354
311
8689
3411
7965
1372
1289
1503
6342
2139
1817
6551
8114
3010
2400
9504
3628
9804
6894
9961
986
9463
6474
6661
4841
6674
547
6268
8940
4367
7785
502
3741
2031
5285
7422
9198
3434
3978
9184
213
2562
888
3846
6354
3083
3818
804
7748
9591
9822
4715
5852
7521
4087
2011
6306
1703
2788
7440
9934
433
2570
1985
3364
2852
50
5218
2131
9982
4552
7834
2924
8749
7237
5197
2447
6035
1158
8122
7871
3699
5060
8454
5196
2997
9282
6486
8393
3403
7544
3671
3166
2842
4609
4416
9546
6747
9882
3285
9626
7606
7163
8943
4473
8875
1555
148
9684
7919
3325
8130
4046
3988
3933
4581
317
8172
1248
3482
8629
4966
8474
6870
3100
5640
6488
7296
4261
1869
7563
2240
9929
905
1993
5006
7711
8463
3084
7865
546
9662
1920
3734
9219
745
1117
302
1164
2157
7251
4624
2075
3226
6106
1723
2702
3759
5591
2246
1031
541
1480
1644
6935
2492
8716
9227
2516
5984
7358
469
1218
260
5645
7993
3248
5638
3844
1476
3138
6933
6175
5777
4420
1343
7929
6454
4774
6083
6856
439
24
1890
7583
3764
9384
4245
5906
7849
3356
3091
2218
4355
1401
2398
4252
7751
6959
228
1852
3277
6131
4437
1738
4579
2130
3680
2677
6207
6030
7644
2953
911
5164
138
9723
1075
5248
9918
7434
9267
7987
3508
6901
8460
9145
7959
3996
3384
8191
7435
4763
4067
5554
1421
4258
9598
6518
5721
5032
9056
2679
9152
6637
5681
8674
2538
3762
807
1083
8916
843
5536
1085
8519
5848
6602
545
3955
286
8530
3281
3443
8043
4682
3832
4812
7851
416
942
1989
5426
2964
2491
6358
1602
1466
4359
8515
6087
4981
8315
4784
4580
8265
2294
7654
9234
9345
5896
1010
3551
4175
3862
1458
9753
2578
1617
5540
7600
8320
3376
9528
4239
7009
1818
722
6575
6365
9402
7818
6966
3825
7938
9496
1194
4360
4939
1685
9996
4935
953
4092
7152
256
4263
4908
1959
1108
9885
91
6955
6785
1787
517
8338
3590
2244
1057
4733
3390
4914
2165
968
1857
3957
441
8088
5546
9516
4433
1447
1901
7166
333
4356
7873
8678
4408
4563
8706
4794
7418
9617
2561
3430
3154
5420
6318
3717
9312
5690
5750
8710
8402
4240
1148
660
476
7770
8252
2546
3232
4278
8607
6166
4804
6095
4736
6190
3052
41
6308
7364
7586
3639
1013
4918
8803
4063
3432
1405
5225
6307
1524
75
9437
4192
7516
1510
6929
7147
3034
7132
1366
7311
2630
6774
3514
6515
6038
3601
9750
7616
9063
9217
7530
5241
7084
1089
1204
6563
3855
2577
7715
5758
5191
8302
9472
1418
4987
9051
8513
5551
4171
2642
7904
5596
4366
4494
1174
8397
2227
4147
9843
262
1795
3023
1451
544
8261
9338
6613
4179
2054
3870
665
2482
4118
166
2559
8012
9350
8772
7977
3016
1634
2188
1208
7263
3042
2620
9599
7912
5559
4889
9465
6918
1053
106
2374
3678
5575
8221
1178
1414
6187
5854
3176
3568
8063
2628
8300
6612
8623
9629
7718
4583
7020
8098
6640
6561
5297
3044
4857
4513
285
7595
549
8905
429
5926
5755
2868
3687
1416
4669
6885
7000
4628
2025
3634
3198
7088
5062
8202
3133
8679
7631
5887
6001
1526
6905
6976
4639
1743
4574
4123
7553
5408
6242
4415
6686
132
7509
6672
7489
3388
3939
9517
7534
671
3366
4362
6701
780
512
4882
1929
3046
2555
4330
8155
7612
1256
7809
2988
8829
3360
7195
7475
9969
8847
9692
8339
5403
870
7403
5973
5098
6699
7324
8792
3944
2055
5706
9370
4189
2230
5310
6923
5813
3598
5446
6988
4238
7651
131
235
2776
7536
9660
1633
2471
5797
6149
356
139
5434
997
3116
9317
6762
6470
7671
1415
3229
2768
3268
877
1742
2121
8187
475
7866
6059
374
7411
1449
4926
8950
1441
9503
3778
5214
7321
9825
4236
2315
3331
9307
9614
8002
7407
5404
4917
5369
5824
3240
9396
334
1064
6835
3064
7202
1758
4808
9297
4684
1444
6746
5932
2169
4996
9950
7872
8224
1954
852
8818
8154
2541
1101
6363
2736
8182
3790
9991
710
7169
2530
7504
8046
387
9088
191
6782
8920
8729
4353
1245
8651
3904
3301
3822
3682
6911
3231
9261
423
7484
915
97
1453
2423
2854
1927
606
8690
1774
241
3865
379
3718
8456
3986
792
9111
2339
3074
4469
819
9737
582
7686
1298
6936
773
9204
5975
5533
6479
5931
232
6906
849
1336
4341
5927
631
6220
2717
9225
1048
1121
9608
372
7802
9906
8688
9190
6656
1301
4597
2195
1207
9573
6738
6533
4139
35
2650
2093
2394
7627
353
8867
9473
2982
553
2298
6800
1293
2057
2070
1139
1376
3982
2261
7058
442
137
2634
6043
2845
1146
9471
8508
1067
6013
571
3768
884
2503
8377
9654
7862
3433
9525
1287
610
6556
1619
6020
5295
9142
329
7784
3948
8429
22
1319
5908
6331
3233
8095
7061
1183
5008
8244
714
5807
6497
4100
6954
8070
9755
7447
666
1897
5013
7854
7923
1877
1341
8483
5486
1241
1804
5886
5742
1408
9959
7592
3722
3313
9365
7743
3662
8475
4637
8301
3800
5669
493
6767
6146
5112
5094
9444
4159
6007
7346
6554
2752
8814
8648
3756
6098
1880
4705
1008
5727
2957
5579
3772
5213
9554
2608
3710
8734
1493
9209
2897
9470
4514
3943
5364
1278
6114
1039
5569
7581
9776
6973
9670
7720
5888
2901
5250
5412
26
3178
5601
3715
9514
1533
3737
6598
926
8937
7424
9201
9186
5654
6377
7897
6660
279
1322
637
5417
569
6448
1369
5237
1679
818
8141
2241
5986
5672
3736
1195
2264
1534
483
8406
5157
4464
4758
6697
9944
8220
4167
9277
8405
1052
3081
1519
7828
7879
4269
404
8264
7913
5391
1302
2700
4781
771
4919
3997
7315
2098
841
7719
6731
9597
481
2930
5487
8887
2108
1821
961
770
9450
9562
1831
3886
6535
5333
4097
589
9938
8318
2947
6495
2364
2285
8987
7807
3620
9856
3115
5428
4101
5286
2376
3750
8226
9117
5691
7455
8158
9505
270
8092
110
6744
1938
716
8686
1133
5439
5701
2951
4585
8157
1379
6005
2695
7649
4711
5718
5007
6949
2404
8504
6989
8109
336
1932
51
9871
839
3863
1209
1029
8094
6253
38
8416
2602
8218
6123
6879
8227
4632
2984
7975
8501
5413
4616
3613
9337
6364
1337
9744
8979
4757
1297
679
2388
8498
4606
5064
673
3263
57
8858
2532
2849
1689
8735
5207
9137
3646
4730
9154
2469
4137
6334
3650
2489
149
3068
1748
8999
8113
176
8110
7109
7344
3713
1312
1002
3246
3431
4694
7637
3619
449
3733
9851
4305
3543
4327
4821
8957
3127
1626
65
4045
8330
7433
1162
2572
4248
5283
7585
6402
4965
3126
3608
5034
6620
9790
8656
9669
2436
2531
4074
4687
7461
1682
1582
835
4427
2778
5105
4454
6118
617
7607
3951
1006
5371
3748
890
8823
5180
7092
820
425
1038
1638
641
3991
3831
8521
8522
328
4948
3215
851
2060
9667
6023
751
4728
9155
7966
7552
9984
9039
3063
2742
6565
6461
4455
7868
1779
1009
5713
479
2360
9412
8761
8969
4090
2461
723
3017
1845
2543
6862
7960
6357
1140
9552
5720
2473
8459
775
2811
565
8149
8237
6100
1977
9006
8760
7880
6874
6224
694
1759
500
7283
929
267
7012
756
1371
3109
9326
264
3784
6759
7876
6385
5144
8517
4539
2655
753
3908
5317
1737
2960
8107
7689
6629
3854
5389
9739
1664
4075
8153
4390
2653
2708
1563
4799
2718
4331
6831
3494
2513
3070
4491
1386
8033
343
1160
3392
7864
3365
3972
3298
3976
9485
5195
9080
8849
6361
6735
1205
9542
3926
4375
3612
3507
9592
9022
1753
1876
6210
5511
9298
194
4797
9685
6394
3757
9236
3744
2408
1214
1537
3589
6775
49
1349
2147
79
2212
7892
8345
7526
2030
8874
4089
150
2313
2863
6802
5788
5893
515
2916
636
1593
2963
9238
3424
7531
6667
659
5070
1780
2320
9038
779
489
9304
4888
7192
5384
9738
6586
7191
6137
6338
3208
5902
9477
2133
2996
6688
1344
5282
4003
676
9195
466
2151
8376
7450
5449
1674
7150
1335
1353
6117
4722
2421
3218
9144
3673
9932
3883
5041
4143
1926
612
452
3200
7228
8326
1040
7108
9197
2418
2472
3616
7684
1474
2323
932
1497
2912
1850
4618
8554
6352
7635
5069
1099
7782
3131
8201
719
7194
5668
3267
1716
5074
2588
7119
5478
8890
9895
6142
7066
6605
8306
902
8192
978
7177
9230
6713
8541
9263
3583
2906
3219
3861
5710
3781
7057
17
543
1161
9439
5174
8877
7370
6009
1935
6779
9520
3397
2158
2155
2004
4377
4322
1647
4727
2850
2611
5595
1655
2619
3930
2027
6489
2439
8093
9310
1949
6540
8906
5476
2860
987
2192
1263
5053
5925
7920
9761
9061
7106
5065
3181
9574
4397
7175
66
4717
3478
4162
1264
3516
983
4006
3796
1677
6600
7551
7044
7713
1
4303
5739
113
958
4393
4135
8438
947
3293
7515
528
8499
3413
2730
2135
7439
2476
1250
1180
6711
1998
6985
9394
6588
5171
4418
3002
9866
3474
5253
7611
394
2769
2470
4291
9476
7677
8388
9353
2770
6074
8435
8844
2117
2760
6299
9490
1478
5042
9010
3416
4400
8699
5801
7648
1320
9098
2669
8014
6250
1643
5313
4504
1527
3375
2631
8596
8433
6161
6634
6028
2099
2711
1454
1866
9084
9028
9940
2595
1506
6044
7727
8528
4946
3393
5604
2781
6751
4478
7412
2583
6644
6325
9270
4117
2527
2430
7925
9321
118
4088
3274
6765
4665
7123
4486
7334
8915
5212
3287
532
2753
9231
3163
2632
6252
7749
1171
8398
9782
5270
7746
7472
8714
8560
7003
7558
2779
4033
427
2295
4572
6977
3837
9272
7267
9150
3167
3486
1058
4960
8572
6011
4777
5431
3945
831
6003
8336
4651
4957
7254
4465
9549
9985
1972
8628
3795
1747
4141
2170
8230
8385
9994
6227
6150
3519
7731
5397
646
7561
774
6752
4701
4190
3357
1068
5324
5535
7310
1116
9377
309
303
1470
840
4708
1456
5651
7301
7795
1062
3220
4614
6531
3746
5637
7855
9971
2521
174
4677
8799
1122
9351
4898
1018
154
3903
1966
1903
3409
2220
3043
9922
2898
937
9393
8396
5705
4766
5675
1898
4600
3890
2743
403
1061
4435
5514
4463
5864
2028
6562
1486
169
9085
6036
8739
9371
7886
3527
4647
527
6567
7775
9814
6809
7577
7125
5679
6033
1844
6572
6136
9068
3286
6430
9265
6756
5563
7972
9206
4058
8557
9716
3633
5139
8403
6824
3113
8200
491
1465
7186
4064
9319
3120
7902
8934
5772
4328
6202
3067
2000
3404
9809
1947
2940
5309
8059
331
1163
5061
9958
5905
3721
7930
7474
6789
6964
2678
4320
7275
7779
9104
9273
5262
3436
2146
9363
2336
397
7135
1236
3212
340
8509
1436
621
3377
8428
9981
6754
2232
294
1016
5116
3114
8321
9167
8243
7701
2299
4688
6633
8029
3270
5768
4276
8490
7241
5411
1849
6391
4140
8461
686
301
9501
6264
7636
3798
7493
5153
5314
9133
962
5375
611
2401
4566
703
9214
3234
812
6165
2773
8603
323
4021
490
9572
7076
2351
6419
8295
3902
5600
9892
9746
1842
1043
5279
4879
3599
129
2443
9430
204
7314
8236
6487
1735
1191
3271
4346
6124
418
214
1397
9077
6834
4011
4036
1113
3236
4991
1215
1412
9300
7893
4845
1605
3515
1483
1150
3096
6321
5741
4515
3093
787
892
9935
3148
9162
3535
7402
6984
8832
1229
5168
881
9112
2635
325
8268
458
3160
8911
5980
9709
2522
1227
7734
4956
3780
4373
1641
9368
903
3228
6147
5963
1485
4699
9912
2260
3775
3524
7549
207
5156
8284
3485
6882
558
2056
6196
4656
2834
7139
3097
1940
3326
3142
8208
6291
2869
4671
7564
4993
2249
7540
2330
7906
9611
4852
2427
5129
29
8102
647
3915
2748
6284
4112
583
1781
5945
8613
4972
3098
8558
5999
5453
9180
9383
9099
8417
5005
430
9355
3351
3147
9689
2903
2114
510
2713
8335
8592
5556
8893
3751
1928
1782
4049
9428
3306
5068
3506
9036
1955
3300
2271
2607
8930
5011
6261
3550
9803
6121
1810
7512
663
6852
6285
9864
4750
4707
2488
6619
9019
283
3139
7780
8590
982
6199
3841
3952
5302
248
9126
3389
7427
8599
3749
3909
1457
7233
2197
8565
2637
5985
6217
5272
5114
295
5335
1017
2840
6658
1400
3105
454
8251
6140
5928
6652
8009
8783
7319
7608
3808
7580
9641
9741
46
7467
4318
9601
8720
9752
1431
4209
1313
3440
178
2015
2301
2789
8209
9827
3475
4040
7361
7555
6506
4538
5468
503
8462
9749
2134
626
473
8691
3112
2942
4818
9124
8534
9290
5532
5863
9135
3925
4343
2990
8064
4558
3227
2437
4142
4868
4648
4066
635
4347
1413
6436
1613
4641
6920
9041
3653
4460
2354
3719
5261
5167
3652
5577
105
1967
6290
7827
6267
5265
8545
3637
6133
107
1652
7482
6611
7486
9087
7704
2675
3119
145
7693
261
9816
5760
3705
3483
1581
7532
5622
5763
3669
4716
5477
6110
3103
8741
2101
1902
8328
6593
8274
9489
4607
9707
2598
6481
3605
5079
4653
5732
499
740
4329
3149
9173
422
5781
7
4122
1296
9244
5239
2024
6840
5246
8908
4468
472
247
1093
9770
6760
9169
8728
6129
1118
2565
533
3305
715
5342
2110
1377
8176
781
6422
9607
9305
9425
2790
895
3821
9359
2567
6787
3500
4571
5942
30
5471
7041
2118
5326
5795
1764
1172
1709
5891
4374
2059
7460
2585
4053
3565
1913
1838
6707
9123
318
5430
2426
7741
1925
6464
8010
1971
1755
7480
4268
3922
7110
3452
5407
9196
2847
2049
6148
9788
4275
8852
9807
4608
4723
3667
8066
2640
3961
6999
4617
5976
9380
2999
6820
64
6603
7999
8715
9284
848
5858
9867
32
8953
2148
1566
5227
236
9114
3530
5458
1881
4288
9235
6946
5851
3743
4315
7476
6528
8980
54
754
1961
6694
8644
4428
7448
4039
904
426
3805
3206
457
8986
2777
572
1986
6017
5466
6075
8415
7528
2019
3191
25
9873
3275
4508
6582
39
524
9340
3104
1770
591
5305
2380
9569
769
6056
2922
3552
3643
3175
8143
577
5099
8163
6037
80
1088
514
3560
8352
9586
1434
8856
2431
2623
2512
9411
763
2992
2502
6610
4485
1240
84
9420
3317
8181
8097
5515
8340
8381
7318
6010
7002
9693
7690
1388
749
9915
677
898
776
4302
8084
1608
8793
3460
9606
5525
3656
1268
5805
9625
6914
8036
9734
8133
1477
882
9062
9671
7014
1352
1187
3216
4170
1552
3636
2328
2786
1767
7682
2277
7487
2422
5555
5096
5496
2221
2603
6263
5544
4314
4891
7791
1147
3237
6209
9511
3445
5438
707
2894
5786
2307
9954
1539
5307
9251
5497
1120
9187
5304
4770
1077
6298
9175
9711
1507
6026
6359
3881
1839
9795
5635
2890
2069
2838
1718
4549
446
5224
9579
1037
9872
5147
5685
7302
5103
5440
7408
9802
4867
5240
6368
9509
1978
9845
7950
177
365
1801
8000
6722
6594
718
5009
6584
2234
359
2468
2980
6410
627
7716
4547
8447
1370
8630
596
5119
8003
6032
7867
985
3221
6216
6687
9358
7414
6293
6351
1428
2594
8713
1578
7882
9587
6903
3644
3288
7168
3693
6850
9792
2573
3487
9760
4625
3977
5523
2311
142
3253
1745
7126
9220
7505
1284
4534
4057
8166
4829
7859
7137
1807
8898
5602
1584
8319
9680
3177
5010
3407
1879
2044
6336
4030
360
1630
8763
5327
8835
3962
8440
9448
9074
5623
6041
3088
8240
7294
9983
8535
291
8750
6815
8262
941
9148
7232
8564
8886
4820
6002
6823
9379
6259
133
608
8945
1410
4172
6192
6625
7650
7951
6111
3992
6428
8575
9468
9826
4316
7525
5192
6917
8242
4385
7954
5548
9159
4150
8573
13
4188
9441
2453
273
9048
125
9233
6181
8011
208
9252
957
4324
4710
5990
8822
954
2107
5122
4398
2877
6913
5469
5746
7479
2094
9373
2909
6750
9778
4041
2758
2664
8681
1060
1055
322
59
3621
9853
4886
5728
6937
2589
1889
2910
6636
6107
4392
3224
7874
4652
5877
2417
3819
3887
3419
2956
3124
5093
8497
9060
1596
3446
5019
3123
7229
6347
9092
5222
3698
7870
2792
9073
7286
2767
1731
2656
2366
7114
3441
7832
5233
2614
2190
4121
4932
1291
6677
5539
9096
6244
5345
1496
7517
8293
9330
7894
6981
4216
1078
2907
2751
854
6278
6270
4860
1073
4947
1306
9966
4795
3173
306
696
688
9793
6755
1257
4333
8861
9401
234
5178
6050
7739
8588
7705
8148
6499
1960
1242
6742
7687
7417
9550
5831
4370
951
7225
1797
2580
9615
9156
3635
186
863
6362
2744
7077
9810
373
7210
642
3060
3674
1387
7676
9965
1373
382
2571
6045
9656
9280
5543
788
4568
8825
8422
9581
8291
7095
4751
1315
5443
3700
1201
847
3009
2660
4015
4646
6624
4953
5052
3979
609
6372
355
5057
7072
7744
5949
7203
5379
3642
8841
1670
623
3866
4166
2086
731
789
6413
9163
5657
4339
7915
1345
1274
2918
9172
785
5845
8544
8978
8294
1402
975
4638
7213
9362
6683
4194
7105
3187
8901
834
6260
4461
7156
7513
198
9535
2481
6922
6397
2
9177
7200
8817
3265
293
6675
9570
3843
6745
1825
6378
8944
1141
1427
6282
5811
7306
809
1232
7174
5290
3871
251
972
7121
6704
1011
9042
8924
2683
9765
4114
6034
6223
3493
1569
2029
8631
3020
2368
994
7630
5583
6423
4273
9128
419
8556
2663
9291
385
8212
7160
9301
6816
6887
3209
5506
4012
6691
3932
5083
8089
1326
8960
4791
747
3467
5790
6684
3038
4835
1694
9487
2729
3302
6434
3040
8239
5341
4363
8112
1059
5743
9026
4285
2900
8622
8642
9859
2985
1980
435
8568
1577
5120
5694
5832
8894
3158
3593
3338
5955
2815
964
3570
7359
7745
3444
9764
3618
7307
9306
3266
1979
8146
6951
2674
782
3894
3311
579
7146
6109
2920
8917
7620
377
8331
1912
894
8738
2654
3971
1193
1339
8672
7502
6421
6465
6370
7646
5917
3576
3683
8747
6006
8115
933
6881
8952
7625
5650
9731
5325
9390
9398
5941
9672
7117
3833
1924
8177
2936
9081
3929
4372
4022
8675
8277
9980
4570
1404
1553
8407
8959
9069
826
5714
6522
9460
2449
2168
2732
6668
2864
4649
9661
9830
5321
5599
2317
2052
4769
9769
1990
1239
6027
8073
3735
2959
5717
3848
5340
4913
8516
3645
3382
8164
8051
4778
1719
4153
7973
9158
5771
7634
563
5076
6379
5895
7542
9132
2814
5589
6536
1481
2032
488
4974
9898
8197
4530
8666
3581
8671
5606
9064
9399
669
3210
7788
7029
1435
3238
7697
8647
9921
9378
6122
1138
7243
6185
8044
4243
136
9808
1502
3451
8337
2210
3496
4846
6176
108
7850
468
1790
2817
4452
7047
7449
1034
6702
3373
2783
1143
1271
4441
2334
3958
4976
3571
8091
9426
974
3489
654
9295
4672
8056
3420
7235
431
2497
8682
7293
5716
1651
8921
396
601
7811
1884
7055
6940
1460
6073
2127
1380
1789
4525
5216
6524
4436
5585
7932
2318
7883
2372
8971
816
7805
8354
8540
9884
5463
7140
9418
8591
2493
7219
4592
3860
94
2369
8481
4195
9551
6542
6491
6429
7658
76
9103
6663
8624
4989
1512
9686
9894
4686
1822
1896
2741
5294
6198
6525
5991
5177
5842
678
7313
8312
7847
3801
6157
7451
5206
4695
6830
8129
8363
1922
4575
3197
9699
6944
1623
9066
7717
9369
8170
6623
2648
8636
4421
748
8034
2511
9521
2501
1830
2806
9181
3851
9889
9356
632
171
3658
3730
2787
4950
7023
7458
7652
7290
8147
9296
7623
3292
6978
162
7351
5524
231
9928
1212
1525
8727
4212
8491
4876
6301
5039
1564
3056
2152
9930
238
9708
7907
8907
2923
242
1103
3130
8774
2122
4964
9249
2073
8954
3107
8131
6241
8708
7937
7755
8723
8127
9791
5684
5208
3324
9442
6878
6876
1001
346
45
5170
7666
2142
3906
6544
4352
5853
6450
9495
7162
5764
8359
6632
9901
6091
1167
5731
6314
8900
7853
1330
3199
7050
8776
5128
4234
5228
272
9354
7529
1808
7706
2113
8949
9016
2540
6545
3337
8085
8137
3777
3049
1604
1109
4544
724
7610
7885
4265
6455
7946
6895
5642
3336
7394
6178
1258
7986
6828
2858
5030
9116
18
8784
3611
4297
3501
3136
3549
5656
584
3537
5217
5436
3975
8219
4169
518
7729
7578
8919
8150
8831
1996
6790
9113
5733
4595
3359
3788
3956
8775
4779
5276
9972
5363
2796
7933
8128
8450
7141
3631
3529
4659
2967
5586
3954
4284
7048
6232
8298
4079
8620
7207
4912
8839
2935
9165
5045
6195
2309
6778
9779
7994
9942
5480
4432
5652
5901
6485
9451
5210
3709
1620
6537
772
5274
2455
6229
739
1659
3079
1515
1267
7819
9986
9240
6188
187
9094
1847
4878
2474
5056
6012
2407
8179
4588
3760
845
8278
7413
10000
7961
2007
3165
699
3137
7274
7728
984
3276
8309
8342
5331
9405
4664
9347
9075
842
3675
