9955
7562
4622
713
5695
2110
6697
7185
9055
3834
2122
2911
5183
2174
2322
4040
2299
9782
2362
258
4136
6304
9156
8374
625
3475
2744
8441
2637
7317
8699
7054
2544
2620
8535
6020
4927
141
7875
1810
9931
1618
7549
2627
5686
5992
2571
1583
6
4969
7716
2254
7111
5393
4865
4937
5468
5033
9075
1285
8830
4028
7294
2913
301
3875
6140
5250
8391
4610
3748
7535
27
8965
9137
5871
6906
9579
5801
9614
1886
1403
6074
8103
2798
3022
963
9243
1385
8133
4862
5521
3765
3170
6679
7299
9723
9176
5488
5390
8285
3429
5724
8836
9085
1497
6665
2181
4369
2558
6662
2323
876
5545
2955
8478
860
55
2357
2677
82
4523
2092
5220
5374
9353
5923
2385
5841
7500
4205
5568
7871
9079
682
3354
7948
950
3132
962
1809
541
8779
9678
7708
8629
8402
8519
2318
1942
6984
5844
4673
7148
6220
7155
4518
5573
5134
81
8606
8930
2179
9116
9483
7099
8383
9198
8213
4123
6149
2957
5274
954
2198
9565
7168
9494
4626
389
353
3032
6875
3437
8331
2342
4417
5342
3057
4308
5268
4064
274
3385
4940
409
1427
5939
2970
7586
5460
7261
8696
6802
6983
7223
9510
8650
7807
8016
38
684
1440
7120
1077
1097
80
4399
1815
9279
4182
5361
9095
2719
1178
1511
5072
7340
4652
2
1573
9288
7548
6612
1737
5718
6182
2329
6292
5123
993
8532
399
7952
4919
477
1804
5059
498
9652
624
1574
4077
5199
755
8707
1066
8244
2100
1738
1923
4996
5411
1782
9898
1447
8878
1939
2505
8416
6619
9325
1903
4840
7437
879
2085
9023
3514
4458
8693
8001
8090
2855
1561
4561
1036
1950
5540
8545
8720
7249
5984
7147
1352
1402
453
6119
539
7645
5967
7843
1687
1146
5301
4342
5684
2202
600
7048
5021
4459
6331
2277
3005
1303
7567
2311
5588
3075
4312
3968
8044
6460
8916
9999
8978
2631
9080
2097
7595
3147
6525
468
3805
7993
5842
2300
3539
6144
2137
1430
918
3399
315
356
5339
2597
4663
6967
1316
3253
4485
2656
6574
8570
5135
346
897
7980
9185
4301
898
5620
7721
9412
4551
2224
1180
4761
9130
7465
1355
8585
9509
5675
6483
7462
1216
4283
170
3733
7650
6009
1643
7709
3259
5947
9420
9890
7669
4188
5820
6673
7342
5714
3456
9201
246
5224
536
6216
7501
9722
4076
6835
551
3317
2935
9057
1517
5647
1151
9719
9480
4830
8558
1268
1956
2788
8786
8055
8821
7602
8079
7368
5000
8741
4059
2522
4000
6642
2294
2778
1475
4936
2286
8589
6113
2959
5514
3398
423
4057
5074
9550
4968
6141
9746
9017
9337
9703
2851
4016
5321
5925
1807
9650
813
9229
7370
9925
8175
5410
2134
546
2302
8027
5346
2514
188
8746
358
3140
8401
235
3187
2920
4042
7043
6032
8729
2590
3282
9730
8063
4067
7913
9406
1347
9330
1902
6650
2869
6370
8727
8275
1327
5687
6731
6853
7590
1541
1765
9918
3265
9133
3372
16
521
9605
4443
4355
1407
2502
9461
2356
7687
8463
568
7383
3347
8897
1213
6801
4958
48
2849
9165
6927
8287
1100
3956
715
1405
2636
9683
5631
1026
5457
1927
2537
2430
2545
9588
1325
3206
3686
6592
4088
6660
5799
8095
9724
1044
3639
827
8936
8580
1692
9743
557
2053
6040
2896
2755
9421
3538
3171
8962
7908
8241
4125
9294
3960
7245
3234
7637
5582
5965
167
9852
9462
7961
3979
4594
9763
4876
4636
9359
1300
7854
1396
6918
9776
2219
9919
4147
9107
125
582
6488
340
6688
1637
4265
2594
6067
4966
3643
7883
9917
5445
2104
9178
5004
3677
3209
5773
9623
6475
5816
4668
1070
3766
7655
5065
6992
9271
3367
9975
3426
4564
6240
6153
677
6797
6497
885
5307
6741
7255
6247
2762
6169
4501
2175
4640
2828
4639
5046
2270
7283
105
3045
6061
8065
1836
743
570
725
809
6238
8996
1510
5597
4843
3306
6448
124
6777
9616
1881
6841
1253
2895
7704
8493
7414
7222
2489
3888
3228
5404
7532
4134
561
3093
4421
5552
1389
6803
5138
2032
9736
8892
1238
6183
3802
1736
2796
4926
7423
695
8230
3536
1198
7069
7989
9929
367
5122
4588
8293
9476
7277
7821
3990
9311
5745
9038
1394
6640
9868
1246
8527
2034
7946
4837
8008
5990
1823
5986
8205
3700
5834
9755
5956
5648
3488
9521
3631
3102
855
8680
8600
4839
2050
8712
7585
7421
940
9666
8533
8575
6942
474
9777
7825
5309
4901
1747
2603
4087
4734
2496
4553
9153
7188
5613
3714
5133
553
4753
1011
3212
2978
7715
3616
9348
2746
7477
5739
1789
36
5043
9869
5705
1020
1450
5144
9384
6394
5910
8223
6896
753
8888
3706
5504
6615
3576
6579
9715
6168
1598
9411
6781
3083
3712
5822
5626
1313
4408
4081
2368
362
3341
4019
2950
4513
7942
1940
343
7572
5381
5953
6150
6173
8143
2516
3384
4368
5195
3954
4938
776
2244
6226
1449
5016
3061
2625
7197
7452
361
3649
2635
3574
9414
8624
8705
1702
1404
8597
1944
4258
3719
7376
7520
374
1801
6712
4305
2580
8037
7018
8097
2801
1652
1039
9346
5225
2015
5779
9787
1604
2328
6839
3839
3423
8668
4921
7231
3603
6769
4309
5612
4850
6070
3511
9801
2639
3334
5020
1129
4910
4849
1566
901
5314
9702
5905
2279
1471
352
3208
9429
996
6087
7834
3915
8222
7772
670
6817
3713
6981
232
8292
8225
8109
7382
742
1324
4367
6519
6878
5429
7432
7410
3494
5950
1694
4986
9707
3038
1518
4918
8941
6284
3403
1852
8184
7703
1322
4152
4269
4302
3485
4893
1378
8880
1392
9011
7958
266
1367
7204
1252
8736
3923
1467
8831
4013
2528
7369
9841
2098
4964
244
7892
9800
8758
1581
5053
5535
9609
9054
4803
6217
2074
9223
7540
2892
3235
8772
956
8871
6091
5284
69
8795
7890
2397
5476
2103
6772
1773
6066
5756
1770
9486
8087
5237
8328
4976
9789
1127
337
6774
5334
2428
8735
9594
3911
5557
7456
2688
4867
7511
4698
4174
2024
2320
989
8279
9909
1962
7
4955
8544
4212
5054
578
8395
5022
1256
6539
6006
7675
8147
8124
8298
3178
7112
295
9527
5607
8869
5377
5269
9443
4520
941
2065
1049
1340
7944
7811
5605
4452
6575
6479
3507
8475
4222
3072
2714
9538
2415
2732
6957
9621
2507
1654
3865
6528
5154
7017
6225
608
3109
3503
7909
1160
3838
8258
4544
9407
445
8812
9926
2838
1227
524
3261
1605
3510
7053
4942
8421
6512
5399
72
2766
6923
4777
6812
6307
9345
8948
5
272
3721
5519
1022
7782
1228
8053
7571
1796
3704
5931
249
1165
9667
9727
2604
9184
7378
3497
1677
1703
3453
6850
2768
2213
4387
7146
699
6206
647
1185
6349
7010
3542
5651
3769
7219
926
1644
5754
3229
5295
9708
7718
7999
6713
5920
3852
9549
9241
9362
3462
4905
2546
5763
5781
8457
297
5699
7074
3096
4959
7059
4020
2130
3295
6708
1967
83
3856
4316
187
9861
4593
5672
221
4507
5473
6845
9989
1363
9658
6505
4755
1800
7689
6670
2618
9450
3541
3081
1793
364
6492
14
3738
7970
1627
749
1769
148
9417
5101
6568
8513
8814
9332
3194
1891
2619
127
702
501
2736
8658
4699
8486
6093
4768
5196
7556
8497
7217
3197
986
4407
5852
2792
2992
3011
6744
4989
7589
7195
9601
4012
9205
1943
1681
7845
5034
7587
1550
7094
8047
3074
9322
6784
5448
7974
8003
1856
8115
8790
2461
1081
2239
3149
5876
7359
4440
2467
6431
9617
6162
430
7318
798
1295
5677
1091
1562
4792
9466
7394
2287
2374
4931
7038
1283
783
3095
1813
6595
3969
2783
9505
3106
5341
5879
2856
1721
4656
9671
8338
3108
9222
1918
8673
9149
8394
1426
7240
9799
1296
8934
6041
9897
9214
9837
2794
763
2112
9188
282
8899
4845
8372
175
6949
9445
7183
1024
7207
8469
1515
7466
7841
1201
6945
1840
9363
990
1771
5489
5258
523
814
3941
9290
2967
8303
9554
3985
8254
2029
3599
5627
6786
8346
8344
2392
581
2250
6598
4139
302
7632
1478
7605
5662
5541
3463
1225
2844
460
2763
4163
7090
3451
9190
3982
4799
6854
2126
1634
5068
392
583
675
4500
8028
8245
5260
732
4709
6204
7268
3660
4797
8815
2876
4498
9954
4011
631
3794
3275
6469
6316
4346
7133
1204
7543
3931
649
4432
9698
6398
9370
5343
5162
596
2581
1849
6224
7600
2479
5480
1731
268
617
2480
9007
499
5167
9633
838
9874
4570
9152
930
8584
858
7580
8989
5589
7212
139
5554
8088
2806
8743
5206
781
8234
1380
760
4599
8247
4171
5861
1993
3499
251
9436
5688
7625
2041
2379
4732
1818
6017
10000
1880
8096
8583
3424
4126
6964
1411
3913
6758
4808
5982
1999
9074
1418
9790
8719
5665
6705
6754
5035
8473
3577
2376
2049
7598
6569
1808
3352
3191
5362
4255
3274
9660
512
969
4794
3887
7533
8910
6286
599
3203
8647
8111
2548
4762
4864
1990
5069
6521
779
3244
9386
4828
8761
6970
6106
7216
7617
2189
6870
7001
1784
9100
3651
3859
5570
9963
2705
6163
9785
7967
1679
2071
3379
6585
7126
6021
957
4278
6389
3927
1217
5282
7537
7178
1083
3996
1857
1314
7230
4299
5608
8832
8030
216
1995
5549
6101
6485
9004
6372
889
7546
4869
70
7780
4007
1739
6837
5283
231
4983
9458
2038
9162
946
222
9978
9264
896
3053
5094
9060
9794
7891
7570
9000
1992
116
8931
1061
5205
6432
4326
3218
9495
5622
5408
8487
2901
8091
8456
3115
9430
1379
5805
1706
7140
9956
8882
722
9207
2859
4135
1972
9088
5983
7435
683
1175
9559
5173
289
4866
9021
607
9121
7831
7761
748
4720
6951
1320
9997
4145
2167
2743
2578
3271
3185
9324
9700
9920
5327
3836
5002
6938
8424
4334
306
5500
7075
9615
9490
4892
818
3079
298
1505
4629
5150
1509
4758
9235
1018
9694
9497
3413
5594
7143
6718
4364
4484
5682
3872
381
1869
544
7103
1982
5685
9283
6848
1900
1595
2907
6185
6561
8837
1865
8660
1337
4230
8012
5625
893
8675
1560
9174
9553
3896
2956
586
5169
6071
8596
9871
3942
873
836
5423
6265
3870
7065
9422
5709
3039
6239
1025
1181
5131
5840
6601
414
797
6622
5562
740
7651
7305
7790
4492
5949
953
136
4972
15
7953
6810
8238
3512
2119
476
3666
3246
9641
8451
8386
7098
4748
2532
5575
7558
917
8168
2268
5849
2542
3575
1666
9
162
2367
6901
3753
5472
3522
9944
6538
7991
1526
5495
7206
2902
4089
2490
4409
6480
8407
9119
2752
5610
4284
7576
5945
8219
1104
3432
4401
3124
8226
3481
6008
3357
7191
7757
3070
199
8169
9467
2168
1632
8437
5024
8572
8160
8186
7569
2433
8526
3099
3648
2095
531
8263
1955
9950
6379
2733
8762
3540
4311
2983
8061
8723
3936
3740
8483
3220
3050
7725
8309
1001
9281
8161
5868
4960
8838
4263
1867
8126
1976
765
8977
4723
1616
9488
4476
3682
147
9600
3161
7769
784
7256
8686
5917
8925
2573
872
3618
4109
2460
2331
7391
5300
7379
8678
796
3573
481
3691
6191
8986
859
5278
3183
881
8929
8508
1952
3165
3056
4295
465
1409
2707
3397
6656
6077
9492
2795
2396
2045
6729
5363
9312
5459
8644
9536
3645
8909
3696
5019
2205
4697
4061
9154
2483
7433
1855
5289
1133
7863
4789
5057
5555
1760
7582
2272
9434
1122
1012
5927
6696
7788
3920
6127
3152
6080
5510
1087
8689
2527
9102
9945
4169
1726
2672
2822
942
209
7678
3889
3917
9713
5846
9959
185
5203
1138
379
6493
9262
5336
4300
4034
9610
8933
112
9221
8146
2164
637
9138
5279
3844
630
7874
7353
8588
1235
8898
9454
7029
8360
6435
3169
2569
4192
5464
5951
912
2854
8009
2232
8150
9051
7972
8057
9003
2399
5186
237
3546
6742
903
9234
5566
7997
3029
913
924
2572
2718
158
7862
5194
3907
4821
2725
9148
9567
6234
5264
7767
3778
7738
4854
4597
2417
2541
6019
8610
2453
2649
1720
4820
4586
7019
1016
3014
9059
1682
6815
2005
1439
9161
4707
8257
5717
8847
3465
9136
3777
4293
5914
2589
6368
3250
4606
1120
5353
4307
2445
4010
189
2966
2964
5355
2565
4382
8587
1519
759
2774
2158
8405
9604
4201
2165
2872
7744
8368
1986
5644
5325
8813
4493
5621
5881
8176
6641
9400
1258
7374
9867
9456
6847
3084
1489
8698
47
5680
7591
5271
8609
3579
8884
5375
3587
8058
9677
9952
1481
455
8450
891
1179
3997
413
2353
7820
6770
7565
7411
9328
5858
4665
1705
2072
4479
3438
2477
1699
6631
8083
93
4527
7630
7731
9551
8239
5902
2552
6287
4822
6578
6096
9741
4304
1945
3823
8305
6256
5574
6855
1017
6506
9515
5091
8085
6253
3402
3478
7849
9197
6406
7327
9455
3898
6058
697
2481
5884
1664
7208
5406
4422
921
8530
5592
9248
2454
1422
9921
9532
9712
1130
1843
3879
3566
8599
9273
1915
7730
6856
8516
1960
2694
6500
5650
6618
7442
9327
1351
1464
1740
1981
1142
2283
2915
1592
7315
1722
1498
6621
8392
9238
7729
7329
8278
1638
5882
1370
3876
4189
152
7295
8500
5310
7937
5185
3490
2200
5998
7610
8099
9448
8112
9961
5792
425
7263
3350
6832
7145
8231
5201
9639
6913
271
7235
7959
8117
7405
3487
7673
1260
8251
7455
9426
3435
5479
6771
9618
4262
1516
2363
7225
7008
7035
1052
4621
3843
6115
1661
8651
9710
998
469
4791
1668
4975
261
5674
4122
5891
5898
8959
9697
7476
2195
5316
2040
1683
8178
8881
9041
2652
3854
1545
7644
5800
8464
2875
2683
7248
3516
2468
1211
9602
7494
5071
4542
2245
1969
7439
6362
5890
3855
7858
6935
6145
3264
1010
3346
4704
6297
1141
6085
6600
3710
304
573
8771
6130
4735
6499
9758
8046
7844
1107
632
9372
8706
4288
45
2303
6491
5772
106
4993
4547
2241
5369
4913
4277
503
1512
4428
7479
8963
429
3455
1125
5249
5994
5304
1166
3847
3375
4554
4855
4374
2553
6529
9969
9218
1716
1659
6849
6025
9319
1586
3764
303
7893
6693
6796
1196
577
4481
629
3313
4195
2370
6877
7599
5175
7881
9302
7554
4118
613
6201
8635
2540
2343
655
6582
8518
5463
239
44
4319
9674
5103
2046
1003
3501
9796
1434
6962
9326
5223
7237
5987
5370
1929
6523
6570
6778
3771
7527
538
8080
9752
5974
4579
317
3775
9268
7639
7743
6852
2535
5100
3034
571
3890
6441
9577
5234
37
2770
2463
7214
5449
3263
280
5118
9343
9355
4580
3063
4460
7523
34
195
825
5044
8361
4183
386
6369
8536
6451
1244
9783
9573
1381
1764
728
1854
9415
3711
4361
4441
6623
7957
4445
4948
5758
2123
2921
478
1090
5556
3036
4372
9276
8754
580
8054
7638
8661
4742
8623
8453
601
4415
1671
8972
2660
2653
7860
6354
3137
6674
160
6109
4044
505
3958
6064
9992
9971
2942
3409
6213
6073
9097
6911
1349
744
4687
9767
4353
1203
7737
4480
7584
7127
9791
1460
6894
8400
6645
123
4270
4998
3600
9949
8403
8603
7906
5789
3623
1317
7954
5959
8717
834
6946
8267
6857
3498
5450
2570
6583
5916
7955
5928
8841
2741
283
8525
5595
5546
4418
3270
8672
703
3596
8740
1949
9563
7037
1609
8687
4279
4730
2632
5866
2655
9516
1002
7832
9375
9016
9691
1713
4029
8950
2264
9376
4856
5593
9033
3085
6765
5854
7104
3284
9629
700
94
5696
2904
4250
6189
4448
13
8474
1163
4219
3303
2242
6227
6195
7764
8211
6134
223
4414
8671
2515
1462
8645
1376
7945
575
1829
7526
8546
452
4343
6132
4749
9836
7125
518
8801
5384
5097
5394
281
3725
9261
4113
8753
4446
9358
507
4823
2706
210
7515
2451
2793
9557
7969
403
9970
5603
9280
1704
3312
9735
3664
2476
1492
2006
6867
2223
6176
6459
7615
7741
9608
5720
184
4677
1031
8826
1058
6374
9889
8554
771
7691
1145
6750
1248
3921
1388
418
2525
2079
164
8521
7303
3568
9230
1728
3148
5312
7941
948
5862
3926
559
9991
8867
7627
3572
8559
1585
5008
1128
2821
3763
6438
970
138
3154
5529
4584
2687
4880
5392
4206
8818
928
4273
3607
6382
263
3578
4008
841
4738
121
5615
4693
1342
4924
4819
3756
177
4254
5936
3010
5581
5158
2543
681
4363
7765
2871
1293
603
3236
3418
6268
6187
6864
269
9477
4655
8440
1766
8315
1579
5776
4144
9437
9838
3678
1734
4239
420
2666
8148
7344
8384
8664
6721
4833
6257
9475
2372
3300
4719
4107
9882
4696
510
7289
9613
628
1792
3245
186
5737
9599
9773
6691
7252
6527
2831
7819
439
8228
8317
8966
4999
2802
2817
5664
398
9731
622
9544
7607
319
5708
4266
2916
7312
5586
5617
6908
3544
3694
3547
5244
1279
821
2894
5063
7592
4939
8092
9115
4086
7051
5912
9775
5350
4404
4052
3113
5359
6789
9932
588
9374
9168
1456
9644
8252
7740
6294
5878
7061
4879
664
6373
9686
6503
8764
7083
9859
7068
8227
914
6800
3289
7352
2905
1540
7629
9037
401
5616
857
7979
547
4027
7372
9645
4615
6586
7736
1827
5559
9147
4216
6536
1794
1383
4914
6293
5941
4546
89
6890
4953
7330
9112
2709
4072
5344
9270
545
3470
4644
1033
6462
6001
9298
8428
8578
9864
6481
9192
1333
6952
6392
4148
8034
6537
9844
3491
2458
5487
1877
6029
8773
5001
2731
1715
217
6759
4345
907
8868
5955
6124
4899
5469
211
560
4231
7839
7529
9750
4194
9587
6120
2575
5502
3552
802
3604
9304
5471
5825
1691
4746
9109
3483
3017
3688
2667
2924
487
5815
8731
4872
9664
4101
2773
4930
5368
7349
1725
2075
2465
1488
1700
3940
9612
4514
4814
4453
1270
7504
8072
9774
1271
2689
2559
1345
9535
3348
6194
5124
7139
792
2786
2726
357
7992
2598
2813
8738
1050
8319
769
1040
3761
9182
8751
3213
6088
6974
2530
1089
2839
9876
2229
4672
4883
7896
5292
4577
1977
1189
4138
1284
2441
1318
3584
8261
5995
9850
8839
3822
4083
3867
2411
795
5146
4200
8490
7025
4431
9998
1390
6057
2161
5037
3518
8992
6164
4568
7861
5907
1565
7047
1552
3186
62
7766
5640
2094
2345
3422
4335
2606
2435
8363
9478
2624
7581
5277
8449
8158
4099
6299
5903
6838
945
2127
576
3363
7852
8863
8799
6692
4170
7280
9916
2910
3018
9120
6126
951
8700
7490
835
5670
6112
5470
4384
8414
5419
9714
2729
5618
1190
3627
4715
4190
3975
2987
3281
602
4161
8162
2824
7136
7122
8859
8349
7361
4979
3419
9069
890
6466
7096
2081
314
5129
3025
6885
741
8269
5440
7458
7326
8954
3918
537
8341
1870
7847
5633
6345
3272
2721
174
4533
7636
7802
4112
9008
3537
3002
9251
68
3059
4248
751
7055
3285
7088
376
6724
5711
1237
7004
9231
5641
6900
8627
3324
6280
9129
2814
2670
8940
7271
1783
7232
3355
4001
1719
7926
3629
5765
8756
5058
9805
2107
110
3591
5544
7365
5090
9316
5937
6806
4433
7279
4988
653
5952
8208
6404
8017
9366
1074
454
5832
4774
8976
4477
7036
1542
2068
6269
5655
1701
1988
9338
8492
639
730
1161
7828
9487
2128
7337
4014
9103
4716
3431
803
3671
6434
3123
1825
1424
5885
7488
4068
1544
1711
1787
7962
1907
8187
4296
5516
6726
3543
8835
119
7712
9620
336
3824
9751
9630
4954
7194
7935
451
9463
2230
4470
1730
3806
9883
5308
4974
4066
9266
1695
4376
459
5062
9377
754
3861
4031
8782
8807
5962
4033
5904
3799
3840
8166
225
7971
4108
8322
1578
7785
2191
7680
6044
6589
3035
6663
9049
4294
4806
8796
7028
4199
9128
6704
2893
2998
3442
6649
3776
7960
7070
9711
3373
8732
5738
1621
2918
9256
2681
3517
4783
1155
5061
4154
3238
4133
8180
1991
8985
8442
6461
5661
2648
8134
4103
9733
1608
6819
5177
8232
6941
2940
565
5853
7924
3098
6884
8431
2888
8666
5093
7922
286
6509
3989
2593
5231
318
7292
2262
8035
2939
7402
3387
6443
9654
9655
9721
2394
4451
4805
20
9237
32
4466
7541
9408
511
8352
4390
7947
1885
1919
4563
1053
5600
6620
5847
3811
6780
3222
7144
660
1989
4898
1308
9094
5192
5827
7648
6934
2785
2713
8259
9512
426
3829
6933
7798
643
6425
2646
3377
4024
7250
1503
9853
592
3283
6289
7653
7616
1245
1121
5591
9308
4069
264
8488
4575
9356
7656
117
2556
1319
3258
101
224
8598
3130
9124
4310
6099
9331
2236
6415
1826
6151
8294
1135
8703
4322
7320
3243
801
2567
2388
8552
6062
2946
1208
7385
2380
6329
9526
9705
3804
4331
173
447
6053
2665
4552
6865
2877
2332
4351
166
7081
2791
2943
6576
5349
1697
9662
1251
321
3299
7988
9291
6301
6593
2327
9404
8371
7109
899
2061
974
9105
3527
8056
3122
2160
66
7660
9878
2271
6203
8744
3916
2991
1037
1455
3880
5669
5639
1366
5859
8007
2201
4934
3988
9047
4209
6588
3873
7996
8866
4877
6023
6386
4149
8157
5954
5512
2293
4634
6011
4106
1149
2758
1749
5979
3166
7034
9045
701
433
8806
4159
8540
3189
720
7202
446
619
4555
6799
4051
471
705
3582
9936
4396
6779
6429
985
5409
6610
794
9225
5337
7684
7174
1457
5045
6282
2745
3420
6734
7917
6808
9637
86
8824
9593
9834
7149
5536
9104
3754
710
5921
8313
7308
8106
1362
8945
8397
2529
8077
6383
1060
3642
8132
3439
5560
5883
3641
1551
1866
6651
5584
3200
8607
2114
7866
9122
6666
1197
9113
1346
4055
7092
5550
8224
77
1648
5683
1806
3796
7930
50
2208
7951
5653
2937
9394
3142
2908
8862
2159
9070
5453
6659
3173
6456
5319
2042
7583
6498
8289
7665
8043
4773
5095
5542
3533
7425
1124
8920
1816
4868
3139
2759
4788
3269
4237
9459
1297
7030
7333
9740
3321
8445
2574
3388
432
8067
5011
2177
9923
7557
3162
4627
4534
5645
1606
7089
851
8351
5242
4767
7696
9416
9360
8768
345
334
3519
9704
6716
99
5809
8265
5753
3323
7218
2517
556
5467
8297
3851
7300
7621
431
7052
4208
2398
442
1490
348
4951
9504
8410
4721
4406
9753
1709
6209
3087
6820
7683
7467
8737
6365
1311
736
3864
1941
7364
4907
2348
9908
9084
5014
8415
9323
992
5171
593
936
3550
960
3613
3531
5422
6755
2524
1041
7826
294
7773
4397
3815
3730
731
1536
8947
4703
8640
9676
2865
1094
822
9766
1417
1108
4962
198
8817
2346
3891
9661
6347
8621
4041
9030
3315
7774
4915
5518
1625
3012
5839
6533
9449
8127
7919
7198
4272
6710
8846
6309
1032
3305
3849
839
5749
4870
7809
5490
6450
2693
658
5012
397
4094
9576
2400
9369
7634
3735
6544
9317
5165
1674
6966
6215
5433
3033
8140
5830
7016
7547
2919
9189
7872
8662
3112
165
8574
6545
549
1653
4537
9071
8912
7132
5305
5187
7072
7422
2863
1168
7246
2492
1278
9387
2263
848
2878
5200
8082
2720
2052
6782
3663
2295
7398
4465
7518
5804
6902
8944
7727
4826
4596
4271
2523
2789
2018
3389
502
6590
1274
6482
1528
8207
6954
9692
4633
5721
4896
4766
8811
5991
3248
9802
4765
3425
6298
458
5281
3705
3028
7560
207
6860
7726
7142
5107
8639
4875
4525
1009
5567
6513
4402
976
2926
7306
1973
9052
4246
7384
6626
5189
3934
9596
8426
9242
4779
4710
2183
5596
8914
7011
9464
9960
1920
7297
8024
2267
4095
786
4941
1000
3179
9078
9631
5646
9547
8359
7314
2862
3328
1459
7666
820
8240
226
6922
9034
7181
1173
9905
636
4661
840
3004
8283
2497
9056
9244
9904
2850
830
2534
203
2485
5702
4318
3335
4249
5149
4100
480
6123
4536
1756
7559
5161
2187
5935
6548
4383
7931
6442
2845
8894
678
3608
4630
6341
7153
4861
2156
8543
7775
9907
7115
7578
2504
9336
5099
6653
2980
2037
4545
1834
3294
3177
5630
5930
7938
4804
1507
6955
5663
1045
6831
6147
1837
2722
2599
7401
5086
7284
6095
6449
9254
5298
248
7791
9968
9173
305
7692
5968
8496
6026
7175
6303
8701
887
3718
5078
5444
9481
9857
1863
8235
5290
8489
1329
3787
4689
1803
2923
1878
1461
1421
2456
1954
5288
7013
4160
1889
3900
7056
3210
2253
2842
6366
7745
9881
8404
9249
5744
8887
6358
5214
5348
3174
5775
8510
2457
402
6791
8243
616
8711
1611
8343
9611
7341
2148
8973
3141
2857
2511
6468
1670
3247
9899
6000
1494
341
7812
944
2526
4818
4117
618
1539
7073
287
3016
253
4576
6399
925
9501
2812
2308
1985
9228
9260
2900
7768
7209
8277
4503
8330
1978
4176
6118
7366
9024
7242
4002
2337
2973
3659
8273
5089
4261
3376
1428
972
4772
8528
540
3999
7087
1282
3145
312
7566
3560
5437
9586
5638
8840
4590
651
9503
8856
2815
6378
4260
135
1356
4233
6515
1932
3144
1680
2536
2292
8439
5810
775
1501
6262
9167
4946
2750
8759
8355
5048
7701
4413
2781
7859
5055
8850
4105
1733
2948
7431
7005
2214
3929
7085
886
5047
8470
131
3344
3382
7033
6380
5438
3892
8709
1658
1508
5202
4829
252
8108
6714
5252
2554
6963
935
2125
8923
7658
9401
7916
5660
2562
383
4793
4781
4612
3692
7211
2448
3687
4035
6054
5245
824
5710
8592
2748
4098
3138
9029
1369
8353
4858
5324
3043
406
6971
8904
7803
696
3436
6975
1845
3314
7032
8889
5191
7350
5564
6678
8194
9817
1468
4438
7118
9583
5713
8163
8877
6142
2113
657
6677
1423
1610
9117
4215
2111
8984
5111
4287
4080
3339
8369
1968
9263
9982
6535
5073
427
5829
9786
5869
8406
9749
5703
9823
8557
6943
6616
2866
7443
612
4213
1615
6834
4494
9830
9158
4787
6014
8906
7475
9585
7814
2344
1655
1874
470
1862
4155
5402
8724
8615
2313
3557
4274
3217
9442
6745
3383
9210
762
3158
1154
7887
5522
874
9354
3190
4420
669
9313
6917
6805
5357
5901
4251
2096
2043
8726
6614
7698
9253
1288
8249
5671
6255
5678
863
2724
922
3750
5563
4511
671
6609
6433
735
7815
1710
8676
8199
6969
4824
3340
1013
2412
6315
120
6060
6761
9832
2658
3520
7748
519
9388
6069
9001
2033
3129
3116
8932
9651
4381
5141
7343
2585
5179
7786
6052
6222
2550
6136
8078
3845
6720
7498
5246
7275
2289
8905
8329
2682
4712
4224
4572
3336
171
2173
7079
3408
6556
2169
9402
3257
2734
6422
9546
1663
6049
7936
7373
1768
1093
1631
9150
9679
8766
9364
550
947
4321
8064
8448
2586
2808
5041
3987
3030
3146
109
441
1304
1425
6700
3790
4654
8177
1358
6788
8171
257
214
9807
7050
6573
8013
9827
4
5431
964
7159
9335
6988
7356
3252
5027
7482
4244
3984
9561
1085
5373
421
1008
7101
5333
8149
611
4388
6531
8159
1685
2990
614
284
6193
6991
5807
8987
3049
8780
339
2429
219
9778
3994
3021
6467
202
4292
1742
1593
8345
973
5957
4628
7497
7173
4092
71
6402
6152
5340
2500
3758
816
7400
2204
527
7316
654
1419
5657
2135
7301
3809
8002
1079
2809
8748
4531
5579
5791
3858
9835
9659
4904
6809
3912
4971
3970
767
8350
3466
7367
9829
161
6290
7031
2506
9431
3013
526
8924
6167
6798
5918
2861
819
2409
4207
3329
3338
4394
4690
6909
9840
4150
2600
335
4471
1162
4635
979
7062
6160
1452
2645
39
2615
8172
508
2284
1056
3951
8101
4582
8084
9344
5371
3728
7642
635
3635
810
5697
2012
1838
2819
5451
9937
5418
6790
1547
1805
9447
7897
7873
3405
2440
4333
4298
6159
4682
6125
6783
4114
407
8765
5973
4392
1470
8785
2874
4604
9098
1191
1669
5690
1275
2700
8504
5877
276
1914
4336
693
3957
3111
8433
52
8695
1735
1506
1523
2749
8710
3105
932
1538
9063
4747
6332
8192
2933
1761
5285
4760
4482
4800
3104
5042
9818
5788
8181
2243
7695
3277
3362
2016
6291
644
6748
4538
7923
7495
179
6237
994
3394
5715
9571
5619
1690
8957
6628
2150
7039
5964
9096
7506
2432
9425
1131
6776
8679
1890
7949
5009
6827
2093
2510
9811
5976
3828
2730
773
4678
8408
6484
2020
5084
7888
46
5837
811
7643
2491
5604
2090
3781
3598
4349
9465
9200
1465
9061
8725
3480
5181
3614
2087
7213
9269
6543
4488
9499
8907
3595
8237
8198
1084
3993
8763
1775
7513
2678
1005
4168
9663
4329
5727
4922
4967
497
8560
2519
390
2106
719
9219
3676
3554
1656
8829
5461
3278
8210
7800
9027
9607
6465
4885
6012
1970
2717
7428
7502
2153
7539
1831
6302
9172
3322
8276
3715
2968
7796
4211
7542
4657
2438
3922
4210
3971
1266
2566
8074
8455
8855
5712
934
4116
1493
3286
2109
3885
4085
4620
3143
2185
7480
9423
3515
4691
1957
5478
6686
1215
4660
3655
4457
3180
4997
6793
4540
5635
9548
1134
7553
8324
3477
8304
3298
7363
1257
8979
9696
8523
8975
3392
4127
2324
338
3698
8376
9514
9684
4878
9164
213
5218
6391
8174
5221
8990
1106
7719
9145
6190
2247
641
7200
6858
3617
7082
8625
978
1359
5843
8165
2089
5070
3046
8141
7003
4386
6046
1206
7503
3360
4327
8634
8842
3826
8682
3500
3825
8484
7319
6552
64
8620
9209
8632
9995
6680
3866
4473
4403
8121
3073
8995
2228
9533
3467
1635
5296
3965
6602
4605
5156
8828
4911
686
8657
911
8471
3110
530
595
9717
24
5938
4681
1612
7846
1714
3586
9368
473
5929
3133
1688
8434
2651
7771
2816
2009
6563
3304
6104
5486
7597
685
7254
2513
2310
3040
1078
7982
3946
1797
2192
1575
1754
4671
5025
8062
8206
3227
724
9067
9334
7046
7460
7243
1600
7707
2212
3307
7694
417
4920
5112
270
5293
5656
9556
3667
5642
9191
6919
3458
8423
927
1312
1647
1758
331
8120
3523
9204
1757
752
8015
554
2132
9272
2163
7877
9044
130
2836
5707
5328
652
5761
1441
4486
6920
2867
2613
2509
8271
9307
5526
1292
2882
3390
2595
197
8461
7430
2155
1698
9810
4196
9073
6384
7453
275
3962
2772
9508
8514
7822
7593
5132
5632
5345
7419
2643
154
5803
9020
6211
1916
2982
9809
1126
3784
6089
8997
9523
9275
5040
4961
2633
1549
6388
9380
9946
4857
6613
6764
6352
9901
5785
8321
4497
2622
1884
5140
2864
7614
396
780
3606
5587
4722
1779
3726
1095
7763
5006
8110
9036
3153
6881
5443
1546
4653
4705
1811
5427
1543
2499
8191
884
4692
2105
9845
9673
2281
4070
5764
191
5174
492
9699
1601
3548
1767
6319
7912
311
688
7007
706
9373
408
3267
9574
9236
7879
8798
8553
9093
8316
5851
7266
8183
7093
98
3821
3780
1398
1458
6363
3369
5497
8268
9180
6377
8335
3549
8113
8129
7681
4798
6553
542
6236
4058
9529
2654
2965
2129
3772
5752
5496
2988
9764
2280
7239
679
8435
2999
1067
7829
2431
1373
7575
9993
1019
8595
1382
9581
1529
5770
650
3895
3378
9681
2561
7186
2891
3172
6346
9226
5010
6629
5652
8076
242
4909
6893
1961
3358
9009
5740
1821
2697
864
4093
3621
4562
3773
2251
1391
2265
555
9648
3175
5813
676
2176
6914
7929
7123
7943
6133
9866
9656
4463
7347
7076
1446
9665
3428
3042
8927
2420
8139
9795
4664
5139
9318
1445
3368
517
5551
1745
6457
9911
6419
5222
2124
6353
5066
7894
2406
9784
5475
4595
6139
8971
3279
5088
6100
9894
1082
4675
3452
3551
8708
543
9092
4917
9352
1174
3605
7264
8529
739
8242
3150
7835
1572
3440
6695
1261
3457
6105
5182
1315
2257
7485
6866
3622
8618
9233
2206
5227
7805
5553
4362
2088
7608
1984
3689
1486
7274
6084
4650
8373
5329
2151
8036
344
2547
6646
5143
6889
2767
2675
7469
5226
1879
8961
7596
1480
1964
8290
1996
6016
5050
7902
3446
6252
9843
5961
3743
491
8188
5421
1781
626
1226
8942
6478
4475
7020
548
6242
2974
9824
8802
5908
9339
9341
1628
7362
3646
8566
6830
6068
67
6395
7735
4197
7381
5578
9347
1629
2640
7536
5794
5432
8152
8970
6596
8505
3974
7459
5007
4400
2443
852
8250
1799
5172
1751
1199
5585
6348
6027
3001
5888
9728
3786
3925
5441
9985
8715
1660
6272
5523
4530
6327
7311
7407
515
7613
4949
6597
6599
3731
8236
8347
6381
2373
1463
7984
509
85
5347
6736
584
1895
3559
247
7226
868
7755
8436
9646
4517
5759
1893
201
8694
333
404
4314
2146
9632
1537
9489
5104
4714
7521
6667
8896
7508
5211
5219
6916
2818
6092
8499
6504
1559
9732
9849
4416
2886
9820
5270
9986
2297
939
8266
9015
709
1777
4642
805
9582
7269
7619
7686
19
8156
8890
9737
591
3992
8105
3590
1844
5452
6050
168
3280
393
150
3232
1276
1795
7628
7134
7733
2386
9522
2609
3837
2334
4291
3737
7114
9101
7618
4541
5934
6260
7884
5659
1953
9814
2568
1607
6580
8685
59
4437
7006
4053
7164
9990
9006
3337
5691
3628
7753
7042
28
7270
6246
243
6065
5029
3464
9709
9779
3938
6175
9994
6813
1183
791
254
2233
1063
5895
9498
3496
7205
3291
8342
1007
7762
1850
9227
8282
74
8
3745
22
3803
6340
7551
844
1778
3563
665
761
9169
5387
236
7403
229
2439
828
8281
60
4253
4994
6464
662
1219
3311
7399
6550
1209
854
9077
9378
8447
861
6279
7131
3863
1596
5213
9754
5933
9163
1287
6818
7493
4071
4017
3626
8019
2354
6637
3939
1520
7128
2699
5793
1723
1906
6231
2810
609
9252
4146
3672
997
5537
7290
4846
1406
4558
2076
3233
7448
6883
8215
7998
9914
9194
5547
6486
2269
4641
9745
4890
9333
2188
2478
2756
8953
1971
4502
6882
6090
4455
2482
9839
6752
5940
6325
7014
5204
2582
3636
7157
3720
778
102
7253
8102
5383
3795
4729
2261
5151
7900
9525
3650
7258
245
5577
307
2616
2837
4669
6229
6572
9206
4695
2436
7640
8998
2641
5821
3476
1689
3230
5413
7976
726
3930
8123
3906
9035
63
5503
2650
1014
151
3345
8130
1802
6042
2301
2873
1223
9433
4980
6717
4495
867
4812
7676
8066
9903
7228
7609
9842
8520
5251
1847
1384
9170
1753
2716
8128
5400
7528
8334
3774
7221
5747
8865
5113
2629
443
2975
9689
3669
7392
7588
5698
9862
6632
6387
4990
2326
2434
3410
181
1210
9798
4156
8886
5911
8921
1752
6018
9484
9474
6872
7789
738
5155
149
4827
8362
8432
3100
3414
2614
6243
8857
5731
2023
8280
6117
9980
4726
8642
2382
5972
3433
8122
8314
8745
6905
4398
6999
6403
4225
2621
8697
4234
2846
9558
1148
9135
8045
8339
2425
9203
3353
8503
1743
2958
5442
2685
8491
8926
1901
770
1812
6034
2393
6210
4341
5315
4129
1027
4895
7321
3782
4177
856
5028
4638
5356
5501
9485
8413
35
6554
8681
6426
2936
3762
2377
2889
2739
2138
8622
8501
1069
7163
5303
7601
8822
9924
182
4674
2634
9891
4600
7677
2775
817
6390
5590
1448
5975
7624
6148
8366
6675
5601
1254
5534
5766
572
5366
2870
6161
8669
4078
7516
3031
9933
9603
9983
1115
8068
4202
9460
6958
5977
9383
1841
6859
2145
6735
1750
1348
3326
4609
6507
4694
8356
4807
4508
7544
6687
9718
9592
750
3296
1657
9340
6760
2930
6950
6288
1887
9125
5067
8614
1112
3327
3251
8417
4631
3633
6766
7778
3224
5900
8692
9570
3610
4831
2030
3331
479
3396
606
5860
4713
7332
8983
9118
6639
1888
2884
108
7472
3006
7682
5561
2369
9988
6978
9880
9139
7041
9025
9471
9987
516
8387
5499
1194
7434
3779
8730
7413
4232
3558
8107
8354
5210
7285
2630
1451
7534
4226
4104
2989
7688
9087
6719
9381
4158
6566
9010
9772
3619
3980
4750
2070
808
4371
1071
615
2449
640
756
3959
2196
2928
7064
3120
2696
2898
2474
7162
9636
9213
4185
1987
6188
483
7336
5216
6998
4203
1110
971
5159
7751
8459
6420
385
1785
2404
3644
3202
6965
277
3612
3333
7668
3207
6003
9627
9018
3903
5880
3493
5005
6823
9385
8479
7447
5762
6825
8051
6968
2116
7662
8260
7282
3176
3722
2952
7184
8021
8638
815
1212
5208
4973
1624
1936
6261
1182
5532
2066
598
3862
7836
6423
7604
8167
8522
7390
9566
6871
6178
9734
205
6454
2954
3742
1675
2728
3877
6587
6723
5105
4583
8029
450
3729
3223
7674
6024
8040
8602
8399
9392
3653
9398
5238
2418
6400
4889
3884
6557
7842
2401
4121
3817
2171
5372
1098
2711
4487
6511
7770
6131
5980
7975
4003
2358
9695
8631
1564
9518
5493
850
1859
757
3380
1397
8398
7449
1444
707
4736
1640
2002
388
4825
7868
3240
6337
2298
1436
7291
6184
9046
7626
6617
9816
3857
7463
6165
8430
9076
183
6344
5654
3564
3361
9622
3562
768
4359
534
5015
9123
8446
2557
5474
9405
7108
1034
4752
5039
9780
8556
31
3427
8659
5751
6102
5736
279
5482
7864
4252
869
5023
2312
5209
1076
661
1557
6699
4450
9825
5311
1937
5228
482
2647
9064
5147
9910
8982
1035
6709
1281
8777
2351
3592
7273
9748
2422
7827
7702
3841
5970
1686
7023
11
3135
6241
4591
6367
9858
8967
3502
5704
7234
1331
3553
5808
2587
1105
5897
5253
6452
9744
5528
8917
623
8827
7158
3716
3588
9179
4578
6198
4238
5525
2885
7857
2274
8849
5176
5818
1521
4137
382
2583
8467
6689
6158
4075
2162
4091
7700
3807
7471
4950
7328
7747
9301
8937
883
6218
2669
9562
5777
847
1102
2001
4317
9877
4763
5865
1229
8311
5241
8636
3078
4516
1522
1780
8357
1307
7679
9687
7331
3198
5017
6334
1882
2560
4082
7427
9513
4290
9941
2402
2539
8783
1619
411
313
9900
4365
6154
6146
9568
1387
2249
3167
1354
3051
7066
504
3732
9528
9472
7386
8006
8628
4963
6899
3702
43
8060
870
6471
6259
6128
597
2995
4165
4666
4348
8507
2976
2078
5509
5079
2339
3460
9885
5267
5178
4410
4023
3064
7927
9181
375
1576
2903
6180
9804
3611
6851
4592
6753
4038
7978
5802
5272
8872
9143
8000
2364
7396
8125
6083
2662
8981
4844
3937
3625
4894
8336
2395
5180
4499
9742
6728
2971
984
6097
5864
8728
8059
7417
4658
4756
7298
4613
5629
8388
3665
2833
6324
7925
3967
5466
9537
6707
9299
4853
895
8042
7530
3292
5318
3949
5896
2826
1218
6549
6214
293
5716
7561
380
5428
6405
980
9953
3684
462
5796
4045
9511
4700
4339
5266
9131
7867
8848
9972
9872
8255
1092
5643
8688
2799
673
3570
1401
5109
3454
2473
1222
4220
1931
6989
5456
3963
2841
9589
1556
8778
1088
4217
7151
6110
114
7524
7387
8964
230
8327
2166
764
4751
908
5364
56
9329
2698
3089
1930
2207
2962
8825
6671
987
95
5386
9863
9424
9762
347
1132
2784
7446
3785
2414
2757
1393
6972
2073
9875
7176
4842
6330
8646
3933
2338
3978
7395
6310
9831
3359
9255
3709
1038
1006
6937
6627
1963
4731
4645
7568
4903
9934
6343
262
6541
4227
4373
2702
9543
8702
7869
9072
1513
9208
7818
8288
4881
7631
2487
3364
4796
6518
6221
5755
1247
2381
2304
4096
5365
8542
9826
6263
8217
3505
4472
9815
8333
5416
5924
4074
4247
4632
5513
2186
745
4043
7776
9768
4389
6843
4683
3231
8038
8389
395
5580
1570
4429
8873
3201
2751
3412
7517
4932
6490
1231
5407
967
180
1584
9349
5398
6375
1207
6371
1249
8429
966
9166
7577
7977
1214
8800
9672
6879
8793
2405
8939
5087
8810
3981
5126
7685
6439
4141
9948
8348
4405
3534
7603
525
7671
9247
983
3808
7706
5197
5507
7914
6634
438
2225
5958
6762
5052
8332
267
7022
9981
8670
8296
366
938
5769
240
5746
6248
9111
7932
1798
7633
4340
7187
2216
2333
4585
3701
1433
2776
4140
370
7436
3835
9638
192
7705
8018
6002
3673
1267
6727
9224
1755
1043
6335
3134
6212
7236
6740
2764
4241
7564
8655
7166
6746
812
7806
3066
4489
1328
8902
1064
1015
6571
73
8375
2779
129
4728
9628
1310
1400
7377
7244
7781
3479
1192
5064
2036
6196
723
5533
1200
4214
2673
4598
2290
6635
4474
3447
2383
92
9657
7086
7190
4589
4385
9050
6953
5728
54
6730
9350
4079
1555
6004
1623
5233
8498
7895
729
5845
7397
533
800
6876
4945
3793
8885
7015
6534
4581
3119
8683
4970
5265
5240
4478
6393
163
6749
2234
8216
9491
288
405
6608
9647
5121
4153
3827
1343
5378
7481
9624
3871
5446
1948
9379
991
9520
7824
5127
4717
846
2753
7981
3654
6098
5193
3416
9906
9295
2240
7346
5932
4015
4036
8393
486
831
8922
5906
7210
5913
8495
6940
2723
6681
5026
9305
9031
514
233
7440
3349
2740
826
906
6711
4718
5454
5081
8476
4912
4908
1928
2217
8551
7375
5096
9584
4378
1935
8098
7138
206
4073
7276
6880
3658
4281
3708
6939
2235
4873
9390
1167
7150
7787
134
5723
1922
1272
1023
5784
3893
4643
8306
5667
4817
8960
8114
1302
3351
1220
3869
8870
3407
3157
3846
1908
667
1298
9938
1437
2914
3237
9726
4167
3657
4490
3193
5330
7661
1469
2099
8928
6565
2423
7848
2193
4618
2226
5598
6447
5003
1280
7754
4181
7545
1289
2101
4347
9177
2252
79
4965
7117
746
4835
7966
290
5836
4427
4925
8582
1587
3905
3749
9598
4952
3624
6055
6547
8295
434
8571
3820
2577
8093
2469
9595
2154
7457
7172
9265
2925
8915
4330
4775
7672
7272
1646
7154
2576
349
7742
4616
9303
6338
10
9132
2416
4419
3679
1532
143
9453
1321
8005
5658
2355
8653
9634
9043
2488
8270
6564
5706
1158
3532
558
7130
5286
8299
3842
6418
7408
5395
9531
2220
2035
9564
5462
712
4991
3964
6508
5049
9435
937
1479
9314
3901
8323
7934
265
9979
8511
2996
7903
9068
680
587
4456
6314
2727
2961
308
2025
2140
5719
610
7574
369
7454
3444
6828
9438
2260
4795
3848
1589
2754
8195
9432
6424
3062
3998
8025
4888
5275
9187
4623
7418
1861
7816
6676
4030
9670
4624
3681
1477
2832
1786
500
6502
193
3273
9688
718
3789
1136
4701
7171
4574
1242
6397
7238
6114
6928
8193
2080
6551
8684
1817
9896
6577
785
7478
8913
4943
3632
2051
5679
5385
666
4166
5875
9217
2941
2951
8808
1144
8739
2692
8876
5999
5693
6197
5981
4018
3131
8652
2780
3986
5198
9232
5942
4725
2349
8565
8390
1983
373
8262
2797
5966
2256
4282
5051
6836
3449
6811
1072
4686
3489
9540
5332
6336
8365
157
4680
1415
7071
1176
6756
2703
6824
8958
9258
3668
5092
8220
5517
8567
1533
5287
5157
5823
3703
1896
2007
6947
4859
8049
9300
3160
4115
1933
5946
2840
4933
7779
475
5944
2019
2120
2533
5892
1186
8538
8788
3723
8955
9870
1530
1
2131
7699
5436
8248
8643
6929
8550
5494
3830
1286
8562
4984
1717
1814
7804
4560
3216
3797
9086
6199
7851
6059
7445
8612
6684
8462
7886
6961
8033
2211
273
3065
6584
1080
8419
4026
7288
6063
7177
9759
1860
4157
156
6166
3415
3107
97
2141
9114
8202
5872
6985
7215
5806
2949
2335
496
4607
159
7808
4128
7360
3683
5492
2623
5166
3225
137
7296
5188
6030
3935
41
4461
1143
8555
4025
1484
2591
3276
3068
4257
7091
9296
5102
7720
1408
3932
9693
522
2064
2909
87
3656
2407
2805
6094
3874
9202
6987
9410
1696
2083
9930
4120
8760
3256
2258
7538
4685
3067
5415
1234
5515
7505
6072
3434
2221
4647
9793
1873
4754
6887
8704
1323
7324
9855
8919
4380
8026
394
1177
3117
7026
2691
4569
9157
8420
4985
6038
4987
5013
40
4275
6591
2790
91
4352
8792
9792
4289
2661
8943
3370
952
7229
8654
6910
3019
3308
8690
6980
3448
212
7116
8946
463
7233
6437
8145
4567
9846
8468
7690
5668
5130
5787
8875
6111
2133
7241
5666
132
807
7939
2820
153
1830
6476
133
3589
8581
3164
6277
6638
5572
853
4602
4832
4009
692
4535
12
9066
1724
5424
9134
7994
7474
6751
704
9452
6826
7833
2142
2671
6010
8918
2929
9507
2117
7752
916
1277
1103
3302
9039
5985
6647
4131
4744
8190
5125
4601
2657
8185
7420
7309
6698
806
7084
4886
3662
1068
3529
5817
7355
2084
9974
566
2498
9725
4614
1693
5083
9297
9892
4172
2419
9361
2424
1667
2194
461
8337
2934
3411
5106
435
3047
4032
3155
2248
5036
9199
5824
327
5257
1021
6174
9922
8137
2063
1374
2602
3088
1341
4337
6606
144
2446
9739
3069
7095
2360
6409
909
535
6318
5748
9216
9913
3356
1442
3814
9285
929
3585
6648
995
466
2680
8458
1116
8482
3707
4957
2056
437
1594
7552
1979
4184
2361
1563
6644
772
2979
1086
7468
9193
8320
296
4344
3634
7141
6413
9284
2227
1118
3832
4776
668
2136
1042
8750
3860
1741
8656
65
8845
2938
1946
1998
4130
6264
2596
9769
2011
1842
4439
6385
4240
6273
7077
3287
76
6604
9140
5137
200
4871
5108
1620
882
4323
5867
2157
4004
485
1577
2278
7416
3966
6267
7905
2848
9517
7160
8116
4860
9973
1187
49
8409
5993
6706
3831
7451
1548
621
1364
5168
3381
2972
3128
9560
4608
9267
8466
7641
2985
5768
7044
8131
8218
5870
1413
5741
1582
3020
2742
4935
3637
4375
2787
4741
5076
4727
5465
9441
7793
1119
2626
8733
9860
733
9278
448
5148
9935
6888
7963
633
176
1875
2868
3674
875
6177
1746
4005
4816
1633
4449
1851
4358
2427
4891
8100
6874
113
2197
8070
8637
9195
4462
96
6455
8611
9382
9879
1184
8742
1876
7783
2330
6668
8284
8154
90
1980
8951
1202
9427
7759
6869
5530
4366
4801
1839
1004
5120
2676
8797
7024
6323
7424
5780
5259
4770
5142
8949
4505
4522
3792
4393
8052
1898
552
7889
7129
6757
2564
6470
4236
107
1567
4784
9012
2969
5583
3473
6520
9640
2912
6792
6033
9530
5819
9026
804
5887
8089
5611
2149
3188
220
2852
5229
6747
9002
1230
6702
3747
958
351
1344
6737
7697
5038
7830
4191
4548
4021
7611
33
8312
9389
4956
9977
9457
5276
4186
6339
2549
9940
4786
8576
4242
4175
4810
1265
9642
6732
7579
7801
9196
8465
78
3008
1718
4050
3058
2695
8151
8050
6973
7652
910
5960
3908
1157
1684
4357
5505
6078
8422
1712
9964
428
2371
2003
2010
3159
6043
3219
5379
1846
8874
931
4356
4434
590
7257
8086
8895
9053
6956
5080
5117
2760
8310
1651
6861
371
3205
4006
1059
2060
1858
8286
3652
9395
5750
7438
350
5969
6250
2210
2883
5273
3798
2350
2026
7956
6489
2391
3528
4667
9493
2288
4218
9848
6155
4757
9606
3620
4328
7510
3752
5694
5239
6311
7758
8460
3952
2039
8201
464
3196
7335
5326
7121
1665
5673
5548
4046
6228
871
3945
880
7302
1504
8617
2472
1065
2273
7167
2459
422
7693
7885
7794
5255
4268
1399
2659
6930
1336
326
999
866
3474
1636
5856
7409
360
5614
8861
4037
285
7717
5256
8509
8980
6013
6936
7113
6682
1195
7664
3670
9720
1357
3757
9287
8041
1435
8411
4884
4162
4897
5701
8170
2579
228
6976
2663
1912
7348
5565
4204
3071
1290
2592
2610
9090
1603
975
3581
1835
3077
7354
6233
8300
7531
1291
5232
7000
6658
5294
905
1554
365
2984
845
6245
7646
5335
6703
6821
9902
8485
5484
8834
1934
9951
627
8203
3097
2466
5417
959
3850
7817
4611
7415
5376
7850
2421
3647
6103
3601
122
3881
190
3788
1159
2963
8197
2315
250
3181
1099
6283
8994
6661
1832
9032
6463
3914
8531
8233
3746
7797
6715
4944
9966
2306
329
3015
7473
721
4711
7507
3101
7722
9649
1974
5602
9468
656
6446
6517
1055
1729
2601
6317
7027
342
3695
4739
3492
1848
9183
5922
493
4179
5498
9685
2215
8938
6271
9110
8893
4782
3003
6436
7622
8412
6775
4412
6364
3086
6960
6022
6915
8246
8189
3944
9947
1708
6300
6892
1028
1273
2450
9886
564
2004
1899
4276
2325
1568
3991
3882
1473
8667
6350
8853
6846
5358
8591
9186
4173
4834
6079
449
7853
4790
4048
5798
9555
7882
2588
7106
943
7983
8253
933
9984
1947
3211
8864
4047
9668
9274
8604
968
7987
3393
9884
3928
6611
8900
6357
3948
4526
7286
8716
7749
6428
8879
4142
8031
3052
2054
4512
3810
6655
2605
3000
7357
5447
4838
5833
3330
5184
4360
6932
494
2611
8901
5261
332
9690
1029
3009
1897
8601
3530
178
2761
8823
2008
4982
5115
169
6039
6333
777
7067
7612
5569
717
8722
2887
9440
6986
1416
3583
5828
4259
1412
8032
3513
1193
3320
140
7393
8891
8272
2977
2860
9669
9496
1630
6156
4509
8991
6270
1438
7657
8573
9286
6630
6977
2314
7795
495
6842
4708
5850
3767
2218
8308
6313
8325
3555
5624
330
9028
8340
5397
4676
6567
7313
1172
3904
900
1911
6603
5320
1431
1368
5235
7492
5988
5508
8142
4187
642
8755
6321
648
4565
982
6530
8860
9293
1030
1262
7260
324
2366
9865
2309
9887
9808
7179
2945
3192
7714
8858
8593
2282
1371
7334
21
4164
2679
9321
1153
5797
4060
788
7322
7898
4315
1502
5207
7623
1169
4906
5971
5396
645
833
7986
9552
9309
4532
1732
1672
6701
5291
8214
6444
1139
1299
8378
6925
4228
6487
6795
6873
2735
6047
5700
5391
5388
8380
6249
3374
6804
3783
3602
1339
7203
354
4049
2686
7156
4659
5722
9151
6396
2340
5152
7635
6522
9765
3486
8794
9545
3818
9797
234
2843
6477
6683
17
3909
2737
9591
1305
5730
5030
2387
4193
3760
4124
6376
3421
4110
5831
8196
9239
8438
7063
2494
8534
6308
2708
8663
2471
215
9446
3961
9812
3125
3249
7777
6081
9506
7049
8564
3973
6624
7192
9351
9220
9539
5742
5838
310
9803
3288
8136
8767
3878
2931
7012
1170
9770
6285
7750
29
3151
2027
6276
1774
142
1046
256
9738
1395
7220
2384
6807
6082
6767
8851
1410
1239
9888
3204
227
3441
3727
1514
7124
2993
6560
4235
1499
2180
4504
3697
638
8613
3156
2378
6840
2336
3091
793
6076
8524
7338
1073
8515
61
3685
58
9747
5676
9680
1264
877
1496
4706
1386
444
8590
4469
7950
4571
7201
4778
9757
1763
3953
1997
2782
1925
5524
3744
7152
7525
4670
3894
8039
8291
1096
3571
2664
1476
2981
6898
1531
2847
2022
9542
5835
1597
4515
3255
1377
2684
6996
8903
1188
8022
3886
5539
8619
6232
5599
6342
7647
2317
579
172
3924
6129
6181
7792
9470
6179
9058
1483
5412
6510
3459
5031
506
4423
6355
8452
3391
7522
782
126
4524
1819
2997
1535
4245
4084
488
5894
5783
8173
4745
2139
7995
2607
4662
3801
8069
6401
2960
3114
5732
4769
6223
6540
1569
4377
4841
6274
7461
8229
8769
3060
3118
3290
3092
1905
5254
6897
1871
2475
4022
4882
5795
4056
4785
6075
5915
2944
6351
4802
26
5491
8221
75
2199
823
7486
2890
3812
4649
977
8200
3943
7310
766
7293
672
8804
1641
2701
4529
84
4286
2638
1959
3242
2612
1360
2091
1965
4603
2203
6296
8579
1926
1924
1553
2296
9643
9856
8791
3525
2172
1062
8630
790
8674
377
8833
6738
574
6412
3297
5814
1047
7009
7224
2628
8577
9819
6453
6926
7267
4559
5401
4874
1727
3443
3535
7169
7444
2508
5743
204
3266
9315
467
416
3883
1649
8547
1233
694
8075
2512
7105
4324
2170
3309
8616
1938
2531
5236
6990
955
9367
4848
7710
9716
3759
6108
9215
412
605
9580
9482
6440
9357
2238
9578
1883
747
7940
3007
1828
8481
5110
6862
5263
5331
6036
4132
1872
1748
4178
2830
7304
1232
5280
2927
3082
7563
2879
9701
8752
9915
2403
5636
7918
8908
4587
4350
3310
8071
2359
1259
5360
9091
3630
4847
3594
7734
9626
7002
7165
6192
9019
9893
1602
7110
620
325
2994
923
1994
1353
4391
7514
6814
7512
2231
3445
634
8155
8502
9342
7550
5160
1224
3163
3693
7823
7756
3371
3950
9729
5774
7876
1240
8443
6863
9806
8274
1662
2144
6542
9958
4887
8608
7746
9250
3734
6170
9943
832
9022
5435
8382
3472
8775
5075
1759
585
2827
4430
2710
5689
2152
1326
6202
3168
2390
5909
727
6558
118
5382
3504
3813
8135
8843
6458
5018
774
7870
2470
8626
9854
9146
1571
8820
7100
299
3955
1599
2584
7659
8358
9965
7920
9142
4759
7964
7491
7429
4447
8209
2738
7933
2021
8367
6633
4483
1788
260
6773
4771
8569
3469
1156
5119
2307
7119
4229
9126
57
2044
3121
2059
734
2777
1472
2829
7097
1140
2807
6360
111
3365
4764
7045
3868
6907
4097
6306
5520
4411
6690
1365
6979
1487
3615
5735
716
4549
9873
7450
6993
8048
6028
8956
3241
2285
355
6205
8747
6904
7840
5531
7388
9939
3640
1642
5164
7259
9502
4370
2518
3332
3819
5425
9996
3024
3484
7251
829
4815
2747
8974
9524
1921
6361
2437
8718
9428
456
8999
7649
1495
787
6829
8144
8713
8381
2147
9159
9106
6903
6326
7060
9365
5439
5893
3593
9847
4510
8302
2347
9245
2259
6122
3054
3
292
862
3090
3755
6643
663
8326
7606
5380
3597
6555
9048
7728
9451
4424
8969
3262
3406
2031
711
1833
3417
6948
4521
7487
6672
8883
6135
9625
7519
2108
4740
6328
988
6833
2413
6045
7865
3055
400
7856
328
5217
145
6230
146
6200
4285
9942
4916
6912
3103
6694
1350
4467
7921
9160
6625
6562
563
8318
6514
9828
1491
8427
2825
2704
1114
5481
4977
6320
1673
4119
9246
2115
4813
3126
2184
7723
8787
8988
5873
8004
9682
6015
5857
7470
5767
103
9957
7102
5778
7406
2858
5248
1791
278
6356
2947
1613
1454
3318
2222
8020
23
5811
8749
9212
6295
842
7058
2917
1294
208
5128
6244
4733
3638
5919
1466
562
1137
8539
9289
9282
6427
1414
9144
1951
5032
4332
567
892
2899
6473
128
4566
472
6664
6137
9399
7189
4039
3450
6281
9257
7389
4444
7910
6322
513
5855
51
5136
2520
8548
4981
4267
7057
7784
8537
8301
3182
5889
2057
3366
5317
6235
359
2209
5628
5455
2823
1645
6312
5790
4426
5733
2880
320
8010
5299
2266
690
3468
7973
6787
9761
5576
3800
7426
920
9127
7170
9821
5426
8648
5726
9635
3509
2452
5681
5145
8307
698
4679
6685
7667
8561
4902
8396
3260
6474
1913
4550
4995
2803
894
3048
7904
9851
4425
7325
7193
4395
4780
391
3791
4243
3770
4619
5874
1429
4992
532
1772
194
8179
4811
3717
5782
9391
4923
1361
7711
6430
2906
528
3977
7915
5085
4625
8789
415
5430
2811
6207
4264
6944
30
2464
3239
1909
1894
1762
7345
4519
2486
9083
9171
3404
4900
1152
8204
7965
9575
1639
3680
6995
2255
18
4454
888
2644
4180
4863
8968
3343
6891
7724
5760
3724
9653
9005
9393
4151
594
1580
7262
8776
3215
865
7878
5230
4556
7040
6007
4737
6086
7182
2365
2800
5926
2642
1626
1051
2804
2834
4280
4090
3741
7278
1171
6931
6594
1892
6768
6037
2690
9240
8425
6546
9065
9155
3319
4978
9141
1824
3226
259
2897
6816
2715
837
8721
9310
9081
8854
8517
7990
5215
3919
440
3690
8757
4929
8563
4617
2538
7464
8182
3567
42
2013
5485
8594
1617
5757
4063
5190
9519
9175
1263
6172
3482
100
849
3401
5262
1236
2291
5637
9500
4928
6031
3400
1524
2121
3561
6886
904
5634
9895
1306
7837
6657
646
8935
3545
7483
4637
6258
2305
7137
2077
9062
4313
799
4947
8691
4320
4442
7287
2341
6414
3301
8118
1048
3023
9760
8665
5543
2442
9418
8819
6421
9082
7484
6407
6171
3699
6794
5403
1591
9976
368
3565
8023
8809
5077
4303
4543
3995
3947
9590
1111
6785
5306
981
5420
104
8844
3910
1482
2246
8641
7196
5243
1255
8649
4809
6763
8454
3580
3127
4646
2410
3521
7441
6416
457
5163
2462
2986
4354
1500
8444
9572
1790
3316
6605
1614
8677
4506
6005
4836
7358
1330
4223
1372
3214
7161
5886
8781
3094
6924
1975
1054
2319
687
1590
9788
6495
9292
5153
5692
4062
7265
8494
5389
6107
8264
3569
9479
5116
1221
3976
1534
5060
8212
424
9403
2082
1676
5323
4325
2275
241
1269
2190
2028
2408
961
3395
1868
6822
9419
2017
3495
3041
6959
5414
3768
5538
8472
7307
3661
7911
5863
2455
6417
5771
3902
9211
6408
5899
8770
300
3136
9706
4436
9962
8138
5322
5606
4743
8011
4651
5082
7968
363
7813
7594
6251
2521
5170
1332
1335
5943
5812
9597
4464
5313
6743
9813
484
5212
7713
6733
9781
689
9371
3897
8805
115
7509
8164
419
2069
9473
520
1744
3430
3080
1966
1150
2853
1443
3342
4435
238
949
1474
529
6607
8379
2484
7380
6051
1525
9444
589
2447
5338
436
714
1958
218
2067
1453
1309
3972
7080
5434
7928
322
8256
4306
2881
9014
6501
8784
6411
7880
5571
3751
155
8568
5527
4468
4573
8852
6895
4065
919
7810
384
5978
3736
88
1707
7412
309
2444
6559
902
6652
1558
6278
8014
7663
5458
5558
6997
2922
3506
9928
2237
6654
6494
316
7339
1904
1241
1588
8952
3526
4702
2771
6445
2501
7199
9833
2765
9469
4221
2932
9675
2608
8512
6157
9277
8081
6056
4852
9912
2118
659
323
372
2555
4198
5734
8385
5297
8714
1117
2375
6581
5996
1432
7855
5989
2182
8774
6725
1853
3268
6669
8377
9089
6275
1864
6048
3221
8541
1622
2086
2276
9927
1338
5354
9013
3853
2551
1820
2321
3833
5302
691
5609
5098
4684
9541
7899
1057
7281
2048
2426
2563
9099
4256
4102
878
3037
3199
7227
3184
7247
5623
4338
4688
291
1113
1420
9409
6254
2835
5114
5056
5367
9320
6472
1910
6186
2055
1109
255
2495
5506
6035
674
9439
3675
9756
8364
9040
7620
6121
8633
8094
3508
2769
8803
8104
7907
3076
2503
5826
9534
9771
1205
7739
1375
4648
6532
1485
2000
7573
5477
6844
7670
7351
9108
5483
6496
7985
8119
3325
1075
3026
489
1147
1822
3524
9413
1678
2058
1776
4491
2047
737
8734
2102
2352
3609
6722
6143
7555
2674
758
9397
5352
6526
4724
2178
7371
7180
6868
8911
8605
490
965
843
3556
9619
3461
3027
1527
4297
9822
6921
4054
5351
4539
196
8073
2712
9306
6219
569
4528
2389
915
6359
1334
3254
708
7760
3816
5729
53
5997
6636
387
4496
9042
5405
3471
6116
5649
4143
8549
6994
3293
8153
9967
5247
789
1650
1301
7135
604
5848
2014
7838
2143
7496
4111
7107
6982
2493
6524
1243
5948
8816
3195
8418
7799
8370
5786
1101
5963
4379
9396
7078
3983
3899
3739
3044
8506
6208
2062
410
2953
2316
7489
7901
1164
6516
3386
7323
6138
1917
2617
25
1250
5725
8586
8477
7021
6266
7499
7654
8480
5511
9259
378
7404
6739
7732
1123
8993
9569
6410
6305
4851
2668
4557
