289
455
890
471
679
764
172
406
886
962
582
646
692
837
685
174
712
320
365
188
461
838
810
427
571
410
772
671
292
563
477
437
618
759
936
653
447
499
697
775
651
733
584
630
911
738
496
175
931
459
202
600
93
723
874
216
870
990
707
307
344
944
674
385
180
991
894
546
129
22
539
228
656
596
819
625
560
822
562
238
511
81
726
650
83
245
972
33
751
224
171
639
87
635
503
914
86
264
873
290
796
162
462
718
395
903
927
797
66
98
529
293
217
610
189
69
500
323
954
343
198
30
558
328
287
518
781
586
435
888
791
441
200
136
850
624
478
56
926
115
408
380
976
595
403
842
992
128
144
108
145
240
993
233
312
784
153
226
122
349
844
71
680
97
694
15
445
11
453
589
734
168
739
1
195
602
235
90
641
743
53
881
357
705
469
763
896
121
267
315
207
859
877
156
4
203
706
346
78
905
215
135
951
61
768
45
928
177
304
554
7
276
880
110
141
244
396
376
611
123
493
832
649
806
528
935
104
645
964
855
40
971
402
915
152
285
961
866
999
488
181
513
948
442
973
818
597
466
167
23
827
373
284
882
609
735
13
42
456
788
299
774
816
686
169
194
436
695
28
889
617
860
479
599
70
745
480
49
747
824
494
386
51
213
101
904
923
229
147
185
96
941
994
242
305
27
906
677
360
119
512
995
864
72
535
696
423
614
231
508
282
878
393
802
263
222
606
640
942
59
693
179
622
288
854
291
190
138
16
517
262
421
223
103
574
980
246
691
627
413
182
521
157
126
776
575
985
332
440
451
580
959
918
257
501
573
809
968
581
665
825
221
460
64
823
949
793
786
400
807
731
933
831
310
254
324
556
615
885
139
166
248
75
981
379
519
669
746
916
474
327
585
541
567
187
884
268
409
35
587
767
616
867
987
94
782
803
6
921
470
510
102
44
551
907
750
426
2
613
912
404
339
612
361
446
648
924
752
984
549
67
151
36
32
974
711
482
313
31
779
997
593
817
214
335
41
879
963
843
160
771
540
604
787
699
713
744
247
183
845
258
60
475
89
432
536
5
457
957
250
568
58
239
548
84
902
655
158
858
430
117
899
3
847
783
63
12
356
131
298
863
125
939
897
846
173
95
507
279
815
740
794
375
673
853
79
725
675
828
113
929
497
54
748
80
24
325
698
919
490
970
218
544
367
329
572
658
270
975
590
778
570
25
243
280
947
891
450
925
286
813
591
592
576
388
359
371
952
308
979
463
569
227
439
531
225
502
601
545
520
934
953
977
730
898
566
836
594
398
564
702
852
38
134
253
657
176
191
861
381
965
448
266
154
255
301
137
945
37
856
184
330
547
142
342
839
112
8
193
506
351
48
737
212
10
553
277
654
265
732
887
755
274
930
666
208
683
374
708
849
443
111
527
958
644
9
688
792
337
913
895
741
422
988
295
577
116
348
429
318
533
17
384
420
883
780
366
434
77
412
127
481
273
372
667
483
989
383
542
812
303
197
392
753
814
333
294
773
370
19
777
411
826
133
626
473
605
608
833
998
966
418
334
801
900
869
484
720
271
52
543
88
790
920
331
326
703
476
405
700
876
660
259
960
358
43
643
557
631
522
55
338
495
186
717
251
236
672
983
865
354
20
275
140
621
414
170
114
204
908
785
472
132
525
394
647
956
868
820
178
234
829
302
485
424
709
219
220
505
431
283
146
433
670
633
749
722
821
26
205
808
629
909
363
932
632
159
143
619
637
789
57
598
955
893
368
46
588
805
871
875
642
811
729
851
719
922
756
603
401
464
661
62
364
390
724
39
309
550
721
14
278
300
996
762
943
795
130
382
940
391
969
523
73
862
555
74
659
99
668
314
559
489
623
561
165
155
92
105
18
444
514
552
799
757
387
986
196
109
770
532
369
164
378
565
804
766
537
800
716
638
150
296
978
468
428
830
68
260
269
754
872
399
107
690
149
163
256
350
118
341
311
340
209
352
417
241
362
682
347
504
161
389
515
634
199
82
982
21
835
798
76
120
322
124
684
237
758
297
425
578
892
664
449
530
714
676
458
841
467
50
65
687
192
769
210
534
701
901
678
100
524
607
652
345
336
910
636
840
206
85
492
486
681
407
487
148
491
760
1000
834
230
704
967
583
742
946
727
736
689
29
509
662
938
526
353
710
232
715
857
663
201
355
47
454
628
498
306
281
937
316
416
319
272
950
321
538
106
261
465
620
377
211
249
579
728
452
317
252
917
397
34
761
415
438
516
765
91
848
419
