758
547
607
153
166
845
352
931
14
625
180
399
16
437
671
859
162
35
239
360
691
147
664
274
697
413
582
844
792
672
763
797
212
344
722
514
333
284
131
783
557
973
750
606
202
727
879
662
882
840
388
319
18
509
209
523
933
689
898
4
394
961
714
829
617
976
579
542
945
273
918
106
630
374
935
910
581
734
151
195
263
608
812
400
270
908
919
39
472
588
423
328
22
906
160
740
443
121
279
340
875
475
719
490
429
9
884
737
629
850
731
468
337
997
896
13
886
529
770
245
821
161
670
575
74
730
867
827
715
216
787
107
306
128
985
508
54
709
773
503
795
73
853
975
678
27
808
895
243
969
24
835
174
31
116
990
863
214
663
823
497
983
44
507
900
105
10
732
833
704
123
759
302
553
186
955
477
119
376
474
392
803
393
412
459
565
345
448
959
438
367
982
386
811
930
785
618
643
657
130
798
549
745
574
37
329
869
122
498
873
435
928
742
190
65
992
954
941
55
268
251
752
51
181
1
100
936
810
467
104
852
83
877
291
847
791
330
109
708
543
20
642
634
891
1000
934
589
864
188
23
687
526
133
586
357
860
226
605
801
592
441
948
677
266
47
43
878
269
489
40
146
338
331
310
881
831
666
208
760
912
313
385
163
465
471
248
6
653
566
196
390
851
665
294
213
513
252
782
705
364
94
551
444
33
342
647
753
611
591
956
963
461
980
187
939
440
154
224
223
832
362
944
950
62
838
113
422
905
942
317
217
298
354
841
552
925
781
184
152
772
72
451
89
871
30
816
889
484
800
862
210
766
531
656
804
378
699
700
183
238
141
56
890
287
80
741
504
299
32
464
348
430
445
559
253
276
594
353
144
227
993
817
842
349
17
281
156
535
293
532
432
230
614
405
796
830
837
418
631
528
858
998
88
48
60
198
480
38
790
148
358
762
624
749
324
892
355
389
784
92
265
267
460
849
26
76
159
375
215
723
343
415
185
544
914
167
406
255
861
957
819
568
695
479
767
50
95
366
728
63
949
199
436
522
577
521
825
887
346
573
457
813
541
309
168
519
661
505
69
828
627
424
52
200
201
42
218
339
902
398
325
434
334
669
628
228
597
8
402
711
404
91
326
659
951
172
548
960
994
453
81
500
414
721
903
556
285
96
923
68
124
807
511
426
247
775
673
34
515
332
668
420
120
496
964
809
698
70
12
893
854
177
680
15
204
491
539
512
868
590
702
518
571
103
596
114
411
545
988
5
126
637
754
640
377
262
41
391
736
481
380
576
194
462
843
601
706
143
696
635
989
756
485
312
648
968
743
244
780
272
593
537
211
953
641
292
717
233
815
924
492
127
802
155
140
683
322
623
206
108
361
67
613
836
986
250
478
527
282
425
839
57
768
99
595
463
297
142
619
427
296
516
102
371
336
748
101
755
205
937
927
946
644
771
323
974
150
984
2
694
651
176
769
300
225
885
466
655
761
616
286
318
940
646
327
572
530
621
165
746
125
421
962
870
789
855
499
558
524
724
229
458
171
486
182
977
372
806
383
554
658
776
132
359
87
118
947
112
178
999
686
799
373
794
561
674
351
707
600
77
301
920
681
59
419
433
61
476
488
259
231
765
725
356
21
517
602
321
585
221
98
856
764
234
560
872
716
84
19
397
232
567
494
965
682
818
921
834
751
79
93
384
874
907
555
280
612
569
46
710
909
536
916
774
978
883
971
848
320
580
341
417
219
134
690
289
733
449
972
603
290
135
599
3
979
735
257
562
952
139
197
271
534
570
987
11
428
203
713
904
363
970
820
207
981
403
129
822
676
520
64
53
379
667
652
36
258
191
609
846
395
396
701
192
369
470
347
876
381
278
911
688
283
793
482
546
726
308
75
416
679
447
995
632
777
149
578
540
604
115
899
307
409
502
824
967
483
222
249
277
866
865
454
654
58
894
888
408
387
28
626
235
538
739
917
442
169
288
90
261
111
175
311
179
650
254
857
158
78
587
501
525
246
260
926
469
452
826
564
788
897
439
660
991
45
275
29
82
495
487
236
473
786
86
584
633
685
610
335
533
304
938
703
49
915
71
295
401
314
264
170
237
7
757
649
350
943
638
779
316
563
598
256
315
136
97
901
958
303
370
966
880
240
747
305
493
368
450
922
622
117
85
510
720
138
25
675
645
636
913
446
506
365
778
382
410
718
932
693
684
164
996
189
145
407
550
620
744
738
456
639
137
583
615
157
692
66
173
110
431
220
729
193
712
241
805
814
929
242
455
