3293
4691
5148
4522
1685
1603
1793
1314
8357
6370
3746
66
6171
9532
9841
9120
5332
8295
2092
4988
1081
7909
233
349
2470
5557
2355
6862
9055
7017
1013
6574
8084
5010
5908
6615
7270
4500
5042
9974
4426
7608
4456
5386
2103
3441
8204
5609
1268
6417
916
5008
3035
5869
8976
1221
8634
3606
3553
7525
3022
5184
9919
2097
4080
6575
4895
8092
8811
1298
9257
7689
9363
3909
4501
3810
2973
6327
3958
4392
5055
9157
6457
8480
688
2512
8512
9629
7053
7080
4807
7570
367
5872
3368
7323
7759
875
467
4318
9897
9793
3082
8215
2446
5051
5581
6341
7607
221
8521
9021
1508
7468
3125
7622
1683
8561
3279
6101
2379
4355
4379
9461
1387
2498
8352
3595
4189
2570
4720
4559
5267
8678
2963
315
8858
2697
5002
5324
9667
7769
4133
3951
1428
6742
7206
1295
3212
3740
5962
8668
2365
9254
3908
8874
3938
9388
4258
605
7538
3528
7458
5833
6544
7683
6752
7870
760
4462
5536
8967
9167
2802
2004
4523
4141
3600
8602
8205
5576
9393
451
27
9100
791
8764
2851
3205
9927
9230
8421
2605
5356
6307
561
7421
1777
2929
5688
7644
2560
9136
6934
7059
100
6747
3039
276
569
3241
1688
4103
3576
7252
1657
7397
513
2291
5374
9930
8675
6593
3004
9523
6750
7825
4624
4556
9719
1415
3588
6337
6961
8338
8282
412
1037
5766
2776
854
1294
5316
4256
952
7727
9767
7643
4651
9768
128
2847
1182
7901
1
2081
4388
877
7026
5934
9321
9822
2994
1111
8101
1401
9641
5984
2861
7527
3038
2952
8124
8434
2988
7386
7714
2675
1394
9956
9270
5347
7610
3199
7306
9030
6390
8449
9129
5856
6539
9464
4998
306
3922
1379
7669
7335
3561
1969
8118
8903
1153
5871
5627
476
4653
1880
9161
6200
1442
7352
1512
9540
5098
1447
598
5782
4253
1100
9746
77
6408
3349
1867
7082
2573
7939
6897
8934
2836
6682
6978
1282
1017
889
4549
7789
6944
2134
8810
252
3621
9056
1290
6548
3592
8754
7100
8866
9872
7139
3750
7135
1277
1801
3228
1465
6723
4794
3413
9355
1280
9033
4040
4884
6791
7177
557
1114
3427
5549
5352
1055
2756
1149
1988
3195
5727
942
1813
4524
3484
9112
2105
9751
5162
3288
3131
5969
7927
6269
6315
9713
8917
8461
5837
7704
3144
8049
5955
9038
2813
1572
5752
1432
8121
6340
7824
768
3937
835
7624
2858
1931
5229
2254
4839
973
84
6434
1741
8120
9830
6554
4673
4285
624
8499
8109
7953
8038
321
6520
3702
727
9457
6342
8415
2398
245
9466
3749
7988
5273
5777
9661
893
5654
3727
2488
2454
2857
8609
9521
3471
3502
3247
2811
304
9610
3187
3791
2574
2316
9232
8876
9074
2751
979
198
446
7657
6053
1723
2455
1384
5458
1897
7456
42
1383
6227
530
6948
7620
1166
7690
796
8459
8155
1535
3264
5362
371
6328
4665
7036
1128
6969
8619
7814
3687
8843
4247
2276
2373
6181
2812
4826
5013
8325
7724
7515
1289
5041
3229
8760
6129
5195
1721
5607
1475
9716
4620
9573
7623
4304
1195
8564
8705
5763
5264
831
9216
1822
6430
4441
8426
1340
4397
4122
8698
3575
7941
4278
2477
6067
653
4531
3794
1766
8287
7656
2842
5197
638
8540
234
9792
6659
4973
1847
8322
3332
4650
8831
3011
7218
3696
6155
1794
5243
1735
3547
6126
8100
6141
4431
7902
5817
7710
1455
7296
3225
1147
5977
6817
1743
7505
6883
3074
5381
4020
8658
848
117
2747
880
7366
8757
7340
2869
5343
9191
6395
4949
1978
6157
9670
4336
2724
13
7544
1856
3664
7074
4458
2543
99
6264
7619
8492
33
8391
8017
6838
5647
3214
7032
8441
4588
2160
7109
3930
9058
2456
6102
6748
3680
6071
2019
4644
4603
2197
3309
2815
2778
6228
3015
8792
4477
4092
8983
2183
9400
6268
8195
3581
2216
8498
8799
4994
6355
254
3948
3827
5895
7258
9883
7493
4018
7460
9351
8085
3211
132
2464
5586
8907
4010
6762
6823
1942
5624
1060
3005
639
6853
1552
3688
2053
2319
9092
8877
8797
8406
4219
6308
8599
5753
4672
182
2582
1284
7003
3231
4581
7983
6583
8354
9378
3953
9155
3433
5975
9027
2136
1840
1674
280
8936
9776
8467
379
3900
3549
6093
2416
2240
9264
3137
805
1746
4902
9116
5177
8765
3737
7520
4536
6767
3516
1246
1536
7395
8977
9976
2035
3509
9576
3017
5976
2246
1908
3783
9915
3106
3690
3950
2958
3275
5683
9361
2637
164
1815
7280
6454
3256
712
509
9978
5485
886
6693
466
7879
5600
7151
8180
4228
4702
4422
6451
9293
1396
6489
2474
1615
4667
1187
8353
3605
9353
3931
8346
8395
8075
3807
9847
903
5135
4882
1700
4527
6689
8072
8163
8218
9747
672
580
1098
8906
5219
8367
6472
7079
659
4293
3260
7485
6726
7347
6859
5153
2709
7865
7369
1854
8272
2181
2333
9401
1108
4996
9570
1507
8644
5511
7384
4732
5080
204
7873
1643
8247
2469
1270
6154
3235
54
8821
7199
2961
4917
2871
7487
2759
9096
5115
4739
5305
9006
5232
7089
4416
6569
7815
7286
1476
9765
7806
3000
4139
8639
4859
5007
4976
8023
828
5525
9020
443
7186
2395
9418
7508
5489
5983
1087
7134
7210
851
8848
6508
4320
7152
6266
6674
5855
4114
8591
6440
8468
8451
1640
5903
1558
3488
7720
3036
7263
4059
8123
8471
2767
1259
6727
8786
5993
8133
8401
3957
6580
5729
953
858
3384
4451
6019
6531
8233
6707
1573
4116
1747
3361
4183
4369
8729
9851
1008
3064
6325
3679
6877
2913
1089
1650
6485
7316
9999
8275
8888
6399
5393
5397
6606
3424
4023
845
767
6326
6091
5275
5626
3867
1413
9235
9769
2739
7694
4767
3979
6879
5684
4415
2639
4362
8094
7392
1841
5961
7605
3814
5317
7653
9965
4035
6874
9272
8726
5048
7730
4605
9995
1605
4958
6611
9284
614
2683
1612
7051
1711
3324
1913
3280
3113
3031
4294
9260
3914
2289
596
9701
5644
6523
5052
6506
3400
8475
46
3317
3731
1311
3387
1584
3034
6382
1962
9884
5096
7119
3711
1932
7274
7195
5404
928
9786
3503
609
9298
1164
246
5861
5711
7173
3431
3818
3945
5444
3732
3032
5935
3295
4505
5596
8913
555
7180
8931
7056
7680
6134
8020
4788
594
1982
9750
5309
7371
7357
7402
5901
32
7104
2157
8213
4438
4407
5221
4036
2918
9239
5157
9921
7892
1105
8902
6641
6411
7061
5990
9025
8394
2912
6778
4000
9305
3668
455
326
160
6016
1202
5425
2635
597
8137
9527
3555
4538
2184
1787
249
1836
2838
2228
857
9642
3128
710
9022
213
7120
4512
7048
377
2323
3073
3913
3631
8534
181
4087
5884
4096
1292
4648
2320
9636
574
4389
4679
3683
3797
2153
2631
2975
6979
7243
6298
1704
6263
6724
4271
2411
5539
4230
9714
8212
2223
3572
1608
4126
6608
477
6225
2195
3861
3119
7239
363
8665
7937
6648
6987
4021
9677
3862
8031
516
5638
3800
8801
1693
4621
4029
9454
6657
6528
7240
8331
1921
3522
9783
9202
645
1033
4734
7466
7801
1531
1296
7556
9879
9486
8284
3146
6802
5652
2481
3059
2113
560
814
4947
8638
1093
9687
3636
9346
3271
7116
7904
3123
67
8890
5488
9306
2669
3397
1843
8060
7157
6163
2261
8549
635
2924
7593
4723
9207
7477
8288
965
6932
8724
2533
945
3477
1593
420
1020
6773
3924
9071
3401
7455
3494
7287
8339
7958
445
5650
6438
731
3897
1925
9140
6278
5678
3440
8265
2944
2887
3644
9806
8330
3976
3846
4224
4291
5854
1007
3990
5320
1800
6052
152
421
4711
584
9171
7845
9917
1559
9153
705
7414
8661
1520
6931
724
7098
1196
4894
9583
135
9656
4341
4706
4654
144
7611
3354
8514
4231
2746
5516
5294
651
6047
8285
9954
2897
8632
374
4731
4209
3493
4694
6092
2651
6383
4207
5745
2017
5929
1421
3700
3624
8577
6564
4507
2343
1868
2108
8436
9694
9658
9997
4816
4497
6255
1998
6626
6055
8489
2566
4084
1385
5904
3079
9850
1689
1912
6415
3590
4844
2518
4060
7557
2873
3013
1997
3343
2532
3654
9908
4547
8963
7409
5765
8002
3860
8738
6545
554
7752
8965
1842
6412
8839
3940
6180
7560
6445
7592
5643
5634
4582
9277
4365
5337
3184
1310
3650
2241
1568
6069
376
5598
8473
6303
2960
8932
5831
5188
9873
1205
8919
214
2406
6119
4315
3569
1587
9643
5868
3030
2039
882
8208
5330
1783
8368
1581
4220
8992
9379
3848
6149
9598
303
359
2432
6573
7212
3880
1887
1834
3232
7248
5673
5986
6543
9613
2742
2773
885
1457
8667
3879
7090
706
3176
3473
4024
2111
3468
7512
7662
5941
5734
3150
8545
3678
1347
7921
1011
8814
8140
2345
17
9309
4289
6109
4950
8011
7993
8029
8800
642
9907
9507
3539
6619
7600
8440
9695
9048
2221
8947
4013
4647
8260
2266
7674
8752
2123
5156
1762
7019
9700
2214
4054
8928
9423
2250
6484
9289
293
2361
3040
7642
4558
6130
2934
408
6377
4170
9871
3989
2731
7220
3992
9574
1562
3704
2260
7075
9718
1352
7735
5559
4919
4602
5878
4688
6106
3153
2938
6570
6958
394
8225
4264
5050
6863
2718
3944
441
8878
1641
6105
4885
6949
3866
9811
4056
373
2682
1759
440
5680
259
792
1791
2720
7420
2997
9283
787
1046
6365
5811
3109
4499
4945
6695
7374
2850
4361
114
9888
7536
485
4565
4821
3378
6741
3191
8024
8034
3682
3959
1261
7908
7416
637
4246
1716
6142
4517
8145
1039
5838
9708
1319
1199
8504
8157
8234
699
3813
2301
2318
6820
1436
3673
8444
9139
8597
5960
458
2433
549
4781
7439
3536
8594
1330
3126
6649
3612
4858
4124
7826
5622
4436
765
9453
2431
6079
6985
2823
9052
5465
8313
7103
4048
2267
4656
6913
2308
567
524
4129
8881
6339
3416
7198
3415
5997
4206
2556
4474
8941
9065
6552
3833
4887
1409
3799
5341
533
1518
7539
2353
762
5063
5274
7093
505
8804
9079
5810
5873
6547
1003
542
1071
1362
1138
1458
1971
6734
5518
3681
1656
6304
6466
167
6233
717
5090
9630
4912
6442
8323
8709
9868
6740
9894
2085
5764
1785
5686
8694
7954
7612
4506
5834
4747
7046
2141
961
5503
1662
4596
4860
9608
2969
8673
5234
5529
7436
6250
5547
716
2768
8147
5793
4008
5321
2288
7040
5350
9357
3630
5966
161
8806
7428
5497
1703
6745
3771
9149
1480
5291
2860
5945
4032
390
8773
6839
720
9754
4735
3088
5451
3362
6910
3920
7596
2122
7847
6494
9489
5874
6699
6907
9953
8484
7478
7685
8488
1132
4306
6597
1048
8991
3816
6074
1057
1709
5779
6437
1036
2155
9755
3759
5047
6391
3787
2252
8315
4185
1208
285
9383
3002
6568
8788
6609
9645
9173
3458
3476
5784
1124
3560
2482
5126
7058
68
9835
361
8756
2612
6369
407
6964
5774
9791
5948
5079
8491
5186
1045
1198
4812
2396
6805
5463
3849
1096
202
4223
8154
3929
3485
1386
3742
7398
4398
1826
1820
4758
736
7547
6150
6871
2357
7167
7778
1958
7382
9343
316
1911
5551
4799
1855
681
5611
1350
1104
872
6009
8428
5885
7012
842
9511
2726
1516
2754
6378
496
8271
5805
2328
1761
2133
4980
8652
156
2617
713
6560
7541
963
11
9910
96
7136
9905
357
9770
7761
2167
1758
4193
8677
5959
7962
332
5947
621
7723
4261
2561
2725
944
4051
7851
7159
9447
6185
9083
804
9991
1438
2830
6706
2914
423
6054
5957
2630
4384
6312
1471
8627
4719
7010
4836
3327
6921
2935
2567
8179
749
2646
4881
6279
305
8290
766
1898
6236
4203
3982
6916
9620
8185
9519
2083
8836
2364
5217
4658
8910
9585
335
9584
6795
2413
502
8462
7449
7666
5953
2069
9369
4173
6518
8307
2392
2594
5944
8774
1786
3172
9439
8182
507
6868
9086
9498
8859
9660
9208
52
9543
6761
8184
1501
7001
3177
1846
2104
7975
9288
6249
4302
4042
1430
1699
6195
3438
9782
7799
616
2883
9201
113
9070
8454
3250
8256
5112
4940
1248
4668
8240
2761
7259
8501
5035
1309
6739
8566
7076
2691
2190
1595
4529
3865
9663
9473
5454
9753
1000
1053
4254
5783
1806
6973
6131
4019
2233
4245
3695
6164
7305
3670
2148
9728
697
3564
5862
891
268
6691
8772
8604
2622
6709
5314
3171
8442
2576
6348
7336
4280
8014
8216
7165
821
6790
8683
4156
4385
5176
7473
9320
9950
955
1135
9292
1623
2601
5174
1079
1732
5898
5257
1082
1860
2028
1517
4954
3194
9962
6272
9484
8691
7399
9172
7725
7679
5822
9099
4804
1052
6098
3419
3786
6317
3308
1235
7018
9649
2713
8450
1681
1358
5091
9186
2472
9243
1373
629
226
3745
4312
1736
4553
2350
4483
6938
7294
6749
529
9723
3585
8824
989
4417
8096
1161
3103
5542
7381
4257
8950
8853
457
7551
4798
6198
8908
9980
7597
3961
8280
9623
2581
1502
714
1740
2356
9842
661
1579
9725
1621
5690
9367
975
7631
7707
3736
5346
4705
6925
1850
9263
7129
7951
808
9122
2262
295
6579
4760
6541
6147
7995
8524
5134
4508
5447
1329
2117
764
9485
2634
1344
5718
8066
6808
8911
5122
3045
436
6076
5563
4837
811
9651
2150
3780
5043
8533
3156
2013
2993
8327
3472
8770
1346
7300
4112
418
1004
8093
5182
3912
6730
7935
6051
5751
3641
6715
1901
7872
4571
5931
2437
4830
9340
9241
5310
9886
8317
2657
9154
9957
497
9068
2708
9900
6725
1582
5905
982
6732
2804
5005
7442
2738
8777
1061
5533
4669
3998
4270
5946
2538
3991
4779
7715
992
5930
2915
3301
832
1946
6988
5755
3965
1125
351
298
3313
2457
6538
4297
7024
4386
6018
185
3665
297
4534
3782
9142
1115
7860
9551
9375
9339
527
2124
9189
2864
2008
9539
9328
4745
3905
8286
7580
4435
3906
9745
9408
6002
2792
5059
6658
8064
1555
1254
1991
8340
8702
1625
4810
3445
1638
2459
7667
2309
4014
7160
9837
5280
8425
7595
8314
5394
5128
7663
1999
825
5614
5024
452
4763
897
4806
3196
9816
2393
6199
5653
5595
994
5668
287
5724
146
2608
1360
2407
4676
4643
5420
5403
9712
8633
4733
2210
3837
5029
949
2047
8762
7675
5377
8852
1619
2206
5149
8076
3967
5824
2298
5502
8350
6623
47
2116
1404
3674
1922
7960
7681
1950
6870
9229
4240
9479
131
3291
2553
4489
6711
427
6081
1316
5881
9796
9557
2649
506
4460
9648
2895
1459
1445
6282
5866
3947
1974
8785
1616
4986
2162
5574
8918
4655
2362
9204
4281
3453
8478
1606
4091
1788
1464
1327
1015
9200
6967
9093
483
7021
2375
7230
879
7249
2258
4283
4915
5142
6855
2619
5970
951
118
3926
5829
6349
7970
3602
3716
5260
5858
3115
8411
8603
5442
3792
6351
9395
3903
591
1381
3917
5340
1287
1952
8384
2189
391
7221
2577
995
7895
2128
693
9301
8796
5501
9621
3524
7540
2508
7172
7236
486
2699
9210
5358
4690
6831
1499
2060
4703
2834
8364
211
1356
1236
5364
3201
4174
9869
6792
336
4282
3793
7365
752
9281
685
4142
6835
7729
7952
3222
3077
2371
9337
5708
7462
8267
7367
1904
5108
4906
1659
981
7510
5277
324
654
1265
4007
8203
6218
2568
6542
73
9108
7688
4445
5366
9666
4757
1216
3859
2763
1241
5870
8088
460
5665
5494
7275
459
8069
4243
4475
1673
1591
2300
3270
7695
3527
6814
6410
3809
5848
3312
2999
2826
8686
7581
6122
8253
7440
9742
9936
8197
1240
2892
7782
2036
9358
2536
1695
311
3756
7196
9332
6929
3824
5246
4963
8993
3136
115
6618
8456
4843
7453
541
8242
9253
125
5699
5757
5061
9710
2995
1242
3325
9515
6586
6733
4929
3531
278
2025
4937
4592
9018
9319
4551
1776
392
9986
3041
9998
2144
6536
4659
7148
3587
4135
8891
8582
757
6379
9898
5326
2271
260
8581
9707
4043
7107
7034
1680
4354
4090
2334
4822
3183
7060
906
5937
4140
1493
4107
6331
7650
8356
8851
6273
3298
2095
9300
6607
8045
5754
9988
5508
2529
1191
8613
2784
6338
6316
1181
7293
48
8664
3966
8968
4869
3360
6644
850
4117
726
8027
4009
5832
5527
558
1540
9
7353
3342
573
1810
8119
410
5802
1378
6254
9226
8944
608
98
1515
4717
1365
8933
8837
6764
1707
6872
5877
4066
1653
2071
3754
5466
2000
7085
7898
5209
4591
9398
8791
2015
9971
9308
4244
7981
2640
5027
3684
3262
5118
3414
6956
8971
9771
3160
3492
2049
6136
9118
9596
7471
915
9564
4381
4202
7627
4085
4955
5171
3213
3798
585
3246
2070
1534
9438
8536
7841
3152
129
8769
57
375
6032
8097
1139
5591
7450
2302
4279
1866
8850
7322
3236
384
8713
784
5713
81
1757
4227
4848
6306
737
5620
5623
1594
9296
6561
4482
6647
9203
8087
1453
1392
3720
1239
7174
3044
9290
1624
7829
3303
6666
8210
9882
4078
1564
4971
6864
9810
3779
9307
7883
7803
7264
8923
7758
7813
4496
2900
5062
155
9901
6965
1433
1230
8008
8887
7506
9384
4025
5211
8015
5170
2293
2290
9592
1973
3096
3182
2331
732
7360
8495
1792
2625
606
271
3075
9014
3963
8557
866
5436
7380
5213
2722
9913
415
137
8224
9849
1574
5740
1224
6880
7476
2332
7253
1748
7279
2827
5078
4748
4742
1521
424
1858
4689
9790
862
4566
756
5293
1879
8158
8570
7184
5406
5887
1679
5513
9010
4774
3365
6755
7475
5791
8812
3574
971
1043
9481
140
3658
904
8098
296
5095
9233
1441
2132
3406
9080
120
6309
1299
5985
4211
9924
6066
677
9552
9805
5011
7225
6995
4932
3960
130
7070
8159
9690
517
9329
8382
4583
6398
8089
8506
8842
2127
7299
6059
3395
9920
261
5844
1698
2554
481
8794
8909
2487
2147
5413
5423
2055
409
7170
1872
442
7370
1478
7934
3497
425
5476
2026
2202
6940
4528
619
7779
3567
9492
6082
7123
9896
9165
6241
2707
3245
523
2786
7091
3080
3369
8007
8279
4610
910
7284
9505
9158
3083
7429
9125
8750
6123
8699
615
2616
8172
3881
6242
398
1247
7014
5592
996
2139
5900
1255
53
5166
8079
6461
2294
6248
9878
5749
6152
6620
4997
5073
7181
4560
3834
2461
2475
7528
7572
1733
2589
266
1936
2268
5075
7768
522
6976
9234
9582
9602
8742
3142
1745
8209
8042
3162
3179
1410
5185
9410
8091
3355
2163
494
6425
8763
116
9217
8558
6017
8362
3543
993
4944
6362
2212
3610
3529
4120
1983
9420
6043
8882
709
7338
6887
789
3481
3616
480
8447
4768
8693
3487
7341
5558
9497
8565
1194
4083
341
5088
1544
3443
5514
8601
3218
9752
5484
2227
4298
241
9448
2438
4852
4793
190
3318
1088
8994
6353
342
2904
9198
2439
6788
1861
9496
5661
1406
3274
2014
4628
1857
9717
6046
4604
686
362
881
9412
2517
7444
7359
2460
9903
9843
2476
9975
632
6833
8585
643
2118
7760
7574
3193
803
7772
6850
6779
9794
2902
108
9982
577
6513
753
3890
9590
5130
6824
2091
3622
9265
4473
8393
333
173
6957
9683
622
1188
4540
9808
109
2265
1479
9513
5505
6886
2948
8232
4177
2571
1399
1550
5825
3733
7751
9012
3145
3513
6020
6261
6265
1049
2427
3968
3029
8525
7903
2478
2890
463
2937
5880
4005
1027
6409
1976
7708
7542
5999
195
878
4123
2110
1002
4382
1702
5071
1989
970
3721
364
7086
4391
7149
2666
3820
2636
3532
43
4935
7002
2998
4555
1189
5159
5852
6499
5323
4095
9817
9542
6576
9734
1497
4410
6187
9046
4782
7144
9197
1503
3773
7800
369
6372
5906
1712
4395
8860
1080
9251
6601
8637
7232
9929
4266
2306
3026
3932
3878
432
9082
6259
8438
8978
9437
8687
5836
2867
5597
8721
4619
6697
849
1359
5523
3714
9960
5928
3086
2957
7194
2569
6794
3051
9510
4399
809
1382
2310
3449
1655
1918
5322
7548
5544
2377
3391
9877
7111
401
7609
3389
6441
7488
4250
2173
3712
83
5193
4070
2590
9789
6594
8231
3094
4478
8832
3234
4646
7096
1494
9421
5371
985
9133
1334
7029
8807
1696
8571
6865
3411
4871
4493
9860
4205
3347
8590
983
2073
4872
488
9664
7317
5175
7637
5716
3185
5409
9327
7961
8857
5250
2109
1154
2207
3613
2795
6710
8946
6073
786
1446
7062
9450
1796
456
7559
785
1935
6511
7197
4055
5462
4403
9885
5044
5864
6376
2939
6414
5579
1377
9952
1461
64
5694
1981
2399
9477
7590
2693
7965
5583
3765
2287
4339
4580
5796
5295
7364
6980
4364
4212
8636
170
807
5449
9659
3568
3691
5196
7155
288
3455
4984
7241
3268
9800
7289
7313
6652
7208
8407
2558
5575
2330
8895
8542
7378
9376
6781
7812
4985
8077
86
4629
2016
1651
2065
5049
7713
9042
4548
588
1424
9977
5003
7469
1586
4338
9923
2220
8723
8734
9985
8781
3404
9655
6549
7342
6310
9803
474
1118
2893
3790
8809
8221
7558
2628
3421
9415
4977
5160
911
5056
2093
3677
5434
2642
3244
8381
1460
701
2798
8838
4359
331
912
9390
2874
3949
6219
5338
3359
8241
9268
1738
8481
5467
5146
9674
90
3154
6832
8013
5288
2933
1649
6603
8595
3563
2853
7083
6642
2921
111
7015
3112
3170
4631
8584
87
3832
9130
9041
7774
9546
1990
2839
8112
8151
6435
3407
3589
6462
6896
6960
8173
8708
5282
7329
9356
1276
610
1995
3975
229
6585
7969
9635
6676
395
812
2820
8583
782
2376
510
646
9531
8448
6524
7635
7401
4990
5731
4380
6772
7333
7390
6688
41
8662
9445
7025
9530
3405
3996
5144
829
4922
138
5637
7857
4841
1228
3164
58
8543
1891
215
1185
2785
2066
8537
6174
4568
7312
1041
1729
9166
5453
663
9145
8390
6495
7686
1485
9451
2303
8817
8380
3542
7175
8254
2510
871
3552
8482
7919
6335
7071
6936
9315
7753
9244
4537
1960
1675
3439
6221
1023
8574
3933
175
3675
158
9303
8563
4340
8816
6406
2610
6701
9331
1646
7020
8107
7808
8485
9382
3544
6684
106
9632
1778
5000
6758
126
5495
6229
7721
7288
189
4222
397
5996
4003
4128
3891
2329
1170
5435
186
1209
9855
8592
8784
9945
1984
9411
6204
950
7231
2687
5355
6371
6793
5070
3747
1752
670
5384
8949
8621
5452
2397
9536
6287
5535
5427
4064
4421
5141
7837
5016
2450
5857
3466
6557
8722
1129
7246
3776
3001
1554
9699
2931
8302
6428
5498
7989
3095
2981
7187
8689
1510
1095
9679
5069
2389
617
9948
3586
4143
2152
8293
9050
947
9078
2917
8575
694
958
3198
8847
4901
1173
8222
3877
5859
5667
3760
2169
5325
3314
4316
7190
4956
35
3898
4642
433
7790
4443
8618
8793
8423
8674
8682
2031
5072
1647
9314
6214
9113
7651
8162
1179
3451
9392
4470
2338
7192
9370
660
7166
2692
1169
243
2168
2898
2037
4713
5416
2819
7700
6139
9360
678
4457
5735
8840
7946
4516
5594
3018
5107
1541
5258
2962
8104
9013
6007
5268
3858
2056
2671
9516
15
9812
8214
9535
2789
7830
3048
5021
9302
3143
1627
2491
1915
9240
1506
9968
9269
1190
4210
2023
1596
4449
7319
9730
3993
6930
2269
105
5719
773
6984
8783
6384
8820
3457
4424
5807
4162
7709
3671
2752
806
962
1162
2833
8666
6026
8782
5301
7615
5283
5152
7118
1136
3852
5064
7982
1598
531
2943
5242
4360
4785
5158
9490
8523
8606
503
5618
816
1720
3285
1050
8640
3863
3175
4542
7906
9336
6939
7451
8969
4965
119
6844
8298
9625
3772
7889
2408
790
7703
9909
231
620
5845
5978
201
611
939
7417
528
5113
5252
4303
2467
7168
4163
7524
2695
9795
1168
6215
7910
3904
5943
8211
7899
4263
4754
3835
4366
2698
5225
4800
4301
7215
5400
8081
5261
8165
3491
8671
2982
1753
6190
3294
1803
6388
5693
1947
9922
8818
6095
9858
4239
2347
5387
8370
7514
2380
7041
6431
1763
2409
4710
6313
4197
7626
7836
3579
9722
9533
194
684
8375
3856
8841
6033
6030
3149
1197
8943
7979
5748
563
9992
464
4480
7069
783
2178
8056
1102
8743
7980
5342
9733
7603
3157
498
6537
7552
2101
4586
6816
5828
4269
7517
8037
3970
3037
917
5972
4467
7388
2710
4225
3417
7339
7376
1408
6360
8311
9594
7659
801
7292
3151
884
5471
7881
8937
6188
5299
9325
4761
4530
8164
3396
5850
7379
6558
8191
1155
9828
1462
8452
7749
2557
2549
755
7750
5445
4094
4519
9943
3775
3168
6951
8465
6034
1542
6345
1972
846
8166
4811
8924
7684
5612
2247
7853
4820
4242
4704
733
3969
5602
5605
2297
3943
7763
3057
3789
1123
416
8082
6319
2232
7942
1934
7298
7914
3617
7691
3729
625
5954
7712
682
3300
2936
6120
6166
9798
565
6087
2024
8610
8938
8747
5388
382
9501
3138
1357
1006
5803
3604
9646
9524
8115
2264
7326
3319
2668
9823
6678
8460
4930
2012
9934
2002
5414
8551
6294
9409
9839
104
5741
7132
4330
9880
70
3266
6257
4455
310
2953
7328
8975
6914
6213
2453
1380
1567
9509
4764
5428
5968
7728
3426
5994
7188
5564
5512
9504
3812
8681
6275
3068
774
3741
4175
4681
9274
5780
4490
2504
1411
5164
3461
9137
8660
2868
1830
1157
4573
5949
9951
9964
6753
633
827
6651
3392
1388
6253
8111
4196
6207
1444
6661
4686
2192
4233
2205
2810
7791
2723
4683
9861
8078
9554
430
8826
6288
472
1204
343
8396
4226
9330
72
6743
9391
9614
7223
8399
521
3340
2324
5036
9295
8305
2349
7614
9250
3994
4335
9558
3535
3882
9735
6460
9819
2346
6815
2547
4892
3028
5888
9206
5712
9294
7362
2728
2149
5582
6722
1014
3489
2182
7426
1483
1604
9774
3689
7114
6421
3356
7137
8981
4487
5891
4878
8894
2032
723
44
8727
7081
8751
2084
7819
1119
4920
4707
5398
3758
5426
6023
8825
7831
1660
899
5045
8351
6624
9537
1809
3163
2045
5541
2094
4149
9465
4447
3840
2679
5568
7648
841
3997
1091
5255
2880
4494
8990
6629
7229
5657
6990
7204
4936
2021
34
8135
8957
1393
2932
8802
6721
8198
3380
6050
1018
631
4918
5697
4979
7268
6162
1451
4136
365
9316
7423
3420
6289
307
3562
8419
1525
5039
6789
4016
4428
2068
7670
5865
5241
751
1631
8336
900
7245
6581
7446
9650
7706
999
9416
5973
9404
3876
8526
9184
1220
7077
6846
6260
921
5269
6465
5642
2655
4569
88
6468
8117
8589
7433
5353
943
2421
9773
449
1223
6420
6736
6235
2992
3520
9518
1286
3896
6959
1489
2063
6097
2166
1808
6878
6671
743
6305
6911
9183
1538
9460
7304
8283
8539
9538
5313
4150
8803
8408
4750
6103
4746
9318
1829
4314
3864
7244
1765
6145
978
6760
10000
3708
9989
8554
2757
9818
3850
1133
8896
8169
7227
8669
9979
1665
8854
5746
7068
1434
3707
2775
8646
5057
9494
4783
8904
159
9644
9697
3591
7699
7163
6622
9588
9763
3237
2715
8730
8379
5235
6444
5031
9984
623
9109
7852
9104
82
1498
2760
5778
9190
3428
6172
3165
148
2758
568
1565
1487
8021
2911
7722
5223
708
3901
770
8714
3008
8503
8787
3819
4802
7936
6571
7122
3430
4179
3328
9323
9720
3692
6857
7948
1238
8041
8953
4408
7625
337
5636
926
4744
4071
3941
7482
4111
6905
8095
2678
9472
9034
8373
2463
957
8808
4427
372
6170
5655
3372
3918
8228
6998
2711
2641
9146
7055
9181
9123
8227
6479
7297
8835
4678
2755
6140
9487
1031
1576
29
1338
4960
2780
9062
2283
1468
6121
867
8050
247
2523
1225
9373
4722
1837
5233
6334
6357
7996
668
6503
3351
9256
2732
1207
2336
8900
6702
5492
1714
1172
8263
6591
8758
8113
938
2593
5526
3090
6685
6427
3047
8653
6397
2548
2286
6112
7443
1121
9470
107
2828
3597
2824
3584
745
1734
5345
1967
5951
2143
6646
1083
2721
4576
671
4131
8779
5368
6854
6718
5102
6546
6336
9680
6230
2497
4521
3304
6766
7797
4492
5077
1101
7033
49
3147
7897
6754
2046
4262
9814
6555
3188
1819
1618
1629
7569
6898
9958
5692
6829
3418
8345
6705
1084
1588
3169
314
1067
1551
1086
8328
5087
8744
8251
5570
2088
3464
7502
2451
4074
7780
8510
6533
7273
4214
2099
5431
3614
8238
722
6595
6061
4342
2852
2865
5629
5034
898
4974
6433
3521
9732
4268
8867
4400
2187
9215
5194
5085
5040
9528
329
7501
7302
5357
7564
5932
7529
1756
8588
4181
4376
8190
8071
4989
5640
4138
8972
1249
1426
7419
301
5830
853
7039
6358
7332
4684
4552
8005
8310
2534
9820
6037
687
8341
6373
9436
4838
9840
3098
2673
1951
5809
7584
9347
9372
4440
9562
7044
9512
61
2292
859
1592
1496
2130
3608
3467
4993
6902
5450
3611
4790
3709
895
1218
19
9008
3627
3230
492
9966
6476
4801
1090
2423
5169
9662
7050
9444
3478
5464
9875
4856
7087
4062
1937
8776
1878
7472
5517
5761
5506
7200
5054
8865
7310
3386
6977
7099
7407
292
3283
3836
7682
2664
9407
2531
1304
3203
5429
9228
1245
8320
8897
6064
9430
4832
8175
1920
3821
9176
7998
4260
1751
7566
934
3888
613
6908
9653
7994
6756
5528
8697
1914
1243
9676
2229
6751
3323
9853
1768
9604
7257
5385
7923
1917
2087
8716
6598
3669
7072
2626
9626
4178
9178
3251
378
2256
3130
2781
581
8579
8405
2420
4991
4914
199
65
5788
4939
3582
8236
3330
9364
8026
6768
6797
1642
9969
4969
7162
4190
3822
4769
9267
6704
1556
3067
7354
388
6192
9005
1977
4065
1355
2374
8427
1979
9606
5577
7314
8306
1529
8732
3647
9587
2837
4001
607
4191
9669
8193
6933
8538
184
9508
7776
219
6125
6842
4292
7271
8347
9838
8643
4405
860
8369
6923
5648
2964
5797
3108
6920
2444
20
3763
7211
7255
360
1630
2749
4594
3910
4664
9387
366
4216
1134
4845
7920
1669
3507
8187
4850
5490
8670
3625
8519
4033
8952
8068
7754
3366
95
5723
3423
8875
2667
8319
4598
8181
2653
3091
6692
8701
7251
9090
5191
6837
9586
5548
4157
2245
2654
7846
1611
5666
8685
7097
7658
4076
6683
5245
3021
652
2011
7875
656
2685
8780
4063
9731
5335
3302
6070
3566
6809
6810
2920
998
7959
2807
4151
2360
9691
9996
4953
9698
579
583
6148
4873
4740
2359
2602
9223
6509
6137
4287
5334
1473
6841
1288
7422
1317
8964
1297
6151
2519
3456
1773
6687
6952
1902
14
3642
6156
6419
1775
3364
5651
2563
9615
2848
3480
3985
924
9164
8999
2925
5379
781
576
2484
2540
7106
8067
4039
6107
2676
9529
3452
8905
4982
1654
1437
4344
1175
8292
2922
4082
5762
6559
2906
2797
6029
7746
4249
640
209
235
7788
9619
5133
4053
9967
8177
667
1599
1632
8616
8493
5732
6191
92
8559
4575
6719
7448
4172
9134
9402
6469
1263
5237
5218
9553
8605
4012
7495
8409
537
1160
4833
389
5813
1844
1687
7356
4118
5199
4026
9775
6596
7193
4550
45
2562
8735
9478
134
136
2403
3210
6765
5522
5843
2730
7842
4406
9685
3962
5249
4692
3594
3892
4430
8710
9003
1825
3523
7216
9455
289
3843
381
9593
8299
5580
7890
4792
6502
2516
7918
4049
2974
4589
8365
236
6104
1400
3465
3815
9249
1940
5991
3954
7606
93
102
1620
9221
4890
1859
5099
9556
4641
1372
7654
4666
122
6950
327
6366
7787
2528
1110
7734
5178
8973
4896
2705
4459
3490
284
1034
6206
3148
4888
7744
7377
8927
3474
2369
4072
8125
1710
2817
1059
3956
6675
2100
142
3634
564
9647
404
8138
6672
9102
9682
5587
2138
7793
3540
318
1802
6497
9862
680
6861
6981
6311
2096
8291
8301
4322
2445
8220
8483
3197
6834
8404
3219
3019
9449
3977
8270
2729
4213
6084
1066
2706
1306
9291
5767
5373
7588
3844
2717
4402
3081
2200
696
2986
4708
976
8114
4712
312
669
9047
7822
8250
5706
9057
3899
4617
7731
244
7856
9192
3640
5361
4795
3339
556
8572
3599
6086
6083
3894
6903
3637
9652
9935
5897
5276
5963
2418
3886
5546
1862
3408
6986
6234
1782
2327
2405
6077
8704
2500
3651
8102
7307
2552
1065
6231
9150
7880
1658
4637
4835
3828
9942
8318
7545
9914
5300
3102
6291
3739
6634
8464
1980
1543
1975
2337
2342
6681
6389
5677
5329
5363
5455
1109
3939
2575
8645
1602
4824
8886
499
5372
4132
9549
3723
4893
1848
6184
7671
865
3277
525
7882
1491
3826
7785
6114
4158
267
7007
1233
8086
3220
7629
5136
2609
6012
3320
8720
9067
7757
2390
8130
8273
4813
212
9063
9174
4194
1561
4791
6679
7234
1427
3055
7950
1256
4616
1425
744
5244
5038
2322
7470
1769
1553
1500
6804
8374
5296
4089
3076
4284
9000
2259
9127
7554
7745
9196
4309
6040
3307
5060
9459
8009
6891
1876
8535
8679
4326
8044
1722
4027
1085
8355
6840
2388
7549
6396
1178
5231
4900
8063
4217
7278
6600
8246
8552
8312
7209
7839
1767
7907
5739
5907
4153
2959
8004
8868
3893
7571
9597
5120
1781
2779
8294
7047
1184
6881
1919
2907
9222
3373
8628
7405
2341
566
7013
1996
9385
3479
7042
775
8849
1200
2492
5631
6813
4204
323
4509
6774
4992
2404
3725
5272
1533
7285
1617
9299
8244
3322
7301
9738
9832
7649
3845
1174
4034
5286
242
5459
7127
383
4943
3548
3530
8474
8443
676
1635
2284
3663
5801
3805
6448
2854
3140
6350
1073
3697
4968
7043
2670
8326
2665
2054
6456
6627
5781
9311
1970
3311
7486
5424
4267
9029
2719
2526
3085
8885
7346
8266
3178
4680
7324
1725
3139
3817
7408
4356
5119
4663
4613
8003
5298
6927
4875
1784
9607
5982
7065
5208
5589
7509
719
9177
539
1186
5319
7224
515
1054
281
8719
6133
932
3978
4310
3483
1528
6404
9259
5599
1482
6946
3070
8560
8189
3730
9374
9246
143
240
1694
6904
644
4510
5408
3436
7999
8105
6775
3060
8207
4899
6532
3087
658
9970
824
7641
6972
8073
7796
9037
4346
8412
1403
3974
2394
3025
1214
6906
4579
2458
8626
1755
7992
6158
4329
7038
8324
1097
8625
2940
6728
9159
223
2077
5230
6582
1226
3984
4450
1795
4724
5703
6777
7121
1684
8420
5446
419
6186
2629
8879
3111
1193
6295
4425
5200
5867
3105
5691
2891
3508
7963
5936
2042
4959
9049
7290
1210
5571
6654
5256
747
1882
6284
1402
6065
980
887
6246
3097
4333
24
7533
5396
5842
5728
9446
1022
5365
103
9821
3495
5307
4909
5704
8856
6482
7205
6716
2896
1863
97
8108
3393
991
4108
5448
8500
21
8622
28
3259
5543
3795
2656
6572
3189
9889
9671
8433
2505
3902
9736
5438
7238
9225
9824
6209
5461
6668
3158
3469
794
4546
1422
6587
9852
396
1272
3155
1892
3724
9160
4634
468
6860
6168
5173
7214
8736
936
461
1112
7705
9940
4532
5138
9258
7816
1744
1063
3242
4308
7385
8598
3643
1474
6302
9252
8476
3715
2191
5496
4200
2499
4481
3066
5491
5926
9075
5198
6770
847
9212
636
8979
8192
9990
8731
429
9467
6894
4201
2521
7974
6443
9163
4762
5561
5681
1423
1252
689
6089
9182
6281
9566
7403
9949
595
4662
5380
1075
5671
2257
5819
3065
5395
4439
5012
7242
6563
8335
1176
6374
6496
2805
1070
9434
6686
6060
8422
238
5521
5460
3662
3027
9932
2700
5933
7467
6811
9462
7534
8741
2280
2102
4367
6208
1667
291
2972
3249
647
8573
960
1146
2222
7795
5584
2495
4180
2278
5682
63
3857
1923
1367
918
2018
7634
7673
7452
6656
1141
3693
2
1300
4265
9703
1961
5616
758
7741
2825
257
3462
6975
3374
3838
2632
2514
6352
3919
4327
8623
193
9624
3870
6464
4543
2930
664
9787
9987
6118
4186
7838
340
593
3618
5389
8366
5806
5902
4777
9101
5360
196
6535
3267
9211
1047
9704
4061
23
347
547
4290
7817
4419
4961
4491
8688
5608
6819
6992
6982
9028
4518
4368
6481
4562
5726
6690
8795
5896
6432
6983
1232
9779
4913
2462
4626
6955
6551
8872
2845
1686
9867
454
6354
1910
4429
6244
9474
3632
8430
2430
5145
5894
3282
2968
8030
5165
1708
5919
1804
216
5032
7343
6473
5989
39
1312
5308
147
7183
2304
1718
1470
5103
3766
6912
6971
4715
9890
6698
7496
2809
1994
4169
1267
1345
5281
3615
3326
435
1420
2662
4115
6057
1811
1799
4957
2800
6915
6483
4488
9326
8153
1839
7463
5552
8657
1353
6720
2174
5105
3376
7900
6858
5204
8725
7738
1883
8010
4857
5076
948
5147
4052
7855
6217
9480
1805
3551
793
7585
1051
3666
3804
4840
121
6175
692
4353
2734
1865
9744
9865
2244
6247
3117
6856
6826
7318
6694
2976
5189
990
8048
1885
5562
1590
4727
5698
3748
738
4446
1754
7102
4471
7964
6514
7692
6700
5179
3092
6323
5617
778
320
2870
4677
9147
5472
1158
3911
8728
2114
986
4251
552
2550
7327
2703
2545
5995
9815
5566
2949
8141
9413
6612
1715
7142
6515
6031
2803
2001
124
3412
4657
5879
7660
5771
3398
2541
4069
7235
7518
3873
368
7454
3049
3545
6111
1831
1530
8746
2158
2604
7990
5565
8126
4328
7265
1227
776
9634
7811
8146
5730
9456
772
487
5646
8985
8516
4593
1076
4978
2551
9180
9825
8547
7126
3734
2196
1907
3238
874
8202
2422
5123
5924
6845
3167
6116
6099
6638
3217
6493
4910
9422
4938
984
9463
2620
7113
9170
2172
4623
2177
4017
5392
1505
9220
9432
1639
873
4037
666
5615
1945
813
9304
3272
5846
7219
6132
8759
6127
8925
426
8620
6665
3661
7387
7437
8274
7604
3207
6928
8650
8873
1439
1560
7561
920
2003
4097
742
551
9405
8739
9640
6890
9188
2991
8642
2942
1339
8567
3063
5875
4660
2503
3120
3429
5271
330
7092
218
3506
5259
7701
9366
6529
7516
1326
1337
511
9993
8445
1040
4041
4448
8054
7266
1852
220
2277
830
8160
4165
7702
4696
6329
1321
2165
5172
966
7563
6633
5685
3580
2471
7886
6637
5628
2623
6045
7247
5700
2727
1739
3685
590
3121
2762
4698
7507
6210
2843
7185
9483
1644
6798
5331
6534
7640
4728
5715
3884
2733
7110
4999
8012
1435
8527
7361
9128
2325
3923
9039
5187
6744
2714
7916
7108
9255
3869
5351
1206
4693
123
3383
8413
5251
4155
4879
2515
2927
6153
6565
8040
7818
206
1890
9681
3571
4137
7945
74
4404
2238
7594
5407
1601
1219
2966
4941
5240
178
9242
2530
3735
5163
6782
2059
5910
393
1331
2048
5921
1137
400
6006
437
8074
8028
5971
1916
2926
7947
5743
3381
1570
172
4563
750
5821
2249
5224
6292
548
718
3808
3043
5131
5524
6001
9514
6731
1069
5606
9545
4834
2468
7489
9567
4432
5890
1099
9947
6010
9758
3006
5111
2701
1849
6000
9892
8607
7372
5800
4721
5132
3216
6827
5974
2351
861
4946
9727
4670
2067
4649
3533
5553
9352
5270
192
5530
6080
5915
162
482
2855
6286
6590
6343
1985
9334
7124
7311
4865
7101
7589
1495
6899
2307
3657
5419
1719
3514
2856
3321
7424
4564
9261
8531
4113
2621
7719
8261
6135
4714
149
8486
8437
5022
1519
8171
6519
2033
7373
4100
7972
2524
5114
1823
7308
9772
4484
26
3333
1523
4396
589
2879
3753
7115
5750
9737
8914
2193
4324
856
3952
8587
1968
779
5168
4081
2979
3434
6895
2412
5129
8680
937
1701
163
7984
9280
414
7784
8235
2511
2796
8277
5474
2448
7835
3628
6807
4876
1569
4951
9427
7337
6501
1416
8248
3511
6299
5663
7579
1120
9399
4866
7009
5053
4590
2677
7678
3781
5203
5222
2603
2689
2618
7262
8303
9195
1113
270
8223
7375
4805
3802
3263
1717
3744
5519
8025
2442
6347
1697
6176
1044
473
5181
4751
8553
3761
5227
8711
7716
1452
1966
5925
6584
3248
7677
2140
5457
9955
2385
6256
3829
5418
4612
7748
1419
6003
1903
2535
8392
8989
7905
7957
9117
9095
7862
1215
7497
8541
3921
7913
4718
3955
3071
3620
2659
9578
6677
8520
3310
3652
1676
8249
5065
2441
2311
7938
1405
7912
628
9179
8132
411
6159
2704
5835
8600
8385
7150
3192
6708
7582
6746
9386
3208
5787
3609
5841
4119
6737
7521
5328
8446
6169
4159
5443
6562
5744
6346
7413
3519
4904
4160
1610
2766
4144
6240
9016
1364
3705
2592
3173
6963
1368
4867
1992
313
9748
8168
1354
4286
7094
4371
8998
4928
1303
2884
8960
4632
3252
1504
2315
4515
735
9756
4557
3645
6293
7798
9633
913
370
4134
4898
5180
826
1151
3209
3345
3114
4463
8920
6226
2043
6621
4121
1056
1789
5015
7978
1180
2185
925
2971
901
4167
6063
1165
4046
8966
6526
3935
7445
3180
1670
3129
740
7944
5980
7052
3448
7639
2977
9893
9043
8383
4772
9341
604
4514
171
2578
4921
4274
7698
6639
3377
6735
940
4348
8915
6239
5473
1760
7057
9845
2580
479
9441
9609
4737
4319
3785
4716
2213
4578
7655
1490
2598
188
6843
56
8655
4682
1068
4595
5369
7743
1828
6849
3703
2352
9359
641
9380
5863
2923
4311
1824
6038
9944
7084
1881
4819
3078
4827
1116
9032
2115
1143
228
5849
7550
3410
2112
592
5263
1064
1389
5228
1943
8387
8178
1025
5019
9015
3394
8033
9973
748
9784
8047
9809
9069
2509
7555
3667
5804
9414
2312
3444
746
977
5116
179
2424
3983
6875
8951
7576
6876
250
8962
4983
6049
3402
1955
9168
2145
3598
2313
6270
923
8532
6402
5375
4608
5823
9482
4687
7130
3174
2078
8676
224
4414
1614
8930
8829
7465
6090
5721
5889
387
2638
5786
6088
5106
5441
675
9829
4377
3023
870
1171
7217
1812
2899
7896
9899
2272
1407
5736
819
3743
8862
4358
6873
4987
3358
1742
2489
9939
5207
9834
5794
5816
5537
7599
85
5914
7630
5028
6847
3371
5733
2750
4823
2075
3607
3315
5656
8631
7267
1886
6117
8131
6062
1375
5278
2237
3871
902
1563
406
4911
3422
1450
729
9442
3973
1600
8472
1275
8789
3660
3538
2624
7363
817
2985
2483
3053
9151
9342
968
6320
8252
2956
3287
2279
6828
7858
2684
6028
1144
8388
2586
1293
9788
6314
1575
4749
71
5625
9761
3934
3110
4498
2428
9522
1652
7088
4934
1260
9902
8268
4373
7601
5082
2079
3159
2479
818
3649
5689
428
282
3659
5560
7005
6475
9741
9419
4168
1092
1336
4273
5439
9589
2647
4476
1790
1332
465
9575
6301
5768
3830
4926
490
302
2980
1726
8733
797
8329
5590
5125
4511
8161
8828
6004
5266
4067
3995
1472
8398
3335
8134
5109
1628
1308
2584
1484
4099
2009
3470
272
4038
7864
649
9098
8576
1313
6021
7295
5556
4325
78
1583
1965
8546
3831
8022
5009
91
5478
4104
31
30
8648
5815
2106
2951
8845
9394
5486
4587
402
6297
7932
1250
1032
9848
9138
6801
4741
2806
4627
8555
7577
3331
9001
2041
1827
2179
2248
9443
8569
1578
4195
8954
7368
838
2954
4022
9715
9891
176
3100
4420
5284
9471
8864
3352
5214
2771
7687
1906
2074
4044
6919
4652
8855
2188
2203
2559
674
863
3204
399
869
8511
7447
4393
4106
7739
7411
8899
7575
8342
4864
3254
6592
8513
2945
2546
7991
4307
4752
177
154
5893
837
7233
5756
2466
4815
7492
7854
2317
2660
183
4127
1440
4011
5567
3016
6714
9397
9377
448
3762
6290
9827
9547
7781
4846
6924
9581
6413
4539
2465
4452
1645
933
1349
493
2005
864
5717
3
7256
6917
7922
2321
892
5979
350
7726
9262
3751
3450
2681
7503
9846
6439
1909
6490
4110
6094
9205
3084
9097
1351
7133
4584
9053
9928
4232
4520
3284
5775
2644
9152
5603
3190
6183
7391
6486
3224
7000
855
526
9555
3868
7389
612
6696
6035
3694
3769
600
3839
1262
8517
3596
9612
2020
5083
4378
1764
4622
2251
2022
4855
5687
919
4363
3915
5297
6042
9362
7330
9726
5017
8170
6954
7474
4323
5479
7543
2876
8700
2513
8790
8997
2846
1713
4554
9238
4614
1671
5759
2737
3253
7
587
7530
7693
6375
145
4756
4198
5026
5421
4495
662
5348
8982
5760
5840
3499
8296
3713
9488
151
9271
5023
6670
3104
1993
4775
8201
8611
7191
5820
1264
6424
9657
5161
3504
3577
3981
9709
1370
8861
3166
7971
538
9702
1145
8062
9059
6892
1545
4995
8348
7967
4796
1211
141
9622
9368
9675
9335
2950
2765
3010
9024
8649
6866
2674
500
8055
5265
4808
2275
9126
9760
5701
8304
7412
4674
3554
8176
7646
9863
7874
3353
6953
810
1894
8129
2793
484
5190
3928
4886
7887
7976
9193
1637
8578
7158
1771
2501
334
6216
6667
8363
2661
3299
1944
6567
197
7064
8898
8237
5789
8494
9692
4541
9169
6517
8099
5469
6276
2443
6900
9854
3329
1884
7261
7762
5066
572
5588
5127
3573
4161
299
9031
8487
2863
5124
6318
3186
3872
9105
1964
6474
5604
7628
7464
5092
2387
7260
5154
2799
2051
9740
2243
5493
275
1324
3101
6285
8019
1467
3728
3701
2027
112
8057
5987
2801
7006
3717
1390
6068
417
4337
2888
1727
5499
6851
4797
6888
6459
1875
9236
1668
8629
4730
6713
6167
3526
4461
5359
2107
7736
4877
2744
8150
6643
7481
3534
2672
1864
4639
3778
9285
7522
8418
1526
5707
6848
5391
166
4817
8696
7966
6999
7022
3512
725
6962
6588
1142
3124
700
2082
4615
7925
532
2401
438
5192
8219
9743
4088
2872
6407
1258
9162
6635
3980
2386
1933
5104
9275
836
3498
217
5705
6251
9638
3014
8712
3558
5555
4485
2769
6510
2694
4454
8863
6610
4607
8893
7565
8435
6113
1832
1019
8749
5578
2383
6267
2339
2770
3370
7869
4942
6096
3726
7484
5254
2910
9491
239
7331
3633
7696
6243
9245
8032
5327
1333
9506
265
7893
4255
7393
7973
4276
7269
7146
9040
6669
6589
2716
385
9156
2440
9431
9925
7586
3853
3099
9002
4248
180
9563
1566
7756
2204
3399
6974
1613
89
5001
251
60
8262
4472
7145
8403
4130
1477
2886
450
1948
9349
478
491
4738
5415
8798
8935
358
8052
1807
6757
7154
1941
7028
5018
353
9764
2565
1532
4630
4625
6918
2480
3626
7128
4295
9749
1953
1106
8457
2643
823
110
8740
2485
6942
1305
5649
8980
7871
4349
2234
7777
5306
2555
3796
9389
8321
9881
5676
8378
9499
309
40
6359
8046
5883
322
9688
5520
6617
5475
7747
3999
7661
5967
22
5401
4418
5621
6799
59
5851
8239
5770
2970
820
3338
6717
1547
3556
546
1107
3290
3388
6232
3134
6478
3927
9066
8065
4685
7645
2215
9807
5006
3885
1222
1431
1987
6614
6784
9124
519
8188
6776
5853
4889
834
3297
2831
5226
6201
8528
5737
9276
1012
1371
7638
7832
1466
6027
3847
7203
9088
6516
630
4188
2989
9019
55
9684
702
51
2928
355
5311
6821
8846
7479
704
3161
5660
283
9904
79
4726
2507
7804
7494
8871
2381
263
2225
8833
2058
9017
6504
8439
8884
469
18
7303
2875
4862
5370
2119
7732
7400
1363
8834
1024
2881
2908
2170
3988
3052
5798
8229
232
3557
3334
5100
8889
6165
6022
7765
4574
6500
8152
1939
6146
844
578
3446
1929
9797
4525
5795
6780
5923
7078
6512
721
1395
7828
1192
9011
8926
2844
1391
208
2209
2135
1417
7141
799
5020
7665
8416
6400
2299
4057
2410
6048
8901
1648
2736
8940
508
7383
1167
8507
3635
5675
5958
4831
2788
7792
8929
3889
7207
9148
9004
3306
8424
2835
7276
6450
7030
2983
5826
655
5336
4317
2072
9560
9802
3578
7997
2219
8596
5812
9559
7755
7949
2239
101
7519
328
9403
4047
5633
6
535
5742
8515
4870
1492
256
1322
1956
5068
6436
8706
7504
187
9338
8264
883
6869
2285
6144
4
6525
5860
8771
6115
8663
8948
7105
4468
997
1585
8402
4533
7434
4004
1443
8148
2415
8654
3425
1905
3046
62
6991
8745
5899
9091
5456
5468
6196
788
5287
1845
3240
8624
3986
514
1537
7427
8039
4818
9569
3639
36
8142
7237
4102
5916
6177
2029
165
3227
890
2859
5714
4636
876
4513
4331
3132
3565
3243
262
2064
9199
512
9926
7633
6387
3200
2034
7794
7616
3258
894
422
5289
2052
6527
6738
5086
308
1677
3718
3206
3255
3803
3515
2686
8753
4803
9780
6296
769
707
2201
3133
4077
3056
9572
6453
2901
6885
8090
2878
5248
5312
8530
6785
7500
4073
4952
5818
4152
6491
6143
4927
1103
1524
4981
1285
8684
763
3788
2794
6947
9023
6530
6222
6822
4611
1986
5790
3710
1376
4600
8016
4825
1201
2382
9933
6324
8617
8988
582
4975
222
5998
777
3656
3107
7537
634
2473
571
470
2502
9568
8550
7169
3875
1666
8289
255
6041
1183
4638
9912
3447
5382
7523
5383
4966
6655
3357
6616
7063
8217
356
6660
7915
1511
1448
9278
2967
6650
7894
9072
8496
7457
4444
3601
6202
3648
2142
471
8431
8376
9836
1835
2007
1770
4464
8259
8257
8149
8490
9085
80
5236
6108
852
4275
3623
4618
2607
930
5247
5378
8717
9107
780
3777
9224
2947
9286
4068
6416
6463
3459
7652
489
5573
8343
7587
1035
5722
4148
8939
5917
9565
4759
9781
2270
9937
9911
9051
4773
9426
444
9591
1895
9312
9668
1078
9759
7011
4192
6966
7926
4545
2520
7535
6470
536
3382
3486
8360
2120
5433
2086
8196
6492
9534
1928
9618
1737
3482
2161
8987
4154
1213
4601
1633
2496
9476
7613
5239
8556
9595
6471
7480
6394
5046
4145
7182
3050
7876
2305
5569
9981
4905
8083
4709
5025
9876
6193
8417
1597
695
4171
4164
4535
5089
2198
6405
7943
1374
2400
4300
8612
1323
9406
9495
3221
4079
1152
6703
7415
8156
7617
5738
6970
5630
8508
8470
6008
9941
601
1893
2156
3278
3755
4208
3638
2955
1117
7884
8386
9627
5470
4101
439
2840
2591
2645
518
3500
4412
1397
1728
5318
6852
5531
5696
9061
6522
2782
6036
1341
7740
1005
9983
4350
3672
1335
8000
5081
3757
5279
2137
1626
7621
9317
5432
7834
6663
822
2447
6024
2044
7140
4166
3699
5942
3936
5201
1456
8458
1636
6786
7877
5747
8942
6787
5769
7833
2314
9864
1589
1454
839
7483
1557
5183
9938
9458
6680
3442
4305
6941
6909
434
4597
9895
2171
741
8361
6364
6673
4238
1251
795
5402
1938
6178
3289
2199
5720
6015
7189
386
5
4699
4567
2600
5927
987
5140
7531
4925
6763
5695
1488
4570
475
9616
2743
2449
7334
9429
4352
7840
4933
2597
6446
4606
8174
5664
570
6173
7583
4357
4105
4272
4863
2417
9371
1361
2426
1414
7179
5956
3851
5110
1817
4967
2613
1874
6477
9946
3971
317
545
7664
9214
8568
2414
2790
2832
273
277
8334
5315
2098
4146
3281
7315
8984
6224
1229
8945
1797
868
7406
8996
5538
3367
4907
2648
2978
8128
9580
5097
1010
9209
2273
9135
1244
5839
7350
1038
931
3806
802
6220
9348
967
8200
8614
1302
348
5139
5143
954
1539
6211
1851
6262
9185
6283
9689
8226
3907
1042
2650
6422
2344
8276
5483
7956
8018
9111
6997
673
3118
8827
9469
603
7348
2231
8397
4343
5253
4413
2061
3517
5827
6271
6124
9007
1030
9631
1527
7532
6577
6039
8245
380
665
2242
9844
1549
1253
2712
8630
7511
9637
6602
2159
5913
3215
462
4561
1821
2253
75
4526
3774
9333
3823
94
4849
4948
7147
8316
544
2235
9724
2125
5037
5509
3020
6901
9874
3475
2663
5965
8509
7054
2335
1954
9520
205
346
7867
9778
38
9417
4259
7885
4970
8703
3336
3437
12
6138
8006
4972
1029
7272
7928
6505
5619
1682
8562
8707
9711
2946
1486
8641
2818
3069
344
8080
4868
6452
3269
133
8822
5632
5659
3801
50
2176
7095
8103
2129
9144
7940
9247
4147
2419
9194
540
2821
2402
3033
1009
1429
4347
6943
941
5410
3116
8059
1369
3646
1148
734
7863
9857
5411
6935
8672
4736
2154
3460
7888
8761
9605
7844
1449
4766
3257
4277
1217
3403
9044
9365
6783
650
1307
8206
2378
4809
191
504
7226
9525
1279
1273
4409
6825
6161
9577
5014
2633
1609
8656
2452
754
7430
8110
2599
7733
2146
1622
9227
6553
9231
7394
1077
8692
1398
1730
1028
1692
9073
4861
5639
4075
6540
8502
6937
3855
8332
2282
2595
9866
1838
9036
1509
9103
9248
5430
4853
5084
4502
964
2735
6636
2429
2916
5545
207
1798
5613
2525
7849
6830
6367
5909
8122
6836
3003
9282
9114
7404
8593
6100
6072
4780
8995
7178
3525
3305
7636
4847
8281
2368
1343
5206
2614
5094
1749
7153
8690
7441
7737
9548
1150
9213
5262
9870
6922
4334
7459
5725
8453
8333
908
6867
7131
7766
7783
3226
5033
7786
4479
969
7309
7567
5776
3593
6300
7861
9094
3344
4030
8463
5601
1889
7773
6449
9435
5911
1094
7573
8767
7827
7775
16
4028
9077
8615
2354
4700
6487
1870
7164
2372
4453
9801
2194
6418
1774
1816
1001
2611
325
956
8659
7602
6945
8635
1127
8199
6005
7929
8813
5074
6197
9468
4504
648
4661
8243
4125
8106
5354
8429
9087
8116
1869
7396
1271
3987
8143
9502
7977
5662
8371
4544
4466
7578
8768
8805
3463
8955
1412
3619
9696
4437
4753
679
6604
7568
6803
5510
1949
5220
4828
9344
3390
1571
3770
3764
10
6356
7281
8359
657
5210
7647
3341
3505
4332
988
9856
1026
5939
6182
7418
3375
8410
7850
3784
9060
3510
3854
7859
7250
1963
7438
4874
3042
1301
8337
5390
6332
405
4086
4313
4829
5290
2882
4743
9279
2230
5482
6645
290
6386
6968
5641
1469
9826
9526
8718
2579
5912
3706
1780
6274
294
626
3239
2808
8349
2076
7161
2295
1021
2436
2224
4787
715
2885
3072
8880
6385
5892
6321
3752
5101
690
9959
1871
914
6889
559
2296
4854
2777
3972
2038
2218
2126
8043
1731
4093
8269
5212
4931
843
9433
6467
3316
4765
3296
1016
4187
2370
5540
7410
2490
2537
2486
1074
4729
1513
7598
6578
3350
5121
1900
4883
4351
7987
4599
8308
6128
1342
6403
230
929
3454
2391
2909
150
8183
2326
8070
7125
4006
2919
5349
771
3127
9313
4215
2745
8921
1607
3409
3583
1130
5534
5814
1899
9493
4903
1325
4725
2050
543
5058
1418
2236
7277
3202
5773
4433
6085
1126
2363
6806
8255
6203
6363
4880
453
9475
8916
319
618
3385
1237
6393
2816
8778
922
5205
2263
907
495
8167
5670
5500
3603
2527
7878
8970
7435
959
7968
225
1266
2010
5964
3261
6075
354
6632
9693
8058
6498
9603
7320
5554
3007
6447
210
7461
1522
1274
2226
1750
4411
7358
6550
4236
8061
2367
520
8775
7143
6238
5333
9804
6771
9322
5515
730
5679
3337
9831
5155
5572
3223
562
2434
5992
4755
6769
8883
1690
8958
4776
7718
5922
3874
6044
7283
7023
9678
2889
4503
8819
3122
3435
1131
7933
4218
2542
9500
1315
9345
8647
7513
2791
9297
1122
8001
6480
8823
4924
7228
3537
5702
6429
9081
5417
3024
2680
4045
1546
4299
1577
5302
7917
2121
4675
4609
3925
5030
9706
5710
5876
9799
7171
8297
6664
6368
6993
8830
200
2596
4465
5808
5067
5550
9571
5376
3916
4469
2585
2340
1156
4964
248
3768
7632
2606
5151
7066
7866
5477
6996
9175
9579
7546
7771
1818
2057
2753
8844
6344
5216
2281
6994
5004
2030
431
2877
157
9324
8230
2006
9617
534
3135
7282
7742
345
8
7770
2688
7821
2615
4486
1159
2814
6556
4645
3719
7891
2217
1328
7049
6662
5940
9119
5532
6179
5672
7432
2494
5412
9425
6252
7924
4842
5487
2774
6361
6800
2764
9757
599
2702
8608
9084
3009
3346
1366
2866
4109
2131
4252
7767
4394
153
9218
5758
7490
9833
8505
691
7004
9187
8974
3286
413
2990
3655
2186
4923
9076
6712
6653
8522
8144
7491
4697
6322
9503
2740
4577
6455
1212
7016
6212
7355
7045
2175
7823
703
7344
4374
3181
1580
8377
7321
5988
9739
6796
2544
2658
3883
5938
2965
9131
1481
3559
4701
3432
127
6280
4789
2829
2089
9121
8580
5437
274
4288
2783
5137
4345
9601
1664
2987
8748
4372
5658
4387
1257
927
7807
7031
6628
4442
2211
2822
2358
8136
888
5610
1779
4221
1927
1634
2772
2588
8455
9931
286
6521
8372
9287
4671
5344
627
6392
5117
8815
550
974
7325
2996
9628
9906
9762
840
1853
5799
7213
8544
2741
4229
8695
3276
9963
5150
602
2941
9813
5585
586
6223
7985
9972
8127
4908
9424
6989
761
5785
338
6011
6277
4695
1672
8518
9859
8389
1320
6237
4423
3738
1663
7986
7930
3570
7802
2255
5202
5674
9452
2040
711
9350
8586
5440
9541
4058
4401
7254
5367
7349
2627
4098
8961
2208
4771
339
9143
5507
203
1724
1814
2652
501
6631
5635
4891
2425
5709
8912
8466
5886
2506
800
237
9561
9115
3501
1062
3363
7138
1691
7037
6258
4897
1678
1957
4184
1877
9673
8358
9035
7805
9665
9729
3541
1140
174
1163
264
3546
3946
3964
9961
759
8258
8922
7591
8497
9045
9654
3292
3093
4296
3061
7202
1072
6884
6458
258
7431
5481
1896
3089
5882
6245
7345
4916
553
5303
5238
3825
9396
3550
1924
5981
9026
5422
3348
896
7067
1706
7668
9237
4572
3767
6507
8529
2903
3942
3141
4015
2564
9440
972
1177
4237
6189
3379
2905
2787
5285
1278
227
4176
9266
352
5950
3012
9600
1318
8869
8715
8035
25
7672
9766
7868
5504
575
9310
6401
9639
6205
5167
8870
37
798
8344
7498
946
5918
4050
3811
3233
1705
169
6423
3273
2522
1514
4370
7810
6812
9611
1926
9705
4962
4390
6882
2841
6426
9110
1463
5645
8400
6194
7027
9064
7222
8051
168
5480
1661
8892
2180
8309
6640
9672
4241
1291
9599
7820
8278
8755
2435
7809
6110
2090
7351
5339
7697
7911
4182
698
1873
6013
3518
8432
9381
2080
8414
7425
5399
8139
7553
2984
4635
4434
3265
4814
7073
7291
7112
4002
2151
8300
7676
7843
1959
9219
8477
5593
3062
2539
1548
8194
8479
4633
9918
6488
4640
833
5847
6025
279
9517
5304
7717
9887
6160
4851
300
739
7526
2274
6056
2384
447
6566
7499
8469
7008
9089
8986
3722
7711
4585
1234
9054
4784
8651
3698
253
4199
403
7764
3058
5792
728
2748
5772
8737
8956
6605
4778
3841
1231
8053
1888
6330
4234
6759
7035
69
9544
3496
4235
8959
8766
4786
6058
1269
6625
2572
9550
3686
9994
2849
6630
7176
4383
7931
683
6729
9009
9141
6333
7618
905
3629
2862
1772
4375
3676
7117
4031
9273
1281
5215
9777
7562
269
139
2894
9428
815
3895
2164
9721
2062
9916
5292
935
1833
2587
2493
9132
9785
1203
2348
6014
3842
5093
909
9354
8036
5952
76
7848
7955
9106
6078
7156
4321
2696
4770
6926
1930
2690
5920
5669
8186
6380
1283
8548
3653
6599
9686
3887
2366
2583
6381
1348
6893
5405
6613
1058
7201
6818
3054
