5848
9589
503
4435
9064
174
7403
5570
4749
5441
8308
1055
3448
9674
5436
9388
2538
9339
8214
1462
5616
6257
4194
2964
7496
4113
6679
226
1296
3513
4239
1466
5832
7615
8139
5894
3568
2163
2286
8217
3070
7930
7530
5607
901
448
2109
4995
5738
902
8153
3453
4391
7582
3795
3883
5813
877
5614
2300
9189
8375
2656
475
9328
4340
5796
873
7284
9608
7113
5382
4491
4941
8055
3703
6665
8794
1809
1638
3041
6263
7686
2691
1845
6991
7622
8512
6480
4033
7756
5294
6621
329
4081
3474
2387
7140
7993
3290
63
8764
2394
2322
2654
6888
738
5228
8609
3460
8749
5775
4647
691
9202
1824
1337
3756
1726
3785
4135
3358
8130
1424
9087
612
6940
3746
8789
1003
3136
3920
8162
4759
2685
1952
359
2310
731
2519
9664
4031
4629
4810
2489
2399
6232
2756
1324
8037
946
8951
3622
6547
3147
7045
1692
3940
5415
2025
9023
6853
6722
2430
5208
2962
3364
9099
7861
8147
2260
6388
7882
7231
1253
7026
7099
6470
425
972
3539
2264
3967
7520
8402
2967
5786
4248
3781
7016
543
23
1474
7883
6285
6176
8533
5353
110
4221
9179
4289
3698
4047
2105
7631
6442
8222
5744
8564
7222
4461
2194
7341
618
6000
9746
2504
3529
37
3791
7610
9266
2073
4408
9003
1266
9697
9496
5882
9105
5605
8848
3853
3484
6663
1532
292
8312
979
5399
5928
3344
4529
5588
1711
4315
4613
558
2881
5374
2649
3653
3314
3984
1640
5295
4218
8383
7357
3605
5309
1099
5275
1435
7804
2516
6163
4471
6504
8304
233
606
7185
9122
7381
8940
7168
4825
6509
665
3327
6986
3205
3774
9236
9021
5567
5513
983
5766
4948
2739
7373
6103
4977
8876
6270
7221
4399
2484
8042
1080
6297
1025
5442
7227
3272
7605
4409
2273
6913
6809
8461
6579
5613
6842
9640
2319
7816
199
5424
8936
8044
1653
492
4685
2263
700
6089
3796
5326
4658
1183
530
3923
3377
4013
1996
9794
8557
3330
9819
712
650
2254
2866
337
9686
3734
7442
4464
3765
3681
8208
8784
5842
4616
8454
3401
4741
6221
8436
9502
714
6155
9549
4003
6345
6309
2056
3495
7125
7455
4820
8078
2710
7315
7670
9036
6448
1928
235
9751
4605
4237
5635
4747
1966
1446
5109
577
4581
6925
9991
8967
2397
1675
9522
4332
4418
4264
9178
8077
3832
4797
8688
7358
4517
4703
7805
2563
117
6133
6318
8691
2626
9188
7488
3032
3898
2797
4824
4515
1487
6476
7036
8030
4417
3013
2173
1299
8045
5033
9610
8430
9406
2274
3260
1373
2769
5609
2511
4103
2961
3424
9577
1079
6834
4338
6851
7602
5064
77
2638
9275
1871
6891
822
4050
6716
9716
8211
9257
6876
8885
6688
4830
5681
9201
1816
2841
9479
8674
7541
5631
1909
6765
8686
4472
4691
868
721
221
9084
2560
3607
2732
3560
2072
5239
1901
7489
4677
5678
8918
6537
5717
8776
1130
7781
4584
6937
3239
3630
1381
9518
8782
270
1135
4090
1295
6636
5174
2811
389
3902
5385
4431
7911
149
7910
5316
2895
6746
8020
9919
4311
1988
827
4768
7538
9273
6805
6715
4209
2847
4453
3671
2955
1178
1890
9918
7111
172
5379
9708
1092
4220
3317
995
8641
4538
3777
990
5973
1279
3525
8615
9272
7995
243
5736
3026
1087
9016
5096
5447
4625
6704
6236
9800
599
8070
1893
7837
459
1580
813
1738
3183
9012
7355
5242
2620
9953
5551
8580
3511
7885
3109
6615
9051
6798
1959
3730
4726
7914
4108
2204
4161
685
2687
4712
6044
7003
3379
3368
7801
7925
4907
5071
1885
4045
6053
9878
8929
2060
9587
1945
5833
4398
470
2812
3543
6338
4157
5229
2491
9345
2445
8186
9229
3552
2767
7998
9568
450
8272
1907
6908
2666
6360
8174
3772
6130
5783
198
6501
236
6365
9145
695
5025
9066
8472
121
951
9658
3404
9046
1561
145
2228
6369
9163
3580
6087
1882
7823
2497
111
291
3189
2235
2591
8855
4704
9035
8612
2501
1621
1861
4713
8696
6742
6626
5244
5652
2770
8933
9996
4789
4757
4808
6562
551
5292
4793
6998
1872
2910
9726
4702
9256
1718
719
5475
8379
7639
634
5879
3472
5695
5931
2013
9672
6042
3185
9512
7249
2069
8608
3980
3103
1700
2350
6812
3779
2033
2934
1646
5124
3643
2723
4512
3017
7641
8164
620
7059
7429
5477
1063
3475
8662
3230
1064
2317
7456
9484
2886
7454
5897
5267
1781
6141
4034
991
9140
3352
4860
4919
3985
5981
4938
284
6174
3842
3084
8693
83
2024
8481
5464
9483
1007
6661
6467
5230
9579
5252
9719
1540
9240
4752
472
5426
8003
4599
8744
9058
5314
5851
9910
9098
2876
5011
5072
3900
3115
9506
2133
8513
4267
9060
4884
4099
3695
6383
5299
4152
4587
2825
9862
2277
7786
8701
7693
687
3264
6829
7616
1897
1911
932
5055
4410
4571
5825
3850
9777
8478
8740
5073
3122
8406
5192
5855
7487
1661
8808
2682
4936
8805
5674
4729
5798
2255
7024
8887
3964
7223
9317
8868
9162
7960
5880
8347
2022
8544
3346
2356
856
9270
1538
1964
6706
7103
3574
3393
9175
5861
9448
4412
6581
5479
518
8665
7778
843
8364
8382
2778
9451
5579
242
7356
5335
743
6599
4861
6475
20
681
2986
2901
9688
1714
3110
6403
3890
7352
9801
6603
819
3682
9964
5615
717
1758
1196
9325
5068
1686
7802
3413
7771
3249
6350
8043
9771
4348
5884
8946
1202
401
3826
7736
552
2800
3387
9925
3197
4255
7907
8458
4404
2102
4528
1117
5131
4351
1428
1531
2315
2973
2180
628
5702
6728
1552
546
2774
4694
4612
2816
1291
2709
4800
7989
4496
2508
5046
7077
3273
4053
8470
6247
6684
5500
6772
6241
8989
6156
9315
5097
6447
7560
7005
6854
6121
512
4236
1443
3873
32
1724
4590
6521
6433
5315
4943
2179
1179
3716
5377
6589
583
5263
6262
4847
7108
3370
1344
4219
6558
7190
1297
4208
1960
1556
1695
3972
3871
9180
8916
4805
7206
2001
795
4177
917
6399
784
655
7826
4030
3731
1987
5908
6844
8526
8135
2503
7593
8388
3386
13
1853
4049
9769
8633
1743
6625
398
855
2207
3822
6118
4070
919
1672
3233
7290
5291
7926
9509
301
8629
5404
1288
5910
5587
6920
62
5750
4478
1351
9053
7228
8123
3214
1768
9630
957
3204
370
1208
5496
9864
9353
1648
6532
8142
2462
1307
8894
8902
1542
4168
7752
2122
5454
3678
1913
4690
4838
1409
1037
2598
2763
5591
2079
6572
5685
1722
7871
4665
7531
5877
1902
5247
5506
9299
7214
3271
4550
1459
7603
4076
3156
4600
1567
2044
7417
6260
4490
5902
803
9649
1052
9768
6733
2405
6983
7114
3782
8144
6980
9791
8038
9973
8853
4247
4784
539
3028
4609
1545
6787
9401
2679
5427
2166
9916
481
4565
8761
2717
3637
6877
3059
9985
3258
9230
9979
7481
3465
7640
2010
213
4379
8704
4383
3685
6154
4801
5153
8157
7340
8644
4873
4853
9835
2705
4334
5646
9938
7567
419
1485
582
2390
2907
1110
3600
2142
8275
5979
9424
7450
6071
3654
4105
7677
3624
1733
3699
372
9941
9103
8205
3973
451
5596
8804
8620
9265
8067
1125
2888
3650
2212
8913
4169
1991
2863
6107
2911
6507
6188
2648
3876
6544
9797
5601
5173
94
4551
3789
9120
4708
1448
8292
7081
5727
5911
5127
1335
2892
635
9904
9681
6856
3738
1876
675
1914
4926
1905
6569
2512
4369
8890
3569
8663
8957
2904
3606
2094
1732
6646
7058
2532
40
4377
5083
38
169
120
7890
9585
5942
517
3111
3202
8279
7098
645
4238
1176
4566
3376
8260
2132
424
4678
4914
8636
9609
2542
6393
8209
322
6423
4250
5539
6600
5923
9335
4949
1859
6921
6149
5402
3541
155
3278
5865
8593
1215
8943
5378
5921
4112
4640
7586
4275
1623
7695
5061
7300
1877
5909
8978
3060
7716
9714
1821
9422
2754
4563
992
1673
520
9250
1619
7820
6632
7827
3745
9040
9944
2535
2414
8448
4513
9942
6917
460
9680
4859
8937
7345
8491
5005
4330
3991
3304
3629
9833
1723
6867
4313
1166
627
9148
7829
3137
4871
5584
1145
443
9281
5561
3981
3948
8204
6266
2646
4775
2567
8742
7180
7420
1887
3854
5
2011
670
1708
7912
3167
4923
2818
6171
3590
4307
9836
2615
3076
1093
6230
4287
3157
3527
1628
5416
494
7896
1622
8911
7484
4086
9828
9238
5657
4132
8955
4876
5177
3160
5253
1464
2576
3193
9104
6488
8816
173
6168
9110
709
7384
9437
1705
5575
2401
9462
1820
2049
320
1529
8235
7844
1058
1461
5198
2012
6484
9656
6806
4826
3385
9499
5351
1792
5697
705
9115
6694
7095
9357
9464
4982
7514
3253
2436
4735
7561
4598
6821
8678
3488
2555
1338
6304
2219
5019
2517
6458
8114
3118
203
9627
4360
9204
483
6573
7876
608
1690
5653
7054
8939
2849
4443
9881
2250
217
8845
3752
87
767
6988
7983
3101
8427
3388
2271
9412
6836
7336
2282
8818
1197
1154
2040
6502
7792
5276
3031
5004
1352
2776
1641
6418
5899
5218
5403
2915
2289
312
4558
1566
1453
4223
9906
194
5708
1330
8800
477
3589
6235
8889
2930
7549
2556
8443
8734
3575
7071
5494
6995
8968
2136
7749
817
8419
5964
7972
3069
3180
7580
1031
6795
4121
7332
4357
954
9514
8746
7446
2183
611
6984
8287
171
4818
1171
1323
4521
5143
5891
8815
9428
5482
5751
9564
2362
4370
8393
356
4970
2697
1779
2373
8969
143
8166
7252
7573
1984
891
1350
9816
5669
1769
763
5984
496
4253
7342
741
2928
9405
1919
6781
2877
8460
9962
7832
3046
9578
3830
4402
5778
2257
9930
3378
9765
2796
5663
2775
9984
4481
7754
907
3999
7671
7144
1727
4904
4405
5845
9457
6903
6778
1068
3593
4102
3351
3507
7126
9167
2790
3328
4606
5196
1822
749
737
3952
4386
8195
179
3969
6059
6123
9047
1772
745
36
4448
2327
2115
866
7892
3170
6328
4436
1290
7382
6143
5808
8193
2757
9704
5898
8938
7562
6330
6566
1516
8017
2030
4676
3016
1755
5929
9473
4778
6471
7740
9747
9874
4814
2640
1336
8823
759
8050
8692
688
4916
230
9618
6850
7398
1322
8993
6585
920
3130
6564
4251
7897
9364
4622
6125
4974
7243
3594
1247
3819
8243
8817
5139
9997
3649
7931
5719
5553
8843
3858
8635
3549
6161
3570
9237
6223
6290
4976
4588
1539
2793
1174
8661
6329
9957
9054
8191
5162
6535
2233
5638
5035
4620
1173
4913
5633
3012
1880
7950
2005
1647
431
433
9176
1418
2768
6597
7117
3661
1022
2672
4362
2037
2524
7330
4394
1835
7393
7877
4201
730
3129
6271
4695
7311
8298
8022
5189
4964
9100
2893
8143
5890
6516
5936
2546
1406
1974
3040
8254
482
7194
2027
1001
7285
8706
2712
4792
5091
5547
8107
1940
4648
6785
9411
5324
8349
9284
4549
7949
740
511
3356
2596
7086
4309
6948
430
9332
506
5812
2903
4216
1886
6662
8012
1082
869
8201
1243
752
6392
6525
9072
7806
8213
7732
644
3049
1761
8424
5874
5419
8411
3924
703
4204
701
9311
7370
1767
6313
5795
9931
7331
8507
6883
6441
3360
7718
9814
6524
4279
5057
5624
6410
9548
5515
9676
5168
3838
2081
8257
9915
9894
5062
4276
1403
6647
9438
6952
5514
4406
504
3146
4602
5461
6641
8192
7196
4233
2889
4354
7166
8700
4205
2874
4499
5185
4173
8979
9756
1194
3933
2823
3688
6058
8215
3875
4934
7462
4684
1483
9386
3807
3414
19
9519
7502
191
679
9597
8575
9619
4310
5922
3508
3773
47
2720
2884
8009
2416
314
3067
5405
7951
3719
2777
4956
6673
7407
3947
3342
8309
3634
166
8775
6823
8498
7745
3936
5341
3604
6158
9594
7251
9192
704
1340
9344
2724
5683
2126
2716
6088
2088
1660
9062
1185
9764
2957
6944
7015
1937
2068
3068
9553
8295
6606
6839
7460
8328
9139
5824
8075
7696
6051
5976
8505
1108
1477
5516
7475
2699
9754
5679
1360
8435
7509
1139
266
4071
4459
9873
9660
6460
9022
6577
8451
4153
867
3908
9372
8865
8966
6574
4401
4724
9591
7333
7664
726
4870
3515
324
5810
6802
3139
1244
7423
3673
8046
2701
727
6208
3282
4671
8905
8835
6870
6335
8984
4321
6981
1681
9928
9510
860
4502
6196
7070
3338
8319
6951
744
5526
1034
76
7430
8897
2463
7969
7705
9011
7031
653
486
9678
8653
7153
3133
4297
7743
6354
1754
2944
5789
9420
9151
8970
9879
8617
4986
1101
7043
3237
2304
5469
2062
4421
9006
3287
2092
379
4591
9517
1392
4232
3530
5140
6238
9775
1665
3550
7404
6366
3977
8116
2545
3887
3341
3403
2536
8061
9787
4610
6278
3683
8466
4839
6708
2952
7434
9419
8570
9933
6789
2655
5232
1361
6987
5255
2143
7667
7000
637
7422
2850
3879
1271
5755
262
5704
6233
4865
8230
45
4242
7819
6492
585
70
6830
2650
3295
2139
9582
7537
781
2217
6926
212
4630
2326
6571
2447
6009
5954
7135
8625
2118
7491
1005
3099
4836
1261
9718
5830
1106
2505
5670
5067
3173
3056
3087
6178
5130
8717
5156
8741
5849
1719
9523
5722
3934
5089
5723
3815
8224
8385
2335
3916
1519
2965
1057
1136
9820
5608
7753
1168
1569
8210
7921
163
2395
4501
1626
4015
9347
1518
7525
6818
1445
1942
2718
3489
1869
4649
1584
6575
3091
7934
4937
6334
6936
7933
4001
491
9077
7321
4619
9039
7133
934
3834
300
1228
2923
6790
9513
5179
6340
6138
8603
971
686
7866
3223
2900
9600
1028
3601
9850
8242
8064
2457
8151
2725
437
7997
4281
824
3840
5759
1294
9702
9164
4299
2752
4425
6674
9779
8095
4556
2684
5818
5918
947
1611
6923
7387
9780
3648
4611
8001
2946
9978
8058
1948
9200
2966
9951
3219
8718
6325
4413
3254
8820
6202
8971
2690
8981
1180
2529
6004
7147
5949
7812
7486
6624
3350
1944
9354
7008
3375
2125
4495
5051
2832
8722
7764
3291
4944
6752
4867
669
4638
9625
4149
8771
1157
903
5535
1426
2410
6530
8537
4342
5105
5847
3302
9063
3778
9652
3020
5741
4523
7978
1422
1416
4344
6863
3805
9705
5445
1506
3192
7276
6443
1602
6740
6199
3717
3895
6100
3739
6128
8087
1417
692
5042
1415
9920
4380
8076
6284
8474
7528
9898
4657
1870
1407
8601
1748
8760
9277
7646
5286
7956
5360
3450
9186
5458
2346
4683
5520
3579
2357
4316
7596
1600
2521
1971
646
2627
7061
1455
1452
1410
245
2740
1375
1951
1088
9015
5726
2912
2422
7679
5888
5481
1015
55
6181
5429
8336
9710
24
1308
7272
4698
9659
3597
2333
9692
5289
7174
7577
9983
5980
6612
4025
2262
8724
7534
8731
6214
1425
8353
8413
4857
9544
5710
9505
1549
7644
6085
7945
7888
2165
554
1892
5049
8992
911
6551
2284
8582
1085
6930
6858
2807
4829
2589
1811
7772
6703
5020
5873
6187
1696
9475
5119
9570
8667
1551
3451
2997
6016
209
6868
1119
5418
9662
2325
6146
2553
8736
9524
1304
7529
2309
1050
2252
975
3942
6653
5268
316
7742
7405
9762
3663
6006
41
3905
5306
7100
7192
845
2367
6407
409
5577
7870
3582
6298
4996
652
6642
3914
8196
7305
3644
5939
5846
273
8473
240
8327
4732
8599
4896
5205
3708
8756
9197
3759
7017
2570
1818
6792
5330
6468
8225
1967
1651
9206
22
6055
5111
7063
8269
2055
1943
1250
5348
4827
4476
7002
756
5700
5926
5480
8733
1184
4643
3743
9374
4286
1325
5915
16
4693
1086
8227
4118
8477
9936
9743
8569
6538
5540
2227
5675
5108
5985
5150
4795
2093
661
9859
5826
6563
6869
6770
9576
1188
2963
2525
2982
105
3222
8886
9391
2577
7724
1122
2581
1100
2548
3762
5878
1107
6640
4008
3153
4511
5860
6010
8450
7169
5420
1655
4927
91
303
6113
7390
4811
2330
4092
3367
7763
7007
785
5602
6766
6019
1797
6949
885
6500
7556
4229
6483
3837
8060
6656
2588
6827
9365
9294
5241
639
5279
335
8019
5144
4494
5141
2388
6763
6498
7660
6553
8698
3462
1046
5872
7962
2328
7553
814
1203
9351
2937
658
2872
3457
1741
2593
508
5773
4217
497
1993
6041
8565
2871
1053
6319
1957
9355
8702
9685
7088
2433
985
3906
3545
7547
3077
5730
7339
8432
6700
2836
6029
8685
5586
6449
965
2988
2496
5568
9235
2573
5889
1471
586
3444
3188
6361
2103
8459
5866
9846
1047
4120
5181
8624
3082
6567
1780
5593
2369
9133
2120
1376
3248
3566
8517
9172
3555
7082
6248
2268
724
3166
4155
1074
5302
2664
6541
7130
8190
2417
5707
6885
3286
3234
7296
5362
8650
821
3689
3014
8337
2547
3827
8572
5032
3321
4361
1355
7318
4061
4197
7343
6356
8915
6797
4908
9682
1832
6148
4497
2727
4696
8370
9855
4906
5523
4179
4522
9108
8486
90
2815
4269
4027
4631
4851
4967
791
5953
980
6021
5408
2087
8469
5958
556
2467
8930
6969
9823
6565
6364
4617
5431
5858
4037
7886
7924
6959
2878
6954
4788
319
9020
8777
7497
5282
7505
624
8362
865
6031
4730
6224
6774
5060
8878
4899
9583
7702
52
3956
260
5610
8552
729
1912
7879
4592
5367
2746
2814
1124
9963
5397
7319
285
3509
1725
7213
8778
6374
9980
8099
892
8896
5598
3723
5763
5612
9221
787
421
5992
2045
3672
280
5665
3833
4389
9280
2659
2853
6464
3294
218
2689
9258
8335
9497
6968
6739
2597
1760
3210
4828
6727
9752
4646
2202
9867
8377
7895
1635
3646
6578
6377
7606
2813
7919
8664
4846
6114
5503
7478
2722
1864
1791
2702
7798
2751
8376
9863
9173
3516
7853
1926
630
4438
9632
8785
6472
6111
5159
3679
2053
5029
2292
7887
353
7735
5095
4579
4058
2429
4163
4554
3707
5043
9269
8543
3647
61
3081
1992
6231
858
2909
8010
3036
8726
5417
8850
1498
1812
4324
4804
8391
5938
2924
8986
5274
6306
597
9785
1285
4002
6685
6367
3691
4032
842
3926
3983
4415
5556
3534
9515
380
6757
86
8439
6255
141
3911
2968
4165
4082
464
8727
6295
3617
3557
5794
766
7894
1237
7714
9463
7067
4524
6292
713
4688
9603
944
8880
676
3080
3705
7150
9871
8410
5444
7236
9013
818
410
1318
6008
9703
6286
4918
3058
1874
4883
2552
6892
5122
8524
4483
2104
8619
610
2622
9380
9276
6189
4039
7785
4124
8150
7946
4088
7278
2466
9102
9471
678
1815
1016
4988
3033
5321
8071
1118
344
5056
3632
97
6738
6371
3298
8305
5774
5705
1427
4680
2238
7027
4835
8649
2134
7790
5581
7780
2178
382
5887
466
5757
6931
123
2351
5277
2026
8155
8856
9824
3625
9147
3870
7599
5600
3928
3061
3536
6750
3603
6115
9407
1484
2631
2844
1433
5204
7991
9310
1565
926
698
6435
1245
1593
3144
1389
4997
8640
8558
7810
2498
9337
5318
3656
4915
5703
5688
7884
6938
4029
168
5434
7598
366
9149
9811
906
5557
131
6386
7110
8330
1693
3971
6617
5718
9456
9493
2352
4403
8713
5656
6838
5711
8307
3812
1049
2070
8646
8420
3102
6144
6711
5157
4266
988
2028
4188
5037
9320
4831
2164
2609
6531
6339
5354
5200
2539
5346
8991
8414
7570
580
8715
3486
3909
6452
5525
4341
3010
1205
321
4761
1402
5999
3859
5792
9324
8657
9725
7102
8056
6676
3863
1012
3340
3702
8945
7655
9869
3200
8048
8658
7449
3279
7052
1798
8089
8748
1826
6505
4172
588
3428
4889
6808
9626
3865
8568
6796
3037
8154
5868
8980
4066
2890
9308
6011
1750
2244
6832
531
8277
9313
2920
9763
828
6201
9818
2945
6912
4162
3989
9690
8610
9203
4965
4235
2479
2978
7268
5165
7985
106
5625
8963
6245
4304
8964
9346
25
9252
9927
3814
993
641
4174
8179
5582
6815
4175
2880
4252
4569
1721
1190
5183
8996
2658
7614
1888
3400
4392
8198
3929
1182
4821
8695
4897
1603
9348
4041
3100
7079
3478
9853
2270
3930
4928
6542
9623
9112
7127
1396
3694
9981
1583
9279
8563
1391
8052
4583
8956
8561
6866
4104
3175
354
3050
6745
4764
7308
4424
1610
6512
7824
256
5488
4887
2341
643
4589
4260
44
9377
2261
6382
3261
7148
8732
3802
4855
2983
7662
6422
4144
6222
1144
2867
4912
8234
4841
7524
7474
3767
2294
118
6162
3692
4655
1024
2203
8344
8879
1975
4922
7564
8028
2075
7731
2820
1745
7466
126
3047
2981
9543
6183
75
4263
8613
2824
6258
4278
3798
31
6363
8497
2951
2784
2601
7809
4063
407
7738
5451
2368
5248
1577
3104
1206
3003
9832
8520
6275
7419
2371
1232
7469
5449
1404
442
7903
5364
5507
7503
5785
6966
457
8105
2071
5352
8921
157
7927
8895
9631
5313
216
1917
8313
7750
6226
1831
3177
8919
8774
3161
4458
7109
8302
3366
2674
9135
9914
3437
9541
1585
4452
3412
6508
2409
3517
1226
2821
3576
2443
9028
5115
241
3986
4349
9033
54
9709
6346
7326
4651
9301
2247
6720
1147
5499
8917
4559
9415
5987
6729
5686
9187
7726
7224
4159
9487
5423
1784
3276
5724
4160
2533
9961
6833
2311
5459
3176
5014
5486
3002
914
8173
544
7399
6678
6897
603
2035
2750
9378
9166
7354
7669
5016
5195
5957
5901
1137
8185
3770
1241
2450
6584
3113
453
8057
7383
4054
2375
4326
2826
3071
3664
3994
4477
5955
7188
2819
139
5735
8671
1904
1527
5169
1013
2969
4148
8146
8676
9806
8670
3824
2123
662
6560
7084
982
2478
3938
6594
2361
4150
2152
9601
9628
8122
9168
515
402
9097
6454
968
6783
4504
1843
1264
3083
570
1217
7794
7917
6093
7349
6713
2031
3753
9717
3079
2455
34
9759
6756
8838
7987
1042
5331
2170
4228
1040
8632
1496
8170
4624
7757
2665
3496
9205
6956
7118
5764
8136
4902
2278
937
7173
7544
9442
9866
9227
9508
8792
9379
7453
2653
8231
3399
1134
2993
5963
4679
7645
8065
8942
3922
2882
3519
8920
2147
89
5510
6799
3029
732
1543
6276
1160
4119
4849
2438
8711
799
6709
7913
5022
9670
4576
9121
474
2632
9158
3334
3355
621
840
6129
5319
3005
1737
2544
1837
375
5284
8553
4507
9071
3288
8596
2015
9604
1916
5136
1083
9691
7905
4645
9452
5148
6893
465
2141
8530
3038
3001
2306
9153
7517
5661
3449
304
255
2380
2348
3199
206
1852
3857
9841
207
1061
4567
6633
7941
7787
5400
4527
2239
5998
2267
8925
7304
104
2349
9536
4585
3490
8228
987
8643
8965
446
5325
7557
8355
4352
30
7789
6355
5210
5026
7464
3939
3228
6482
5885
8567
4989
9539
8801
7069
638
7698
3733
268
9507
2215
3382
9142
7057
953
8847
156
7385
180
2855
7915
9267
6494
3572
5573
7929
5509
5940
4257
6300
8084
4547
2715
8271
4367
5413
9425
6376
916
710
1018
3184
841
5446
310
7979
8097
9232
4740
8924
4347
357
8598
8538
881
4091
1883
5512
5467
1840
5134
2599
4874
4545
7955
1801
4650
3551
6527
613
6321
2905
129
7501
1165
9371
6942
6759
7215
3889
4206
8261
3677
1095
3181
1440
576
3835
2192
2976
7468
3420
3019
5528
3533
6457
6493
3397
4451
5699
4441
4084
4509
3476
5337
802
288
1268
2869
3044
5212
7034
6139
6402
6947
1103
1191
4328
2476
3968
8263
8545
5034
1691
1766
7986
7391
4046
6065
3710
3090
2600
715
6900
1105
195
5202
2308
640
423
9418
5234
2047
1844
5693
793
2606
6430
9810
1536
904
383
7710
246
7377
2507
2671
5970
8465
3627
368
4641
3443
7039
4231
1017
275
7574
9031
6347
815
3732
4518
3438
879
325
9741
4626
2007
1413
7257
5790
5871
8128
4834
682
8456
5716
2360
9885
5558
6256
347
8634
7327
9622
1339
1608
3651
2693
6611
1627
2032
2169
6580
113
3423
1941
1002
8884
3456
1072
9584
1625
5673
2883
6207
9397
1032
7123
4514
3856
7028
8806
4080
4329
5959
8475
2406
537
5932
789
1574
7841
3124
5154
3218
8297
4068
3008
7508
2996
5859
3912
3523
8418
3213
4466
1045
1664
8576
3357
5742
6301
764
5152
2932
7317
3771
308
7663
7184
2382
8082
6182
6117
8877
4428
1038
6879
5944
9912
9247
9050
2161
4595
5102
2343
2651
9999
4707
3022
5990
7029
1537
4819
4652
5782
1480
2602
2896
9707
977
7217
8422
6874
666
1535
6601
7365
5834
8316
7863
29
9721
1280
7519
8118
2499
6916
6495
8182
9217
5386
7030
8793
7400
725
2788
290
3094
8578
8689
264
8258
9598
1999
7697
2229
8115
3599
9886
10
9905
5465
1437
9922
8549
102
4537
8703
1698
4794
5414
2083
3577
5023
5081
3023
5743
6030
3232
186
2157
8556
5471
4019
9435
2572
3503
7954
7078
8047
3244
2950
99
252
8464
1363
6486
1429
5543
8073
3430
9727
2614
3345
3512
9868
949
8104
3140
9160
6638
3714
591
5194
9683
2592
1654
936
9572
6767
8514
8821
8223
6810
8285
12
9069
2518
4852
7053
7412
9937
3751
9302
6274
2043
6630
1689
5739
7734
942
2358
7634
28
6955
9950
2251
3470
770
5933
2117
7937
9426
1679
369
7539
5070
5197
6672
573
8006
4770
9960
7346
112
9199
6622
381
3500
9556
1639
4790
7518
4308
2906
3844
7020
6250
6697
7551
8445
9877
7306
8508
1306
563
8259
6095
3446
4064
8721
1562
1405
6628
9711
2817
9511
5765
4290
8311
593
9096
739
9555
6846
5484
1333
3715
9932
4751
8068
6289
3065
5856
7685
7137
6650
1489
1222
60
5862
4363
8471
185
3128
4710
3431
6985
8392
3252
4744
9055
541
1167
1066
7673
7240
1773
3343
1169
7443
5085
6643
5278
3701
2444
564
4434
7712
8239
9472
9321
967
4420
7155
895
3755
7047
7406
1554
9044
5453
3611
478
2595
7862
184
7800
3720
6434
5823
3098
9439
7159
323
2366
1836
7938
7199
5280
498
1774
1313
4637
9445
8728
6409
9349
3057
6887
534
2805
2265
5132
3586
3881
6440
4224
9408
9825
7042
4950
2530
455
566
7527
6362
893
2557
862
2162
452
7589
8241
17
5986
9557
7011
6894
1895
2355
5647
1927
8408
7324
175
6159
9989
3073
6602
5977
5811
5590
6997
3329
9413
7256
6261
1348
5209
875
5737
5595
1312
9327
9137
5714
427
8163
7232
542
8912
5836
339
4358
7815
9952
8282
2106
4014
805
484
1575
358
7435
1550
4618
150
9884
6040
8754
8931
7023
1896
1982
2477
7165
8941
1289
1976
4692
1793
9367
4190
4596
8081
7143
1315
8638
7704
9783
5639
3494
5041
5655
3635
9467
8500
3454
2566
2424
2156
816
6336
247
5725
2941
2990
1616
7600
2418
1735
1830
7526
1249
7849
994
9
2514
6453
7852
5216
9008
9181
6690
4892
4430
1995
4364
4382
1534
2329
773
2036
5320
7050
516
3226
3932
1935
4773
1343
7076
5038
5368
8579
683
6961
7294
2340
7637
4862
93
1578
6061
1262
7414
7817
6112
3158
6437
3615
4940
9114
6052
9586
8864
648
9637
9423
4274
6982
4345
1685
9495
7493
4653
5569
6406
6540
1782
7353
1300
8278
1986
2089
8117
1463
3415
1804
8325
3623
1272
4482
7830
9081
3467
8594
6907
9331
5599
5835
9740
3567
1788
559
4786
9296
4314
6018
9141
2765
1198
9781
4048
5235
3709
6288
274
9761
4763
9290
5219
3750
6922
4553
8062
863
864
5238
3142
1657
440
3107
1666
3307
4318
26
2481
1073
2779
1120
7282
5498
5545
9929
1473
2531
9124
6192
3670
4245
5701
6003
8332
4931
1597
523
1586
5843
6072
3704
2492
8528
7172
8237
9498
66
684
4985
7177
1989
9223
7473
9086
2494
8518
5820
4254
9085
7715
9902
9532
4439
8627
6116
9990
6307
8810
3391
1030
7643
2522
9259
5438
5965
2949
1275
9225
8995
1000
282
9329
9129
122
5867
6312
5018
834
673
8673
2008
9312
4539
6229
6814
5982
9131
4580
874
5468
3573
4111
8618
6592
9897
595
9034
362
8137
6227
5092
1865
1699
5903
7675
524
7552
6412
2559
2706
3950
84
4331
1596
1965
4882
224
7709
8606
9669
2783
6680
1983
6978
8184
8245
2064
1251
2323
2108
5838
1423
1817
2848
7653
6499
248
6644
9271
775
9165
2196
6794
7492
2155
5287
5401
1990
5012
1587
8324
6857
6001
7298
1899
7283
2248
8004
8109
2078
735
557
2151
6384
2446
1568
4530
2918
8329
403
7523
8769
8581
3021
228
810
5422
4089
7963
5006
7854
2320
2644
7630
6184
9491
9788
1929
9971
9789
1112
8859
8132
647
1946
7418
7233
7191
3442
5118
6970
7684
2411
7843
2781
6604
5259
8739
315
590
6305
8433
4536
8611
8712
560
8238
4947
8093
830
7235
9571
3066
8088
8730
6421
1891
2452
8096
6687
190
9194
2914
6721
5387
3471
6034
2095
5907
956
6889
2058
1009
6939
1345
6327
7856
4455
1588
7628
2733
7157
9278
6840
7379
9468
4980
5170
1918
67
8029
1104
330
5611
5803
2925
6744
74
7275
1528
9735
3389
4815
6629
6119
1102
9052
2759
5550
7260
832
9613
3455
6438
7932
7568
2534
6209
6864
4879
176
8645
5947
1138
9263
7266
361
416
2287
5243
3982
5137
6098
9449
5975
2347
6631
6135
5621
9635
2400
5814
5637
9341
4184
3737
4639
2688
806
3466
8390
8888
2383
4728
6326
9766
7848
3281
6109
1236
7585
1062
1851
2766
8428
7581
8707
277
1563
3735
6732
8041
3935
1598
1846
594
571
5456
9095
7507
2459
5563
4240
4385
1906
8651
3062
8590
4798
8949
4211
2080
9592
4668
6185
8515
9559
109
8110
6749
5389
9651
6239
8268
1678
1309
2636
693
5180
5254
2129
8928
8659
5155
449
2623
7129
8737
1412
5781
5207
6496
2908
7394
6934
8555
7516
6294
3274
3348
8873
5776
1629
1939
4010
2110
4094
2868
1922
9233
8506
8338
5080
1442
9450
4227
6669
1969
7476
1035
2635
348
5054
9699
9361
6445
7554
861
1476
3847
1141
5125
1204
1931
6994
2189
5892
9845
3243
754
7006
8112
7470
3727
7065
1697
925
2434
3479
5760
8455
2845
7463
8102
3105
9546
1071
6730
4823
4284
1094
3235
119
7617
7195
1977
9634
8440
3537
6777
1860
5437
7607
9940
6359
11
9049
9956
5059
3267
5676
153
2985
602
2509
1742
5149
2789
8962
2922
9808
5771
9126
7597
1219
8314
2808
4981
223
5082
8875
8334
7037
346
9366
9986
1159
8773
9813
3652
5732
2794
1470
7085
8346
3862
2003
2865
3640
2864
1510
3786
2984
8492
5734
4776
7131
1783
9490
4460
5754
4085
9700
5555
2736
963
1504
3598
6425
8400
181
2979
8008
214
5084
1006
5138
5787
3381
3836
3951
7758
7940
8822
7170
5473
2799
2582
8503
7865
5048
9767
6761
5627
7860
1841
289
6283
253
7739
3913
1081
5236
8985
8333
2729
6962
1570
1879
7250
1704
2764
6136
4337
5721
807
3559
9190
7179
7636
5671
7996
3957
9082
7928
4199
4844
2571
3554
3665
6099
6033
5854
6249
1790
6705
4024
2041
6963
5650
6847
4343
3086
9244
271
9458
4769
853
9892
1813
1349
2423
5682
2554
4608
2174
7779
4962
3562
3208
4754
4993
4983
43
6528
4968
6127
6389
405
7727
8690
1186
3458
3371
8015
9143
1242
4900
7396
5925
8863
3613
2404
7244
6094
4312
7650
931
9606
2232
6593
3410
4100
1468
412
9057
3078
2894
3684
5226
8866
8457
5391
4806
3459
3262
2885
6048
5349
6478
8031
8499
8160
4681
9455
5158
6977
4750
5425
9078
9447
8870
1150
2851
9043
8630
9213
8607
6976
3035
8862
9249
7953
463
2551
7136
7840
3975
2299
7202
1631
317
8303
7416
3990
96
2398
1089
9917
1465
6849
189
7725
7855
9109
6975
9798
5620
9416
9848
8176
2470
535
9466
9330
9567
8322
1084
71
1903
6213
835
9992
2785
9595
1458
7868
2199
5312
9222
4802
1115
4718
3362
7314
7193
8923
1277
5968
6751
6737
501
132
3747
8374
1713
5002
177
5791
1263
2680
6415
5107
8637
1746
9002
833
9611
2038
9875
5562
1227
1378
4920
5421
7427
4301
9786
7872
5433
6776
8189
8181
8525
8548
2704
3992
9531
7880
625
3612
374
6928
6211
3464
973
9477
7014
9924
8529
5544
1645
5099
6414
5967
331
9414
5893
3584
1162
4951
8489
6413
1383
5518
6375
9251
7618
579
964
7906
5654
3609
2198
376
9809
9792
9668
5112
2176
6609
6801
6910
9987
4762
7944
3610
2833
1314
4327
4427
5630
2995
6293
2667
8236
7433
200
6462
5017
3349
3416
9748
9032
3867
9799
7344
8021
629
9731
3250
3520
5381
8423
9655
8791
7254
7485
1756
8747
2019
5474
5298
5875
4627
6451
1589
9113
8202
6667
7916
441
5217
1795
2391
7376
1385
9895
900
6049
144
7164
3970
5560
6341
8623
649
2700
9770
8301
135
4007
5684
490
1762
9369
5024
15
913
1431
1898
4261
6623
5758
8883
9842
6024
9533
6157
5323
2454
7612
567
188
5439
2707
8161
9156
313
6320
7413
6666
5960
3195
755
6064
4230
5660
3558
2721
3855
9480
3823
5531
5395
4850
341
3435
5508
2085
1499
8780
4198
7620
3164
3054
1501
4339
237
1848
6958
1432
6126
8909
5328
9127
3074
2713
2927
9745
7151
1097
615
7074
4077
160
1889
6197
1674
4282
9696
4942
9075
5190
9286
7122
2259
2465
1961
9893
1479
9822
7182
7658
7334
5065
8317
7857
9431
8447
3761
7566
7875
6169
6590
4226
3674
1301
7142
7839
5339
9014
933
8288
5088
8200
8246
9701
8604
8990
3006
1449
7543
125
4449
3667
1642
1980
95
5161
2144
162
5290
8387
5966
1390
5221
9215
1327
7175
633
8914
4123
5347
2772
9852
3063
9804
7604
9210
9500
3187
7479
3125
2324
2339
3116
6218
5672
4381
4390
4560
6039
8841
2435
4534
4525
3482
668
4320
2017
8357
6945
1158
4350
9679
1379
1839
107
808
2837
7737
3728
7833
5720
9242
3799
9261
3658
4917
8069
7187
154
8684
8452
307
6533
9009
6506
6351
6
7694
8397
6134
8133
8463
736
8699
6582
4709
267
8786
7668
2184
1269
4782
8783
9396
4457
4953
6596
1808
8467
5338
5288
2856
9830
3112
7004
3872
5272
2191
6132
4474
3275
1362
6122
3042
9661
414
1850
750
5850
6999
165
8798
8687
7299
5969
2431
7436
1805
1728
10000
4984
3578
8468
5793
9636
6379
4866
1972
7943
4423
6380
854
4069
6378
7730
1739
2852
2960
3794
5463
6268
8141
7569
7366
1329
1591
2296
825
4185
8437
9494
6387
545
7623
3000
943
458
2698
9899
9840
9171
8892
5537
3618
7367
3748
7965
2177
2344
1526
3690
4450
7374
7301
8396
2280
3963
5870
2838
4621
9870
7013
8743
3797
1908
2760
9935
3324
3583
6273
9207
225
4771
5952
8293
8113
3246
7627
7504
8584
8532
2181
989
6075
3642
4960
9430
6267
2453
2692
4858
115
3004
3563
1395
5576
4659
473
1311
371
3884
2206
8705
8049
4462
5904
2128
3418
6855
3309
3729
8901
9596
7457
584
4999
5806
9593
6060
6357
6131
8550
7411
21
2209
5176
5120
774
9749
1827
7847
2625
7218
958
8927
7060
7674
4987
6693
1921
940
7625
1854
2859
753
7388
5799
4140
4306
5747
7415
7899
367
2758
3680
4498
9106
671
5396
5333
8094
5266
7494
1751
1393
4419
4723
6769
9739
9323
5297
5519
6070
502
59
116
2472
394
529
4
5303
5215
4129
7116
4323
3669
7183
533
9573
8768
4397
2809
1842
9198
6469
8417
8621
2291
9144
4803
4604
5538
7410
7277
3839
6873
3422
6013
2059
4475
161
1493
1400
2046
7592
2002
6463
7722
2370
7465
6331
6788
1090
4686
8386
328
3869
1490
5913
5831
485
930
8027
4721
1778
8358
8380
7563
7101
762
7104
8998
3441
2337
1684
5768
3655
9068
6477
5807
3216
69
9599
1677
3127
8080
5359
2719
9384
878
5644
2942
2412
2137
8178
8562
4433
6620
2842
2290
3018
2000
1497
1849
2130
4660
1231
604
8256
6234
5411
6253
839
804
8622
6895
1367
2482
6322
5541
8655
7444
2939
4192
5930
8723
5233
4011
9417
1706
345
5746
8560
6702
2991
3726
536
2862
7041
6953
3505
9643
6243
9607
4783
8837
7121
9616
1862
5412
1273
5542
7975
9220
9827
3760
3927
3354
5371
626
998
8306
7451
1382
3639
7970
2977
4654
1051
5816
986
3369
9972
1234
575
9460
8997
392
3904
8680
2791
8124
7760
8018
8407
5452
3903
2513
8496
960
7380
2603
3120
1430
7676
6972
7683
489
2456
8366
9959
147
3616
302
3178
2735
6659
5227
9073
889
1614
772
8950
46
4946
3293
2220
3392
406
5188
82
9526
6779
7708
279
8898
9041
4134
5769
3638
3247
6902
2187
6056
2730
5104
4628
5160
2090
2802
6082
7211
8356
9901
5490
4222
7181
7571
4731
9590
6002
1947
7559
974
9400
3398
5800
5327
4156
4756
9421
4376
6627
514
3591
2171
9157
3380
8846
9356
103
4187
9520
3384
4098
1749
4017
6264
6924
1143
254
5390
707
4615
9059
5502
6523
2657
6872
1475
1613
6861
3277
8977
3697
387
1229
1548
6616
4181
8399
5532
3126
1522
6515
3168
8626
8167
7438
8091
4259
7009
1763
2
1615
6718
3882
8752
5896
2483
5935
7533
3172
5133
1326
7055
3427
3514
3141
9174
1502
4715
5145
6333
5840
6308
4816
5552
1819
8973
4021
5376
2218
7591
4516
1505
6786
3198
4270
2584
4454
9492
4966
1814
7046
1994
2111
8053
3053
6919
1920
5729
1401
8867
5589
4910
3292
1680
2506
3602
1858
5821
6026
3995
9474
3132
2243
1517
3108
4796
6416
8398
7248
2016
2195
3721
5728
5114
7001
8871
4674
2579
7145
2695
6965
2630
2065
360
6735
3493
9074
5815
9525
6220
8577
697
844
7775
6079
6038
9342
6811
385
3532
6971
9403
9795
1195
6598
7990
5370
3491
8106
7247
2138
5666
4586
6150
3194
5912
8948
6817
1091
2564
5213
1544
5852
9839
1286
1331
7291
2747
1802
1958
3792
884
2575
227
2562
4288
6054
6804
9390
9857
4774
2197
336
7728
2668
7744
4777
8682
5680
8199
2543
3439
3918
9621
2676
6904
8291
9260
4375
3724
9118
3196
5301
4812
2364
4603
851
9283
4407
5050
2642
355
3740
908
7923
757
2745
9116
3301
7719
5345
2578
7692
2678
2124
8108
4262
7706
4642
3595
820
5886
9088
4065
5450
4325
2458
959
8290
8554
9650
7264
2082
499
1709
4374
2744
1910
3011
133
9488
2608
8341
6860
939
8903
632
7281
8720
5398
8262
2342
9150
7611
2861
350
1189
5731
429
9001
677
8299
656
1637
1949
4200
9837
3085
6373
8813
7141
7935
3886
9562
2448
4414
1873
7033
1177
6753
3007
8906
1175
1794
1181
287
5300
6228
7392
8431
219
6419
5355
3941
7359
9316
3868
4738
8240
4485
6549
1546
8527
408
9130
5373
2870
3123
5883
299
8169
1962
1456
6097
7648
2386
6755
1451
1525
9782
2407
654
4072
8220
852
1359
42
2786
6871
9501
8758
2926
565
2550
1667
5066
281
9673
7777
8441
2782
9248
2621
8482
2541
6586
6548
8802
124
8522
1512
9303
7132
5257
3676
1211
8586
4895
127
9007
7846
2753
4400
7138
391
3801
5340
3190
6568
7904
8675
848
1573
7347
7105
7320
2804
6929
3821
1533
792
6692
1618
6878
6203
7255
7425
8891
5839
2502
9888
170
471
8487
152
7490
5310
9295
7293
7797
6083
831
6137
1508
9821
1020
9410
9778
5802
6076
377
9729
9441
8755
7822
2734
4416
3171
2159
6391
1954
2316
5406
8660
7238
9923
2353
487
6140
857
79
3407
574
9169
6436
2365
3402
6398
3150
4767
6062
1617
5961
352
232
6332
4487
4909
3996
3151
3417
9128
4283
7220
467
7378
6444
1148
1358
4930
4746
538
9195
6400
6526
8367
1056
3480
4126
8426
1729
7401
6050
952
8509
8934
306
495
2970
9753
6736
9684
532
9826
3706
619
3095
3626
5687
5594
5946
9734
6225
5356
1564
7295
4541
5692
4133
2616
2135
7152
6671
298
5098
2107
5493
7445
5448
411
2537
7759
9375
7160
1371
1553
5201
5916
5772
6658
3645
3979
1856
8668
7302
2891
8899
6791
9094
2762
5991
3592
1357
8840
3764
2846
7814
6120
9551
4387
7163
2634
9469
8252
8908
4875
251
6555
3092
2780
39
8672
488
4526
9560
48
4210
5997
4929
4492
2241
8631
8218
2958
9370
510
882
8267
3718
3763
7035
5052
8384
2806
5126
1823
3052
1399
5031
4246
2295
426
2381
3409
8788
6240
7770
4868
3962
4636
962
4036
4300
7246
8244
9955
581
3434
373
4388
8026
4243
6077
4992
7776
9805
8493
3179
6634
3818
2943
1717
1238
1857
3096
5691
5797
1878
5334
8790
2281
9304
1659
3296
4903
4285
6935
7720
4079
3436
6518
7409
9889
2354
3468
8827
4167
8767
8573
9461
3024
7584
6943
6037
5733
7472
689
9838
2086
1059
8381
9896
1356
5876
2708
5021
3359
7988
9793
8323
3203
1281
7021
6933
7977
3769
8709
8024
6654
2929
3725
1488
7959
2283
7313
8350
6670
1776
7226
2100
8502
5945
1212
9538
5779
8757
601
5924
8126
1369
1925
7402
8614
6046
8389
4755
9443
2587
2954
4856
6106
3051
9563
7902
7
4791
2245
3848
6032
9602
2731
159
1541
9264
9432
522
4137
2419
2610
7201
7312
9319
7203
4543
912
2190
1255
3064
8351
2334
1650
6681
7608
8409
92
7765
8539
9185
5698
6964
7583
3093
2490
1482
8007
6773
2408
5357
7788
244
1287
7329
9132
5090
1450
4292
880
3395
8442
4975
6108
6918
4171
1163
6170
8639
7093
5827
9326
5311
9183
3852
9067
3383
7134
5937
500
1121
3159
57
5864
1151
72
9322
7964
2153
9776
283
6503
7421
2200
5648
4191
2568
1394
7292
8168
8134
7947
2474
1060
4697
4202
6028
8849
9395
3741
9624
2150
2583
3800
1514
340
9485
7869
6372
722
1223
9470
7624
3784
938
3119
8809
3326
9698
6404
6473
5822
1513
5265
910
1676
7575
5585
1128
8372
1216
78
6990
4213
4317
1594
6474
9629
1649
2683
3217
6979
1438
6411
6450
1387
2230
8345
5857
9360
4493
2413
338
5659
8834
659
7942
4083
7971
547
9038
7323
5619
9226
9909
9880
7723
8485
9111
3242
4675
9715
3997
7922
1260
1129
3121
4959
4170
7154
1970
9193
623
8540
2396
6819
3988
4837
7051
8602
2827
8284
948
8101
4353
6754
6807
7510
1225
8251
6074
8395
1930
6865
9000
4322
5225
5756
2051
8825
9530
3251
6101
351
6216
5222
9333
6831
8033
7515
5690
3793
8404
1111
7156
8944
8016
8974
8595
7535
2149
2074
3394
5069
1436
4845
2761
2266
5504
8421
1894
2590
4087
2160
509
9694
7270
5761
1884
3810
8296
4635
8100
2359
5583
8952
1765
7654
3447
4607
3138
5559
1004
8348
4711
9239
5039
6272
6905
6068
5342
4004
5491
8833
8542
850
1576
680
9363
7874
1590
2643
1834
9641
1054
2629
6323
7253
5640
561
4469
164
8359
229
2345
5572
922
7619
4180
4115
9844
9872
826
4373
2421
7761
5388
3668
9947
4848
5363
7565
2175
7957
1985
9723
4093
239
9617
73
9243
7158
9125
128
4467
1828
5853
3283
6405
7952
2471
9409
9080
4716
631
1116
2437
3531
7072
1800
1662
5694
3257
5250
56
4044
8975
872
5262
5917
5983
5618
9760
7918
1258
3917
6179
6610
2006
8165
8138
4146
9728
4207
2440
6063
1838
9565
9090
1530
4840
9436
3325
7044
6316
3318
4672
9550
476
8976
9434
3775
812
9154
4601
6546
6090
6287
7657
6618
9569
9757
6992
5495
436
9988
1354
3311
7498
2451
2210
1752
7477
696
528
723
847
130
1008
1274
5828
6081
981
3240
8501
4026
4661
5053
7395
297
4127
197
8371
5881
519
2987
5372
7439
9803
8121
3960
9713
2510
3270
8229
1252
9742
8535
7766
3907
5578
3966
4241
1491
6191
8
2020
6510
4480
876
3588
1612
2749
7936
1656
7536
493
9465
6490
5308
7288
4632
1829
8369
1663
3877
2565
8893
7642
7094
5167
2594
4378
3776
4393
1607
8872
9516
7881
3372
5003
887
9977
3803
2226
3841
3201
7161
9773
6200
7186
6246
945
6898
9362
4203
8283
718
5564
7689
4972
6583
3860
7968
5995
5956
7793
6219
4249
182
6529
4005
7795
2989
81
8086
809
1620
5951
4663
4268
7480
9903
8811
1807
8203
7939
3419
1192
4842
7210
2728
7483
5317
250
8339
5715
8266
2303
9648
8972
6429
6859
5483
5106
4422
1374
114
5629
7274
296
9209
6741
788
7796
9107
3596
5505
7741
8300
7124
8725
9970
6455
3742
513
4214
5819
2146
9291
9224
6259
6395
5123
3117
6764
9262
1240
3993
3790
3547
751
7867
6069
3154
5361
2931
6591
769
836
6927
3034
4878
4863
2488
9004
1478
1023
9373
9352
9638
2223
3231
702
5745
3565
8294
2975
3766
6520
8510
3998
1218
7087
7139
5113
1303
2439
5658
4277
4043
2097
2249
7703
7958
9336
7821
9976
5501
390
3571
4720
4666
8183
9738
4743
6195
1444
8127
5460
7115
9854
5900
238
2574
1200
1397
6151
3406
1043
3315
6886
1867
51
897
2119
4294
898
3055
349
6194
5457
5634
8373
1384
5767
64
6552
7665
8462
5993
9860
1701
8119
3337
1067
2112
1759
2331
8276
5511
5184
4745
2314
9123
6396
9376
733
286
5548
6057
9343
1420
5974
8751
8403
6397
9191
6370
7441
469
7090
5664
8574
4336
6967
2214
5086
7711
3432
6020
2677
3045
3722
3828
5135
6012
6491
2801
5293
6635
1220
8605
4293
8265
3864
4833
9389
2426
8536
9834
5487
3925
3861
1799
8716
4779
716
1702
7873
6091
4787
3608
6652
9152
311
2332
5565
1753
4426
3843
2442
4022
1248
1981
88
8425
4561
8255
6401
9527
8342
5784
4564
4935
6110
1875
3408
1014
1606
8025
6707
9138
8175
8318
8378
8495
4933
53
3943
2014
5476
8054
2415
1305
8647
9535
5651
3880
5432
167
9305
6826
5013
5121
846
5533
8129
5383
1734
4470
3310
6835
8831
4510
5182
6310
1316
896
1624
9155
1039
3686
7755
6165
3134
1847
9911
4772
4371
2604
1332
6153
758
9177
5044
7068
2618
5358
5748
2464
8310
2372
6385
4669
4742
3978
4699
7361
6784
146
5093
2828
3499
3365
2830
4131
7688
1109
9045
1599
3114
2898
4597
7864
1048
4542
7316
418
7019
7107
8982
1334
6315
3621
1855
9093
2953
6352
8516
2098
3959
5231
9253
1235
6342
7980
4158
553
480
6073
4932
2998
4154
1278
2947
5129
3897
9945
790
706
8289
3524
5365
8648
7513
1492
5343
3657
3954
5485
8935
6607
1320
4056
9900
6768
2834
7245
7690
8159
9807
5623
192
5322
2023
7506
2493
4095
8083
9644
3347
1153
3169
6957
5626
138
4055
2661
5440
9005
5762
905
7889
9358
4705
1683
3955
1386
4074
1133
9829
3585
7984
6489
5240
8666
4614
7073
6689
5780
7976
7263
7713
9812
9907
7066
6324
3976
5028
1209
1193
2116
4038
1924
616
4925
7360
6576
6254
2755
801
9481
9288
7649
8111
5632
761
935
7432
4881
7613
6639
6875
2549
9212
6543
8490
395
3845
4440
6281
1495
5146
1069
5554
2393
8315
9934
1302
9815
6420
1740
6852
2854
137
9843
7279
4488
4894
1687
318
4372
3641
5641
5063
9712
5592
4945
9966
4973
6465
9255
2840
7621
5920
4822
9654
3811
7018
2748
8999
1500
462
8156
1775
7328
6277
6124
3225
9790
100
8869
7189
4302
7898
7209
4832
978
258
1978
4244
6845
4667
4891
8597
3894
4166
9083
1744
6487
7219
468
3561
6837
2980
140
5497
3481
4346
4432
7092
3220
7397
7452
3851
1239
3433
1021
3757
9282
1365
3300
3483
5199
9663
6691
2633
9219
8483
5079
7717
4531
4280
6456
3564
1372
8523
1254
2500
3280
1170
4186
4272
923
720
50
4075
4447
9633
1509
6349
829
215
7818
1126
1632
9913
9547
6605
7408
617
7204
1771
1368
2213
4727
2487
568
5530
2242
924
3910
1207
7289
3163
4465
5047
1710
9534
3229
4994
2940
8177
7651
7225
5455
3965
7626
1671
6212
2795
3331
9076
1481
5978
4429
6160
2113
4035
3312
9574
2792
1503
4575
6780
894
6664
3135
9208
4952
7850
5116
8652
1114
204
1149
8762
365
9027
1213
4888
8232
1210
8066
9161
849
5270
4520
9019
4142
6193
7176
9504
1075
1682
7588
5817
540
9338
3241
6485
2222
4096
2839
7579
4365
5489
1785
6291
1730
8280
2875
4901
1123
728
1434
7287
3553
3754
3426
1803
5304
2959
6696
3320
2787
7167
438
6882
5428
3191
5571
2145
261
9667
2301
2999
6724
33
1825
2495
3587
6215
9018
6025
8361
9214
3440
4725
9646
883
4193
4911
562
8519
3693
8994
9298
1787
699
9865
6311
6078
9949
3631
4195
4020
734
7362
4139
7351
158
9350
2276
9948
2428
3974
6105
5336
6825
4097
2063
4128
9404
1938
5285
1156
4594
8781
7309
6890
3339
1720
4335
1716
2972
7545
8187
6337
8824
9146
3700
5269
1421
2857
8844
8954
4578
4548
1027
7638
3521
7471
7774
9982
9503
6269
2897
2515
1353
3212
134
2641
2376
2425
2737
3813
8249
4463
5524
8842
3921
7337
5645
1582
6522
4256
7120
3425
1
548
1467
6047
3556
4706
1915
8656
8005
4106
6539
222
7661
9645
1411
7064
7368
8812
3043
8079
6022
1979
3238
1998
1377
3174
4012
5305
6014
7813
8250
3186
2902
6086
7701
7097
6884
5636
8013
5988
9581
8092
220
7647
5223
505
6023
2486
823
404
1559
435
4305
80
4958
8011
3269
7499
2285
8206
1652
3780
9730
3259
5962
456
521
7838
999
7680
6180
5914
6719
7262
6712
3215
7511
3148
196
58
6695
9030
765
3207
9489
2297
7540
1370
6172
2703
4978
2569
101
4662
7303
3039
8947
6513
3227
6989
8738
2427
6427
6996
6960
8796
4130
3469
7635
8034
4869
8131
5164
276
4785
8476
1694
2275
1328
3817
1736
776
5628
3522
5245
6561
4552
187
9831
6080
7495
7948
7842
5603
3660
4176
3659
98
5040
7590
6007
2312
9744
4998
7458
9444
2186
1342
1770
6173
838
5393
6190
2686
2913
2256
7522
1806
1747
8354
7729
2039
3305
415
6432
8444
3506
14
3831
7128
5863
9048
3675
2172
4503
2696
8851
7369
4921
5706
2201
9292
7038
1282
7878
8363
1276
6296
4544
6252
7532
5677
8677
1601
1633
1011
8795
8494
672
9340
5574
8694
2379
2221
3015
9486
3535
1997
6941
3825
1292
3473
9529
2114
2607
8830
4574
1388
5712
4714
8765
7325
4319
2741
9029
9545
5943
4508
6511
1605
6657
6760
342
7096
8405
7197
7207
760
1796
8531
9689
1863
8770
3498
3299
7629
7146
3768
1019
386
2167
6862
9136
6175
1555
1408
6758
941
9334
4644
2077
8036
8926
3542
2048
2188
8401
4265
1293
4147
4028
2307
9287
3711
8588
7768
18
7901
1076
9755
8881
7049
3501
3919
6748
7891
388
6545
9736
5027
6557
1419
6142
7762
4765
5142
6843
5906
5919
9254
6683
796
7440
2585
1146
5536
1029
2066
8521
5128
2485
378
3696
8814
746
4961
9381
6237
3182
2154
3088
550
9170
9887
6771
9042
596
9588
1152
5546
794
3048
6723
5527
636
9394
9528
6699
5394
1098
9605
9858
5117
9566
2057
1310
7578
2971
5332
6743
9268
9965
4117
3829
4719
3265
4271
3361
7546
7386
9883
6424
9849
918
2611
2384
3619
6550
4533
9134
4623
1881
9246
6556
2580
2992
5074
9693
8729
3987
9639
2829
2822
4060
7572
4484
3945
3335
7992
6446
7682
4178
6820
1511
2237
6147
5927
9921
8321
3846
6067
7799
4593
3614
4807
929
3540
6973
9314
7773
5030
1764
8453
4395
7040
8961
6587
8857
211
9383
4212
4489
651
1221
7364
1547
9300
6343
9908
8416
1571
8616
3808
8592
3245
2742
7230
9561
1026
2468
7310
9079
6880
4067
3390
5078
888
708
1259
996
1131
2402
6714
9218
2148
9876
961
7893
9615
7831
293
4296
9478
9392
5076
2974
7521
7286
444
1070
5642
6993
7721
747
871
607
8900
7691
890
8852
8394
9119
7632
657
4411
3316
2061
2140
2662
6613
3953
2714
4717
2919
2305
950
8797
5101
9552
9241
2994
2403
4384
7273
2240
6909
7467
786
6651
7447
7994
7259
9784
4813
9521
6914
5384
142
9274
3224
7119
7999
8679
7265
3806
2185
4963
9037
5271
8035
2645
8480
9993
8449
2948
6570
9968
1521
4864
1283
384
7241
8587
8226
7350
278
7216
8987
6747
5344
7297
2298
9117
4183
6803
3319
3487
9575
7242
8628
6554
1523
9695
2225
4546
183
3429
2338
4000
2460
4446
2527
7048
797
8541
3961
5045
234
8368
4634
2168
479
9289
5409
1609
9228
2374
5350
5649
8149
4225
4141
9847
2860
1199
7080
8248
3949
5462
2956
1634
7428
397
9387
7783
4359
6619
7587
6299
9184
3284
6637
1096
5224
3526
7171
3931
3165
2605
3546
783
294
3149
332
6348
3097
5151
8140
8415
9974
9772
6675
2224
9297
6027
7746
9724
210
4057
5430
7012
3816
8735
9402
2054
428
8719
7271
2258
525
4114
5837
6217
7461
6358
4971
6536
2091
7784
4760
4872
1595
1670
7909
1507
9642
202
4656
6279
7322
8546
5211
3030
7482
4979
4273
1933
2743
8882
6725
6145
4570
9285
6017
151
587
3809
9750
1956
782
3893
4535
8040
7198
1347
8932
2835
4577
9758
1398
7699
333
2726
4766
909
2879
660
984
5237
928
6645
8253
5435
1936
9969
3497
9720
955
4633
7811
9998
569
3736
3937
642
2208
4893
6205
7707
5147
3581
417
6648
6265
969
3888
5788
5604
4817
5010
7751
3518
2363
6043
3891
2182
3896
4479
1132
9017
1669
7678
6353
589
2236
5375
6841
779
6514
4023
6015
6793
7973
2288
9368
5178
3874
6828
326
6660
5770
1833
9620
1469
422
3363
2810
3548
2420
6314
7208
7828
2076
3944
3463
7237
6177
5015
5171
7656
5622
4687
9359
5380
3266
6066
7733
3620
8063
2694
2935
1494
6701
2318
8547
7982
9891
9453
8642
5662
5281
3461
4355
7234
2660
1923
7500
4885
6950
2637
4295
6282
2246
6408
1364
9026
6731
6608
2211
8090
1604
3405
5191
2938
9231
5407
7908
5895
1630
9995
68
694
5752
2052
7089
1950
1172
5296
1414
9657
2018
3510
1224
6775
439
4682
4136
249
600
5521
9540
8745
4753
7835
798
5163
2899
2313
5087
2831
6152
9382
3502
2131
1592
7307
5193
7803
3323
7652
8074
4396
5989
2034
4107
4368
1715
4954
8365
5466
8197
1256
5186
8826
3666
5214
592
5580
6614
7025
9954
305
4009
4505
1127
3322
334
4689
9975
4110
6517
3866
6164
6782
9722
35
1246
2798
1270
2619
6698
7448
3075
6417
265
8059
1036
4442
5667
8219
6534
3336
1201
4739
1777
2843
5801
3749
3485
8772
3396
9614
4189
2663
5529
7558
3303
7681
1447
4748
3268
1557
6368
1932
1321
4298
3901
1581
690
3788
420
432
454
7966
3849
6655
3236
1757
5008
7858
9554
8479
6824
6204
4843
9025
1810
7205
3263
6481
9393
6932
6035
3492
2673
4700
9890
8836
3143
6974
2475
7106
8683
3878
5597
1572
3211
1140
7961
4924
6762
6317
5110
6428
4573
927
507
8504
1457
1298
5971
9665
8188
2528
526
2158
899
6206
7389
605
8799
2121
7022
9482
1454
1866
8953
9882
3744
9429
5206
2675
4880
2639
8922
664
8860
7666
1041
9958
5869
9307
2617
1668
8273
4736
7659
8320
4138
8247
2670
4809
6461
8819
6816
8103
8148
2084
4519
7267
9385
1010
5753
7269
6848
2216
3452
780
870
8194
5941
1963
9647
3899
2480
4886
2561
859
7967
6381
2858
3946
1953
269
9092
2392
5522
2009
9537
886
3528
970
9817
6166
1968
4555
8434
2711
7426
8779
5251
8085
1341
8710
2253
8360
7338
2738
2681
27
7767
1955
1789
8787
3206
6726
2004
8861
6198
8125
9677
2234
5643
8958
8681
9309
3209
768
2624
9024
1366
7836
1319
5668
771
1113
4042
4540
6186
6668
6459
8759
7859
7542
4078
6084
8600
1346
8180
4018
2873
4291
2389
193
4234
3152
9399
6303
711
2029
8983
1934
9454
7920
777
811
2652
7782
9433
4062
8714
915
7010
1460
1265
8207
5369
997
8753
9440
6649
1164
4437
445
8807
2272
5246
8904
8988
5249
3221
413
4052
6104
7550
555
2321
9196
3538
7807
8326
9065
2231
8708
1515
5994
8120
5392
6102
549
8654
5273
8589
3025
5517
1472
4990
208
5103
8221
3089
5220
8910
4016
578
4473
5443
7372
9687
7280
8023
1267
5000
3162
8352
3804
3297
8907
8340
4532
1712
7348
4780
2917
8412
8591
1142
9446
3758
2441
1439
4444
8172
8583
6497
4957
2921
2336
4109
9666
7825
6045
9293
5009
2647
8286
4143
3411
205
5804
5472
3106
6242
4196
9318
9459
2469
2803
5036
6717
7609
5172
4673
447
9234
8171
5844
6813
4366
6896
2523
8438
1579
6881
8488
4969
9306
1380
8264
5996
2127
7687
8281
5166
9732
3313
1703
5972
5713
3712
6394
2613
3333
4877
4059
4040
9427
8959
2540
2099
3256
4905
5948
6167
598
7056
3289
5007
7700
2067
7431
2021
309
9070
4500
2293
6244
1214
9245
6280
1155
1187
1257
4701
3885
1560
7229
3255
1786
9182
2558
4939
6588
8484
7981
4006
8158
3820
3308
7548
4151
5075
5329
3958
3783
7748
178
7261
4468
1317
5258
3713
6899
1731
9939
5934
7974
4890
778
3306
7091
609
4456
364
1078
8098
6915
7845
9542
5749
5566
3285
3636
6710
8014
8343
263
4445
9010
1520
3915
4955
6479
614
8571
5805
8669
8854
1643
8446
9856
837
527
2887
400
7555
6519
5261
3155
5307
7149
8429
8839
3504
4670
6426
1233
2050
5841
434
8002
5534
4572
6344
5366
49
2449
8072
5077
6439
7769
2385
9926
6092
272
6800
3477
3421
2773
1044
6595
9580
231
4854
8585
1230
8000
800
7112
7162
3072
7075
4991
9737
6390
4557
461
201
663
65
9216
9159
4486
6822
5950
2302
257
9802
8829
8566
8331
5549
8212
9671
148
4737
5809
295
1486
4582
327
363
5905
5058
4145
3633
4182
7212
7083
1161
5001
5709
5777
7424
7363
7594
1284
4758
2279
6036
5492
3445
3373
1644
2628
2771
1900
4781
2378
8270
8803
1558
3687
9861
4258
5689
2586
7200
3374
6946
4116
9733
6466
7032
667
1065
6682
7459
4125
2520
8828
4164
5264
3131
7808
2669
8551
8039
6686
8960
3332
1658
9101
1868
5740
7834
6906
6096
2432
9476
7672
8145
6677
2193
7576
6302
3
1033
2101
9558
9056
1973
5606
8858
7239
3544
2205
5829
7375
8534
4722
8216
8511
5187
2612
6431
2916
5260
9967
7437
9796
4506
4568
393
6734
7595
622
6005
3027
399
8152
7258
5203
3353
3145
4303
1707
9612
8750
2269
3787
5478
1524
748
5100
8697
1077
6559
4562
9774
2096
136
4122
2526
85
2042
8832
2933
6911
3628
742
8051
5696
7371
4356
5470
8763
3892
6210
4101
6901
2461
2473
7791
5283
4734
4898
921
7900
2936
7601
8032
3662
9089
4215
9398
966
5410
3009
8233
572
9211
1441
4073
7747
9675
7062
343
4799
2377
4051
4333
8766
9994
1688
108
9091
5617
9943
259
9851
7335
8559
7178
7512
8874
1636
5256
976
9946
4733
674
7633
5094
396
9653
8274
5175
4664
9061
6251
7851
9706
