8613
6841
3468
417
9591
3471
1241
7188
9711
3348
4867
6777
6605
5672
2807
1564
9266
7477
2168
6990
4199
6495
260
4854
1317
1972
6663
4911
4406
9877
8051
4753
1357
4622
8995
2681
2426
5647
6707
6476
991
3565
4190
9878
6264
4421
9047
746
5130
7841
9757
406
9665
5829
6099
8796
623
697
4835
7211
56
9066
2931
6186
896
506
812
5157
2095
6341
5877
9554
7085
8556
4918
4841
3555
9020
5222
1463
1278
2482
9807
1579
140
3504
8443
8101
4340
4469
7834
4422
9543
4078
3844
1090
2866
3227
6680
1180
2683
5537
8444
4407
2794
2798
465
9232
6275
8338
7998
1789
1981
6815
7337
3329
1681
7719
1456
2827
2845
8407
8324
1829
1295
1064
6242
8351
3686
1221
1979
8142
9871
3512
3738
451
9475
5283
4778
8901
3931
2488
1848
4218
6601
6135
1069
8269
5432
4389
7353
1831
5739
7752
5532
1480
3973
669
7787
7502
7925
8297
785
3863
4686
8664
6027
6891
8286
1442
3726
5025
8243
4720
4965
7041
5024
9243
8904
9569
9815
8345
3744
3113
5901
8322
5472
7963
8069
5648
4082
5506
4741
6898
9730
1110
7261
6754
7097
1324
9756
1222
5760
9526
5999
8693
4701
4590
1669
4395
6464
9387
7784
41
9819
8921
9863
550
2314
6400
9990
162
5888
2335
4971
6047
9200
9135
9293
1560
593
4532
2815
3838
4860
1892
6899
3803
361
7107
167
1918
1794
9671
8015
2610
3000
286
7735
4043
3795
5528
869
3616
6576
4256
521
17
7446
8968
4544
3040
8919
5406
5002
9261
9080
7652
4232
2988
7156
4169
3757
4167
6213
3717
9309
7267
2033
5538
9130
8318
9416
7968
4563
5738
5630
301
9016
3850
7906
3435
6555
354
5784
3658
1212
135
2726
1957
9961
3238
3776
8445
5820
8499
4388
1906
2061
6865
7562
1907
5137
1836
3385
7329
8523
7726
4410
1983
9357
8469
7143
7644
1314
8174
3410
9514
3702
3502
3248
1817
5403
3221
9650
1967
7372
819
9556
3990
3420
6419
7432
2007
8879
7412
981
5937
7068
2667
5356
9260
1996
6427
375
7702
4318
920
9519
3915
9988
6908
5641
163
7775
2552
3063
128
236
9319
4901
6510
7468
500
6502
9093
2612
9680
8504
8540
4547
6649
21
3860
3594
8323
2802
2116
6328
3346
4927
4987
2542
4973
8393
591
4734
4579
9194
1717
5264
7597
643
7810
2938
5795
226
4313
7598
6452
7827
1177
7238
9306
2974
9585
455
6537
6204
7969
3786
1604
435
8998
4474
2500
1927
8449
8375
4990
2264
5831
2355
5674
1526
4510
5605
2727
7901
3165
7545
5827
7461
7066
2696
7845
1260
4436
7674
8410
8453
4694
5675
1680
296
1124
2896
80
4591
6289
1121
3728
3270
7335
6112
4317
8835
6985
7205
5517
3233
3171
2787
903
5107
6479
7431
5975
5076
6629
1512
9055
5160
3576
7445
2864
1924
8118
9644
4672
405
8409
461
6051
524
49
7015
4264
8310
6799
1318
5756
9685
2209
4553
7311
5450
4881
8208
7423
505
1099
6465
2419
547
3174
4580
9075
9455
3855
9493
7228
1468
4304
3873
3011
7642
6835
3186
7582
352
8373
9938
8549
8186
6163
7508
8216
3720
8064
5145
2125
6383
7794
2014
7341
823
5212
8154
7747
4017
2418
2930
8016
3325
6020
5595
7659
4085
6907
8195
2704
7978
3338
1633
6513
1628
8602
2415
660
7641
3805
3958
7167
2457
5375
137
7165
19
2868
7317
5893
5478
3536
3994
5567
1123
1375
1363
3595
9289
4963
292
314
9832
106
1458
5620
8104
3920
1684
1668
9647
4749
9601
6506
6911
837
5551
1370
9411
2458
3650
2728
8124
9905
1925
4606
6409
9773
9372
2814
4771
1689
9272
156
5525
1474
8203
9560
7037
8916
3877
621
6340
8725
8963
5272
1902
3799
9785
1134
5229
8726
8977
548
2775
5266
1362
6505
2379
4447
2327
4200
3974
7199
3604
7439
1472
4412
7442
4861
5059
9223
6313
604
1187
5308
9314
118
8601
1954
972
6623
5815
7730
6814
8235
9673
2336
4670
6330
6271
2514
5231
3077
2003
4634
6336
3801
8320
533
4811
4018
2389
1233
103
8836
8508
3531
2282
1568
2590
2778
5211
703
2368
2723
4371
510
794
8680
309
1922
637
7183
5428
1428
7689
8003
1240
7768
4233
3150
5570
7399
6474
4794
1275
9797
5550
7252
7791
6096
2118
8350
3107
6966
2459
9858
7018
2183
7971
2498
1085
1489
5041
6747
2450
8545
4755
9255
5833
6301
8647
2891
609
204
1758
6568
5246
141
9951
9142
3326
9642
558
2789
6688
6388
720
4718
457
5124
5770
514
7497
7860
8583
2791
1126
5281
5388
1968
8530
914
2164
9692
8607
4964
5386
8804
7327
1750
7417
9022
9804
4423
4936
407
462
1178
364
7514
3185
3327
1966
5128
6839
479
6440
1369
1749
9383
4725
784
7703
198
5607
8334
26
9635
1824
7193
7227
9909
7718
8573
4203
9401
5006
5357
2992
7873
6241
8753
8193
293
795
1487
6013
8096
7829
4468
7256
3111
5927
1607
8965
3450
6943
925
4269
3294
7247
110
1535
9150
8242
5307
1253
7264
5957
1556
815
4588
3882
7274
2424
9901
7057
1228
8674
3044
4314
5322
7367
630
8253
6642
2940
68
2888
1231
5836
1614
3868
46
3631
1916
8014
5371
730
2884
4779
4922
5402
298
5173
6743
8584
601
1711
1814
7720
8441
172
3139
3642
8461
9103
4086
2436
7215
8487
2161
1155
2198
8507
546
8910
2670
8689
1609
9654
8979
8467
5293
2046
7133
6632
3015
2628
95
681
2796
6083
7565
749
6489
5500
8769
9065
7736
7254
9110
1346
6892
136
1585
1583
4225
6056
1677
1806
9027
3257
9481
6483
3493
6831
4224
6462
8733
6174
7526
201
6614
4865
2203
8617
8578
4427
1053
867
4458
2071
265
2134
2263
9291
7889
9934
5384
3024
9767
8636
5459
3692
4007
4189
7080
2080
8644
3510
9095
5394
330
5411
8336
6176
1481
3854
1057
2605
8767
4267
8352
1050
423
8529
1949
721
5426
9192
1840
9092
9944
6989
1868
2874
9452
1934
5653
3820
4116
6735
5809
2748
9158
5202
7232
1330
1913
6392
8380
1984
9645
9052
3755
3394
494
1484
3214
4653
4053
9029
5255
4292
7604
7053
4678
5183
8287
7120
7488
9590
7355
2532
6329
9643
4572
9964
8917
4334
6436
2660
8695
4709
9067
9059
337
6938
9228
4142
5372
8019
477
6454
894
2375
9104
4367
164
930
7694
4473
4147
1340
5987
6154
1322
3563
7660
8551
341
9380
1361
368
6832
8301
4551
1043
2507
7005
7750
3246
2447
1912
8992
831
574
5476
5982
2906
9386
2202
9320
7388
2782
4583
9623
4549
3191
8633
2325
6852
213
6999
8813
9042
5087
2926
8314
3138
9959
342
7555
9534
121
1312
69
6539
5302
724
3247
985
9916
5225
9292
1816
9847
3955
8655
6203
7935
4464
9632
3367
9557
6294
5624
791
3773
4880
6635
4296
714
6348
3763
6870
9421
2196
3519
5782
189
7609
2505
6070
8521
7103
8735
425
1037
4988
9340
5390
1898
8161
7109
2159
6552
8117
5919
3267
469
7197
7593
5990
2088
8572
8875
6718
3828
6690
2275
1019
158
4001
5265
8397
2654
5070
3556
6971
1550
4954
5573
7382
101
8149
954
8960
8108
145
6443
9716
4715
5190
8404
595
5871
5187
6565
6399
1232
9226
8536
8855
3937
1338
8887
7542
2180
7408
8731
7269
4902
8086
8815
748
332
977
9345
3414
8587
6073
9777
5696
6863
666
5306
7917
8214
3984
2537
3135
8460
6509
237
5735
4176
8961
5972
3613
2675
932
6869
6964
6009
8624
194
9778
6873
4731
693
948
8884
2658
5796
5012
4772
1759
6968
8190
7014
4130
7147
4179
3673
2129
6528
5367
2593
2847
4385
3262
6740
4162
8389
7102
7295
2838
184
4341
6421
6765
8816
5566
1763
8671
8659
1025
7308
3184
3810
463
6131
9613
9657
4559
7460
4217
9949
4671
3653
5331
2093
7323
8480
7189
6210
5540
3485
9598
6232
5046
8184
8522
845
3121
7411
9236
3871
2324
4124
4419
1447
1720
5711
3431
9507
2951
8914
2522
4669
8087
4874
6110
3679
8760
6331
2501
3690
3746
5316
1035
7419
5968
7030
3674
8730
7040
3641
775
8073
6040
6995
5427
3244
629
9658
3491
1616
8513
1167
2145
8194
9904
6417
6846
478
1768
2042
7633
1247
744
9853
5329
5151
8111
2588
1452
519
1558
8491
8296
190
4102
8622
8898
9120
4029
7138
4595
1391
1282
6590
2455
6856
9752
2844
5765
6475
9025
8571
7363
836
9275
6283
4128
8100
1741
2608
8942
3049
9694
7034
2995
6553
6633
8147
4357
6559
540
1399
1301
7435
942
8520
8339
6179
490
9384
7459
2350
7670
7665
3344
4697
8054
900
4484
2321
6373
2629
2307
3343
5004
4654
5242
241
6875
1869
5766
7580
76
9465
1915
908
12
2199
5857
7340
6705
5747
2284
7625
1803
7615
8809
3425
7063
8927
5718
8940
1286
2909
7425
7878
9918
6542
5343
8420
5991
5958
5269
2739
1344
7171
2156
1496
9472
4140
1371
3743
3378
4939
931
3651
2785
2922
9450
993
4222
1702
4404
3847
7333
9498
2334
7941
3183
4009
1461
8337
8293
5008
3908
8705
5904
1200
3615
9313
40
742
5562
1021
9806
1935
6349
5773
5485
4075
7127
7371
2344
6408
6263
8890
6945
2835
698
7656
7237
3436
5845
6801
1901
2624
8817
2915
3574
4221
227
3964
7301
1296
424
3621
3541
182
6817
5810
1236
2869
7760
5992
5697
3884
1164
4196
1012
5161
5600
7196
8612
6010
9571
9798
4040
6991
8176
7302
7896
8881
5067
1196
8997
2300
1094
5588
2252
4509
9491
1303
4307
4123
1735
6324
7744
772
8451
9753
8411
4570
4787
8886
3272
7011
9140
9081
2731
1982
5733
2453
8885
9351
9060
125
1184
9672
2632
5018
8967
9068
7779
3953
8686
6441
8590
9114
4045
3331
9190
5020
6172
605
3220
8892
4935
2741
3419
8055
7732
2656
6806
3731
5150
2456
592
7919
9521
5702
3330
3088
433
3152
2177
517
4534
3193
6781
2038
7415
3891
973
6511
4978
4530
905
7328
1223
8912
2135
3932
7349
7804
2879
4689
8152
3323
2690
4284
8791
3427
5398
4519
3068
2274
5544
7883
1531
7266
2644
717
9480
8107
2200
7289
7749
658
6561
8256
667
2890
7823
2850
221
1825
7618
5288
3059
175
8646
7276
2860
8947
2883
2983
9311
1605
8421
7043
4136
1335
4746
4036
5473
8050
8755
8148
5347
7869
4831
7740
9666
6218
9259
8850
1887
1701
5207
5417
6621
8741
5192
2206
7088
6026
7012
3608
917
8719
1799
4378
413
797
7520
9604
679
3922
8895
7115
8012
5132
6573
2330
6930
6755
6697
8428
659
1546
1815
6784
9038
2354
4288
7393
2240
796
1811
1507
1835
6851
3601
4155
8615
3620
2545
1326
792
9634
1102
8828
9211
9001
7089
4623
8237
6266
5496
5495
7755
6627
448
7428
2189
4117
6224
6065
2996
3991
6984
1706
2191
2122
8944
142
1501
133
7316
3492
9822
4416
3347
2544
2348
8049
1792
5217
3255
3321
9265
6166
6320
4230
6211
3500
4258
3754
5832
6299
9310
5017
3667
6034
2027
5443
3337
328
5629
4057
3291
1033
3852
2114
4305
1675
6763
2706
2087
7607
3240
5680
2972
311
7242
7492
415
8822
3242
9746
2351
3110
2551
713
1708
3366
9097
9879
8311
8751
9017
9395
223
3840
842
480
4171
9766
6195
1230
3371
155
6134
5572
9116
183
2069
1424
6689
7951
7154
5486
8125
1013
5489
7163
4947
3477
3766
7818
5892
9558
2816
5346
3463
2577
1753
8868
3086
8081
2184
1176
1666
1153
5156
9398
9011
4354
9624
513
5120
1595
1774
2225
4782
5962
2469
7002
3405
8347
38
3876
418
9629
3268
1245
5830
3073
6682
7548
7131
7158
6973
1986
5344
6674
267
1678
8754
1163
233
3137
7620
8201
6937
8040
8175
4998
1987
6948
1238
1339
6669
5536
9362
6072
4480
5610
1567
5232
8859
584
4035
9917
8989
7843
1571
1439
4321
6854
449
5939
8382
7988
1218
5466
8341
9279
4554
5260
802
1166
4783
2773
5704
2311
2611
4934
4343
1077
647
9736
4748
2759
9907
8848
2280
3078
7600
5182
3992
9376
6762
8391
7457
318
9795
8736
3290
4050
3148
2952
3079
1951
1801
6178
3460
5586
8832
39
927
843
4976
9419
6883
3187
3200
8225
7330
3567
212
6732
1325
6902
4441
1641
722
8740
9784
613
5569
2908
8330
1937
8999
817
9849
1527
3783
2068
8024
6940
4025
9352
3198
6524
3961
4026
1777
7622
3097
4106
2089
2671
7914
327
7231
410
4611
4186
861
4942
3718
5685
4209
737
4042
2211
5636
5364
9406
691
6260
6052
8198
8457
3887
8470
5816
1411
9729
5622
4281
1174
2024
8075
6767
5614
7083
8141
5631
8072
943
7021
9199
4871
4297
8576
3209
3647
3618
7709
4838
1243
1930
2936
4608
3960
788
4945
1853
4716
9781
5754
3043
3030
6370
7540
2227
1994
4925
7567
8408
6381
5895
9941
5935
4061
7839
639
5970
224
7952
4353
8278
1920
9743
6445
2907
6460
923
6628
2554
9510
3457
7888
3417
7683
553
5953
9906
8610
7052
6830
3549
5910
5147
3448
3969
6084
3057
5179
5176
5727
3285
6093
9667
4290
507
6148
9709
4851
2549
9500
6923
7907
8666
3751
6079
8431
3426
4260
9424
5429
2509
6751
4633
649
9600
1004
2851
2957
7402
4393
28
1067
5066
4432
7338
6956
2128
6724
5908
7596
9786
2649
5019
2123
2496
6279
2004
1809
757
7094
5596
6259
2550
9256
9895
5918
9783
2487
4461
6988
5334
4600
8857
3374
1540
3940
8516
8134
9924
603
6584
5444
9248
9443
5172
9539
3386
8908
1305
1573
339
6380
2131
9195
4030
2150
671
7602
9100
9649
6894
5584
4814
2308
6024
4478
6996
4685
8729
9102
8641
4951
7336
2924
1612
7962
4241
9582
3360
7314
1032
7956
1416
6353
1467
8145
8640
2556
5155
5333
57
3511
8415
4041
1672
7532
1257
3010
3977
3929
7210
1277
1469
22
1625
4707
297
4477
5337
8433
7310
4762
8677
9636
210
5404
4195
9606
7248
5395
9621
9537
4531
9888
8210
8907
3406
9485
4157
7631
4449
7206
9305
7729
1563
6025
3032
5623
822
5505
474
4165
2811
9471
4184
7277
4492
7409
8739
6077
2697
5324
6775
6217
8454
2771
7465
1872
3469
3197
1041
5400
3067
9768
3188
8579
2032
3401
3190
2410
7877
468
91
6587
9495
7728
950
8288
9703
2584
7774
8361
9129
9133
9655
5300
2404
9589
7697
8246
8547
8110
810
4016
3778
1479
9607
4372
1713
3358
6980
7781
4848
3484
6246
8300
1703
3864
6237
4727
8020
9960
3037
6488
45
1656
6127
4816
9771
2
211
9991
6205
1145
5181
5319
5529
2700
4121
4503
4879
4052
9086
708
9333
588
3740
4306
6982
1214
5822
6564
9563
1933
5373
2969
1337
8205
3437
9989
1873
1304
8217
1274
6701
279
7929
1446
5660
3818
3515
8071
7218
1213
4785
7539
3571
99
888
9542
9779
1942
9363
6660
7116
1413
7400
4198
3099
379
5123
9335
9021
2163
317
2892
1117
763
9953
306
8419
1958
2776
3311
2186
3798
473
3625
1946
8357
9780
187
9096
9252
7590
1882
1249
5009
3045
8631
9058
3315
5146
8264
2659
5772
3404
5488
6868
9459
9012
8969
3770
134
5604
3261
492
7795
1092
117
1272
3483
9346
5839
9417
919
8369
4587
5168
979
7898
9377
1016
7559
578
7132
6001
3022
4977
7496
9177
289
3308
6665
3506
9705
712
3034
8435
7930
4545
2663
5169
386
1125
9119
8204
8569
5634
3657
9548
9285
2567
9631
662
5410
9998
7854
8028
9564
7533
7222
3143
9662
4808
7572
8344
634
8285
5757
4424
3912
4096
7283
5768
9908
1011
3925
8743
7868
8355
909
1587
9789
7374
8452
5240
1687
8678
7825
9162
9007
692
2063
9219
6212
8367
6190
343
765
8247
5557
4229
3930
3393
2725
3554
6321
9719
5656
3292
9167
1778
968
9399
8985
4500
9124
4774
149
9734
4006
994
9370
6085
9423
6432
6494
2476
2818
4451
5195
9389
6249
1138
7350
6558
8737
9283
3708
2266
7953
349
7864
3792
5325
3125
9912
6910
3518
7628
2464
5455
7135
1414
2147
3277
4056
3094
392
7071
7897
3693
271
2749
4526
3387
3862
8712
4279
6335
2527
6549
6459
9935
9754
4463
5332
987
6969
7251
4431
419
5549
8031
9239
9490
508
9290
2744
5973
598
576
4650
8852
8010
4485
4699
5379
1837
6355
9136
9962
3769
2181
1539
2060
3691
5934
9702
1024
380
7284
9693
9300
6905
626
374
9978
7571
3234
4084
6655
3033
5905
3391
3592
5842
4044
1418
7250
8976
4656
2435
9835
3896
1521
6557
7042
5880
5416
197
4496
6877
7398
5890
9545
5786
6543
651
9003
8750
1727
9803
6848
7348
5700
51
6036
3339
4615
602
4071
9435
321
1246
3370
2388
835
585
7746
9921
9555
7848
5504
5900
8819
5228
1851
7155
3660
6472
2484
7055
66
4
5339
1091
7319
768
6643
4586
3230
6150
8144
8343
4160
646
2839
7835
8880
5360
6570
6200
432
6293
528
8068
958
1079
6132
8673
7553
4906
1152
4453
7255
5903
9728
2621
7354
4072
7882
2257
2967
3885
5874
8932
4213
5355
2437
5701
6855
7108
5746
9105
6793
8903
4227
5976
1601
8363
2976
1492
3421
1034
8933
8511
8662
123
2076
6595
5790
566
4538
4361
3053
1500
4643
6853
4883
7454
4011
5112
1891
6058
6193
1058
3900
6091
876
6603
8872
2631
8517
3836
6497
5110
3066
8532
976
4993
9478
6089
6463
3400
8909
1821
3954
9681
7146
2959
3950
4490
8209
2817
7027
3736
3654
5098
89
1242
3090
3478
8620
1360
9796
4940
2448
3811
3481
7654
2800
3416
170
2833
4257
9735
5113
2347
9690
8390
249
9929
3627
5474
3355
9147
2001
1007
9156
8906
8811
8084
3628
9412
704
3733
7181
7672
8364
7366
6220
6360
652
586
2813
522
1880
7380
7812
6209
2428
7369
5033
6734
2364
7004
3524
555
6650
9250
849
2423
5205
7299
394
552
6254
2289
4373
8426
6803
1198
9099
5866
3069
4351
5950
6028
4711
4908
1626
6471
530
851
3225
4273
4828
853
4138
2141
4733
1748
4575
6792
2328
9520
1026
1734
6493
5969
4792
3231
4609
3962
8312
5304
7887
1333
8495
8466
1129
5438
7503
8231
6423
4629
9765
1437
3972
4139
8938
7240
4781
3590
7970
8727
2525
6433
2693
5241
5125
2569
6288
6783
6890
67
6671
9732
3181
9375
5955
9193
8377
6706
5576
1929
8227
9057
3528
3264
3849
3678
5673
1235
1168
3239
7984
7757
2955
6836
6795
7682
105
4756
6222
653
3342
2096
3243
9839
6019
7797
3275
3646
1978
9117
467
4262
5846
8486
3750
645
5849
1940
6582
5420
529
4780
9814
5073
7905
3357
1122
5462
20
3042
3817
773
5649
8476
7478
3432
4471
804
3599
707
9745
4868
3724
2643
2682
3689
5263
1014
8187
4680
5860
1549
2143
3827
4683
7771
2153
2376
952
7762
2425
6540
6840
4397
2805
2108
8676
6749
5774
6004
7569
3123
2602
2358
6086
4300
9220
7233
2540
8627
3683
3819
6662
8272
7570
1300
5158
6450
5016
6879
180
9122
7940
2534
4721
8349
8650
7025
5199
5558
5464
1195
9359
7578
833
1148
2958
4435
4826
9201
3938
9176
7207
5170
7876
4887
2591
6251
6363
5237
6022
4049
3765
3140
2403
3349
7292
6117
2474
5862
4481
346
631
3464
572
7427
6885
7406
8704
1406
9294
9251
3056
9620
3723
1279
7113
2640
9054
5194
9660
6566
9813
6636
9504
575
1417
3949
6821
2346
9433
4540
4097
735
7305
3824
9639
7046
8270
2471
127
6415
4675
9531
5186
3288
5997
1719
1896
1577
4475
6097
1191
9527
6725
5812
8059
4092
4180
414
5005
7384
8302
8131
6625
1712
4098
8249
8922
1156
8442
6442
1201
8538
4959
2413
8008
5115
2175
3551
1770
7318
4491
5546
6654
668
2271
8924
6881
8164
4131
2468
9188
6837
801
2634
6342
1358
5374
7936
9378
9409
176
1998
1385
4239
5637
6447
1421
7168
2780
1459
8563
9088
7306
9812
673
2539
8360
4536
373
8127
9782
9820
6843
6859
4882
5834
3005
4193
5201
6119
996
6457
1619
924
1276
758
1926
9868
9180
7
8005
4504
3784
2385
6290
9857
7612
5413
4148
8046
3260
3402
8368
781
7101
1470
6983
6411
8401
1281
3921
8394
6661
9134
7031
790
173
6522
1914
4365
6165
1379
4844
6977
120
8825
34
491
9442
3223
6959
6156
5579
9032
7717
2709
9312
5821
7236
1908
2222
9404
5591
2913
5531
8497
5408
3732
6960
7536
3235
4767
694
5513
1046
4967
890
2966
3054
1589
8332
7684
5896
8331
2950
2477
655
3655
1040
6122
3890
9040
439
4862
1800
2072
8172
7194
5781
3879
3083
8291
7756
7124
4443
562
7357
6126
7257
9281
294
1599
4896
8326
3286
9496
3547
2820
1056
1695
5581
6422
2204
5441
3354
1769
9422
589
725
6365
6976
3210
7550
5165
312
3226
1150
8782
6523
5625
3328
2604
4214
9854
7643
7899
7531
6928
1348
9484
1068
2598
9154
8718
2797
2882
8667
1089
6437
8240
8993
9969
705
9234
4710
1264
2876
4980
2178
3102
5294
2574
2194
9078
1404
3237
3807
2531
9034
307
2928
7136
5979
1074
1738
2512
1397
7692
8586
6107
6302
3793
5803
2305
4561
6927
6018
3526
8082
7200
4873
5515
5971
9458
7739
428
8911
6541
8651
4840
7669
2918
1353
6265
8605
3672
2207
7949
2677
5250
9479
767
4937
2120
5853
8094
7822
8715
2352
5633
8447
4810
299
4548
7390
4507
4379
3699
3756
560
3881
7062
1658
3923
3928
4216
3670
6257
9882
8305
6727
408
6197
5626
4377
7220
1254
9497
1219
2009
1615
4642
8775
9316
5799
8861
6253
5330
5261
6978
1570
6287
3029
2862
7932
1783
5481
1679
766
5415
5460
3865
6046
6033
7186
594
1974
1855
892
8221
818
9414
4110
542
8616
5270
8133
862
2832
8439
8724
8758
7391
8831
3157
5597
5475
1273
6395
4051
4894
1287
4499
275
2331
5963
8559
6008
3028
6280
1005
9738
7591
3963
8182
7494
2516
9994
5050
8013
1104
8589
4236
2698
7125
2022
3624
6240
8116
2467
9946
1716
4188
5244
4454
1877
376
5119
2384
1096
9118
9923
688
9873
4083
778
7846
9512
4802
5035
661
493
2190
6745
1311
4302
1158
7024
6834
5731
4439
8076
1226
426
9394
5843
2684
8321
8935
71
9570
8200
4617
4539
2039
2409
8130
2518
270
2761
9740
3407
1216
7150
6750
7621
9722
1120
941
9483
6130
5539
8298
1963
3169
6060
7332
8037
3048
7576
3211
8267
2216
7177
6953
974
3120
6300
1524
2092
6187
7244
5509
488
3041
3276
1047
6640
8948
5376
8746
9420
7611
5664
7070
1975
5369
9972
3904
3917
5583
702
1132
883
2392
8858
4039
8653
1039
6704
1992
5858
4511
1859
9318
3263
2315
5945
9824
986
8058
5039
8930
531
7111
3924
8581
6675
7741
9374
8032
7123
3676
4612
3499
5966
8066
6811
4152
5868
437
242
6961
4869
3316
8162
4679
5011
97
2366
240
7346
1109
988
8585
1440
567
3085
6796
6062
929
7208
8396
7315
9269
308
4832
6567
5779
1775
5666
10000
734
3017
8252
8327
9881
4823
5689
7483
936
2669
7128
5470
6766
6194
6862
3982
9791
7800
3957
881
4103
6359
6779
4398
3561
7288
174
8317
4897
1101
2949
6756
6556
7695
7809
3002
9609
1225
9661
2903
4438
4063
483
5034
9720
3888
9823
254
6031
9094
159
9287
9788
4055
2843
10
9397
3476
1520
3312
3064
1444
9355
2443
569
5911
9899
4271
5932
23
7098
8721
16
7922
1602
4843
9139
3875
1849
2511
8528
1900
6637
7961
3886
6915
9360
3509
277
7259
4994
7122
5960
3789
2246
5826
9775
4346
1140
7262
3087
9715
5864
7715
1080
6405
3232
6229
485
5032
7983
5716
2734
640
839
5872
1165
4220
2901
5671
5642
5326
8224
1261
1162
295
7077
5052
6517
1283
3802
5548
4729
6827
6571
3205
5560
6108
5668
1410
3372
430
4286
7373
5745
1331
4472
79
8980
3488
9415
7874
7805
9125
7296
9324
6900
4134
7489
5503
8226
268
6016
8328
9247
9079
7563
2434
6673
2470
6695
3919
1429
481
281
8873
8708
5909
3206
3204
234
9089
6606
5983
7589
2963
535
6216
9810
8132
5719
1065
9513
9592
5454
6844
7184
6005
5713
642
1389
9427
6303
4146
5362
3072
8779
8546
5381
1637
166
5216
7223
8783
5800
7379
556
6560
5946
5861
1755
1676
4310
4744
2445
4411
2943
676
4784
5627
1773
4717
2215
2166
5040
8484
1367
3589
7759
3681
8180
370
2873
3116
6895
5174
4164
3619
641
5603
3747
2099
8386
3167
701
9161
9608
4797
8798
8797
3035
5847
9064
1796
5440
3319
5555
964
9678
7948
3959
6874
3893
6243
1197
3829
4246
4223
4914
6845
9885
3091
6702
9983
4905
5053
7216
4582
8808
5729
1051
6531
3570
7693
6934
8027
4660
827
4315
3941
8931
1510
3605
6030
799
9843
633
4523
1936
3164
5056
9646
6453
8262
5725
4938
2898
6487
4666
7214
9046
6810
9428
8951
7418
6050
9758
1398
834
3934
6768
7437
9371
9628
5556
3130
891
9540
6175
6318
6141
7475
9553
2589
3490
2875
9770
65
2572
284
3282
1186
6866
6515
984
8496
2378
9525
4758
7511
84
4592
6746
756
949
3947
7466
7303
2984
8582
6470
3159
4639
4637
4442
4153
8784
751
9037
4535
168
147
1383
3980
4187
3557
3496
6088
6813
3224
6268
3241
7121
60
252
7342
6929
2994
7712
5080
8146
4898
8801
7546
1386
6236
5171
3559
340
2944
9044
1251
6149
6477
5841
3202
8509
8567
4031
4652
5947
9071
3548
8510
3782
1173
1654
4956
8765
6100
1782
6720
7134
9567
4034
4275
5114
3725
245
8558
1581
5775
1598
1578
9267
8544
2349
7657
4263
2497
1895
4446
8188
6038
2982
2779
2119
6532
9687
5897
3439
4326
5290
3575
8630
5359
5643
9051
7653
2260
2917
961
5807
5541
6394
5236
4877
5734
9014
5882
2576
6535
2560
7081
3680
2021
3813
4008
612
3638
9538
9341
9731
3302
8372
5683
8502
8762
9845
1555
2353
4984
8698
3104
6102
2479
6308
6769
9653
4311
7368
5514
5243
8531
695
8474
728
4635
1366
2342
8493
9950
2051
1646
9737
8759
2990
7343
5446
7610
489
7895
6350
7022
7453
6664
1086
893
2210
8191
6666
6668
7942
4287
5477
5852
25
2962
7813
402
5043
7663
2575
3430
6157
88
5389
4913
2729
9943
5409
8978
9902
4876
9112
1523
872
4737
8535
7647
8427
5926
5876
2245
3537
733
2048
8588
5879
1374
657
4060
759
4909
4144
4058
3168
4364
7487
2174
9993
2695
3353
336
1971
860
8340
3039
6788
7420
4966
9153
9617
4648
1159
8309
4825
5042
2244
611
732
2452
8941
1078
1843
4242
9268
1483
3543
4836
8402
2303
1884
326
9241
9774
5233
1105
1945
7584
9876
144
3434
8849
1745
6916
4062
4662
8541
220
8033
3256
247
1266
8752
6295
4094
4809
9043
6820
983
1627
7033
7857
3161
8629
6593
3279
3142
2699
5383
2097
1643
5844
615
9860
4950
9277
5533
5203
7538
7105
4953
107
8600
680
719
9425
55
4849
6207
6173
154
7918
7010
6730
4522
499
9712
9597
2171
2902
5993
4426
5230
3752
8061
3856
6282
4347
8946
8062
6439
1215
7639
5494
4450
1486
939
315
3101
6238
5806
2870
1036
1746
7847
7263
1736
6397
1432
4312
2885
5922
1181
5200
6500
7840
108
7960
1965
9447
6219
3739
7592
4596
696
2676
2064
9587
6023
6095
8424
3603
5209
4541
2662
4975
864
7586
6250
6785
225
3341
365
4456
7281
3669
11
383
8157
1119
3299
4589
9652
8618
3163
4613
7981
7737
5929
3514
9566
5628
2441
9464
1100
2151
8697
2182
846
3147
7219
9111
6267
4525
857
520
9163
718
8374
1373
8092
8709
3835
8635
6082
3859
6181
6963
6580
2609
2226
9487
940
6888
6244
6711
8837
9308
3745
72
2769
583
3517
6562
43
5193
1850
8381
288
7396
9208
3830
6043
7765
3133
1557
8632
7313
1525
1977
1950
8114
2391
5055
2270
1561
5744
2747
848
6048
5361
5001
6137
9528
8097
8652
1368
6101
7721
9085
3569
5213
7745
6594
4995
7241
4204
6252
1638
3558
2774
5387
2648
8658
8845
6055
8838
9178
3470
6021
5791
1030
2701
5640
1256
2273
5639
1917
6490
6152
582
6233
3203
1227
8723
2059
5239
8768
7512
5654
6693
4004
5998
2461
5705
8399
3946
7144
4818
6017
243
9518
6105
4363
5439
2287
3093
9811
1655
7397
7087
6180
3794
4638
1699
1565
9930
1380
7268
5136
5714
4521
1327
6393
3610
7486
4631
1455
6319
6103
8745
1023
9836
7395
4455
6679
2367
7029
7517
4020
8763
4616
8077
7585
8036
1072
946
3800
9611
438
8742
8561
7017
9489
1694
8406
2154
6228
6944
1334
8034
2337
9508
904
3106
5038
3433
6368
2506
5547
6292
4985
8222
9726
4676
6352
4568
2073
8833
2067
9338
9019
8122
398
2939
8883
3345
8236
1956
4891
7788
6133
7480
3480
7828
8473
7389
3539
1864
9958
401
1291
4005
5108
8681
3258
7351
2623
4399
6545
5510
8137
9573
2232
7112
6171
8416
4604
6647
6958
8923
6534
5143
1009
6129
8787
274
6305
2900
2570
7016
516
1709
9018
3129
2738
7792
5824
7204
8889
8079
8041
3058
4266
9940
7162
7547
1729
5699
5527
2431
5167
6045
8316
50
3837
4714
1255
5368
2483
7285
6255
1401
5399
2103
436
878
4109
866
7485
5219
3704
4448
3846
4405
8665
752
2956
9741
7681
8213
3228
3816
9348
4166
515
880
4866
6616
7568
6344
2085
9470
9429
1910
4137
169
7743
7992
8882
9263
8284
3566
4732
2137
8668
7434
4625
965
6138
2113
6327
978
4702
4805
5883
7519
8462
7385
7092
6676
4409
1384
496
5487
1961
2251
1485
3598
3166
215
3408
8078
5493
7564
3208
8475
4274
5609
2708
3396
1728
6090
325
4019
4132
5178
3201
4968
1897
1744
6387
9061
4174
5644
8378
8088
9928
4646
4308
9790
7149
2299
2557
7991
811
4476
2238
5516
5967
6544
6356
969
8829
4566
4853
6407
2784
5352
9677
644
8230
3084
9366
7908
6230
4270
5314
9108
4080
8878
7862
3498
378
4194
2107
9801
3806
4345
9850
8290
4032
4735
6364
1767
1262
6425
5148
8483
53
300
9603
5574
497
1740
9503
5458
4022
7556
8991
7334
9492
222
9273
1865
7118
5989
6272
2406
5208
6185
4941
3314
7987
9127
3577
2986
3175
4010
6596
7707
3442
3533
7164
2546
7361
6139
7202
5695
9769
1202
5397
8370
557
9165
9356
476
8185
6563
2573
4280
9984
1315
3968
7724
3012
2792
5279
8786
7159
4089
3878
3971
3313
5520
7814
4002
7500
6752
3695
6579
7192
5616
6979
9207
6972
3842
3730
8575
9596
2536
4921
1341
8591
2914
1606
8637
9230
2543
982
9541
6646
8661
2911
543
1964
8964
4884
2054
6920
525
4177
3074
2243
1721
5309
8770
3998
2679
9204
5964
5703
6809
8169
6950
8021
5559
4240
8781
1610
6121
6710
5785
3701
5365
9175
7298
6696
5276
8773
2268
4023
9630
7438
3027
4457
9084
8456
8153
384
9474
2294
4770
6346
5954
6446
1657
6068
7359
6723
4949
2694
6456
5951
9028
4515
1823
1308
7360
7673
322
6857
3076
2691
2714
5865
3841
5094
6434
2258
3872
2756
4684
7344
7225
4145
4172
6385
4126
5889
4444
7161
3525
7982
1382
8488
9821
4452
1052
2382
7535
4489
2454
3521
2886
7893
5535
4837
6461
2710
7994
3153
6936
2606
30
2526
390
2499
1780
7174
2607
8438
3564
303
6389
2510
5521
4578
4065
3759
3825
8295
1438
9750
9679
4916
1169
3305
8325
5936
824
3390
5978
5568
5286
3640
3538
1593
5133
770
4885
1832
5479
9651
8788
8621
7451
614
3082
7566
7574
826
7139
3943
7999
8592
2596
2091
7842
8643
6764
5933
6482
6125
4790
8756
1662
3377
4276
1667
3848
4215
9115
3727
762
5057
6223
8306
7447
3081
9529
6231
7687
4807
1776
6656
729
2387
9326
387
4482
3967
3304
3622
9488
2630
4931
884
4512
2743
5422
2981
3797
9073
7013
7093
397
7258
5578
7086
4185
5748
4564
9349
36
6618
2124
3467
7680
3136
2109
2157
4228
7850
1055
6123
1705
4466
4859
4677
5431
4833
9829
3902
9282
9583
5095
1772
427
5805
1885
7376
7377
8136
2650
622
9674
8211
9217
3375
7185
672
9733
9157
5490
9576
1002
8841
7001
9368
235
9764
9903
945
3004
2201
8700
8379
5601
3771
5817
2480
1392
4460
7858
3009
9816
181
6124
7099
3038
229
4819
8319
6529
2170
7362
7401
2793
8478
9861
3132
7575
1419
1354
624
6508
8289
9887
8950
4852
3172
4013
1690
7293
4799
2678
186
6458
9817
2288
7699
7937
8685
1921
4301
7117
2810
6651
2872
5412
9701
3593
8258
3046
3025
429
8098
2520
2140
8074
5221
1139
4101
9919
1466
5534
7505
7776
1603
9015
6372
8057
1451
9594
1022
8560
75
1027
5392
6554
6819
3173
1879
5611
7626
6691
2320
1290
3194
4295
787
9588
1182
3823
2086
8099
9469
6782
1319
2187
334
6791
7872
1624
1785
2524
2146
2393
7990
5177
8113
1551
1962
1764
1473
9748
7209
8604
4255
1003
3760
5571
143
6586
5093
4369
6402
1430
3951
814
674
5676
73
1453
9544
7844
7324
4437
5351
3609
487
3322
5456
5619
3791
3388
9568
7178
6904
6797
4661
2104
1548
1611
9580
6611
858
1488
6685
4700
6527
8847
4594
316
9205
7924
3761
579
7245
4706
7676
9296
6201
3180
2821
2013
3158
4983
193
4493
7515
2010
1403
8970
2414
9295
9138
5723
590
2616
7009
2786
8876
5501
1553
8766
5737
7449
2768
7700
5226
6622
5063
4376
5141
2517
1683
1006
3527
5542
3546
207
5318
1834
8356
8115
5163
8807
5445
723
1066
4801
3170
4497
9511
5311
6002
1147
1502
4969
8562
5117
6602
335
6686
8814
5635
9894
3910
4681
1175
8219
8065
1267
1812
3578
4636
4775
396
4920
8771
3927
8448
5819
5965
6850
1969
6733
5465
4342
7995
7006
8383
2380
4962
5442
2790
6998
8437
7260
1010
6109
8165
5188
445
6145
5898
3454
3636
3424
9430
5921
8244
2286
8701
5753
8839
8090
3273
1427
6337
4331
8353
7504
1704
1545
7321
5
4012
4858
285
509
6678
689
4077
9405
5430
9036
4289
9501
5089
112
1018
6162
3126
6106
7884
7249
2490
2587
7636
5755
6719
4764
2019
146
5612
6512
606
7993
6063
568
6069
8001
2712
7413
9995
1506
6486
6015
3772
8869
6080
4791
9911
7588
8702
2627
9381
783
3534
5405
8503
8526
3544
3447
8215
5097
6748
6481
755
5122
5425
2492
2538
9328
9724
4981
4114
9721
5564
526
1828
4506
2132
1514
1141
2017
8988
313
2023
4265
9216
5131
9107
44
9438
4226
3486
4070
8953
1356
8866
3812
1008
8479
5925
4610
4141
1435
5507
5798
2381
4390
6880
356
5218
3060
2716
7599
6800
2229
2006
8672
1596
5259
6239
6607
6807
7405
8505
2399
8790
8891
8720
7836
618
3222
4173
2925
4842
1116
1928
7761
4090
2228
1298
2705
7326
7686
94
6684
7931
5204
440
7224
2463
4247
3880
7286
7785
1142
6367
4329
2720
3501
2018
6484
4974
412
8860
9999
1431
9718
9302
2383
6694
2055
7911
5632
1761
7322
4581
8952
6708
4428
8085
9963
1477
2386
3707
3324
5152
656
8233
7050
3542
6120
1409
7443
6468
7544
2921
670
8870
6955
5523
5870
6155
7078
7754
1931
3869
2878
2989
6403
6081
122
7246
2968
3254
3505
262
124
5274
3108
7074
4759
3996
4338
7472
5021
8083
8679
736
8384
9237
1866
1726
4598
1670
2508
2081
8254
9725
3124
6168
4946
8553
9948
627
6136
8313
7668
5447
7213
4366
3392
7179
2692
8202
9532
7137
1547
3899
5789
1061
7613
9985
9710
2853
7710
7964
4237
4614
8893
4989
9614
7522
4573
7290
2369
852
2637
9106
1288
4125
2139
5449
98
5271
3440
9321
205
3999
8722
5709
8412
1441
1700
2133
6386
6804
4712
6501
7056
4647
9550
4333
3014
753
2230
3540
3182
2155
1881
5065
8778
7463
4763
7770
6860
1127
1888
2363
6170
1820
2098
6351
739
6577
938
5580
7861
255
7630
638
4384
3715
9444
7104
7297
324
3503
6309
6808
434
8626
6401
9979
7627
2799
6418
1396
771
8422
8156
8683
5358
2980
5787
5940
8056
3423
1082
8181
2247
2894
4202
7831
9240
3026
1620
3301
2371
8274
5437
320
9524
5252
2040
1990
8638
2599
3075
9413
9572
577
7280
2043
9955
7282
5959
9523
6626
2462
2356
6538
3361
7789
2398
897
280
1210
4788
2265
5483
9063
4434
9396
3356
9922
6059
1819
3160
8657
544
9213
8060
353
3687
3535
8566
5082
5590
6589
5291
1756
1359
4486
6932
77
1111
4513
1542
7352
1345
6214
1448
9365
4015
1460
6906
9933
1423
2058
3870
9897
2193
8052
6789
4760
3649
9841
9030
6761
3585
8926
2647
4401
3981
389
636
400
1
7049
6771
2541
9257
8189
200
6613
7378
5698
5198
9174
8126
5401
6833
3858
7913
2597
7032
3629
7529
290
959
3815
2887
1211
4821
3644
4730
2377
6140
5299
3189
6435
8304
6057
7430
3127
7646
7114
8682
1715
5750
6533
1144
1299
2446
7738
8803
5949
422
1088
3479
4105
6914
7886
7448
9144
1161
7920
8
3781
5655
1207
4518
6893
4924
4181
1239
9707
532
278
3898
3602
5353
9149
5102
4754
901
6414
2837
2563
711
7849
7079
8067
5808
2239
3662
3376
782
2304
2764
2494
8748
6161
1042
2614
2173
9509
7806
3721
1532
1393
5996
6612
886
6773
9050
4602
4627
9141
3600
2760
6184
743
8595
8934
8158
8871
610
5761
8103
4387
3529
1857
3671
8717
580
9499
3128
4856
2945
9612
7521
3581
8515
9087
8603
9280
47
6946
549
6326
6941
8913
8004
5378
3857
808
5692
1352
1347
219
2831
4358
5268
1839
4724
7028
8000
6828
1685
2948
5758
9331
8135
282
1911
104
2285
4690
6245
4766
2248
1457
3656
2008
699
3623
3907
1349
2495
2717
1833
9186
4576
85
7900
2077
9307
2737
6630
5721
358
7229
4740
806
2158
7977
7491
4344
3112
1875
3901
9388
9334
910
2074
7733
2620
6805
1592
8594
9453
6398
2977
2473
8436
8494
1874
3452
3245
8400
9098
5961
4268
1293
6867
5480
9872
7312
1307
231
9896
4208
4824
1731
9253
6307
5663
9101
2430
7997
7943
3145
6965
456
5838
4251
7421
5651
5811
8395
3748
4122
6438
7527
1847
1743
7645
4847
2169
4081
2130
4620
6624
1478
5985
8877
7436
6726
7881
4952
4657
5282
4979
347
5598
6469
8423
4120
9776
1449
191
9437
8026
8691
628
1993
5075
3553
5345
2224
559
2767
8728
238
1400
7690
5884
7187
4355
700
1387
2865
3155
1818
2685
926
411
9575
3149
7662
7499
3985
5227
8251
9536
8939
6692
4374
1189
3513
8138
3192
9418
838
6518
3007
153
8429
132
246
8669
5638
5804
7748
6087
7965
5561
4855
48
3617
7275
8690
844
4470
7069
2015
2687
4380
4659
4584
9742
5407
2148
4560
3365
9009
8945
1659
2317
8232
4252
5317
4872
8706
7106
2828
9045
4845
5828
6412
6818
2897
250
5154
7469
6712
8376
709
4088
6638
2777
5336
7129
8294
3935
2047
4520
3568
2070
1136
9364
9792
6514
5823
7973
2079
7180
1394
3611
3071
7035
2750
6066
2082
2639
5435
587
5068
7640
9214
2808
4073
4719
1355
9468
8915
4309
2715
206
6687
6311
9967
8279
9166
7320
1707
7742
5606
9238
1682
1073
2965
61
5974
3118
8555
1185
239
779
7175
9852
6142
2421
8121
1536
351
7731
4293
6736
1269
3300
8070
5931
5741
6064
3455
3351
3948
3719
3591
6189
750
5867
5730
8260
6610
5482
8170
1766
2254
665
3474
6160
4552
3583
7871
7851
171
9286
2857
5801
5079
29
7003
962
7926
4663
9506
9670
9004
9927
8501
266
3103
6592
3532
934
8699
5091
1118
9893
7976
3832
259
5693
9439
1779
5736
9533
2535
5134
8824
1445
7191
7190
5717
9224
1511
2666
3465
7767
4403
2586
3883
291
4462
1826
2298
1263
9449
4943
9189
5249
807
4400
1518
3368
2279
829
4505
1336
203
2651
9891
4048
7751
5463
2689
4632
2451
138
3530
9957
511
3281
3095
1697
9031
8994
2041
8405
1867
2231
8489
915
2978
6967
5881
7525
7685
9747
8537
4151
9325
4704
2011
9696
6227
3179
7595
7325
4888
9460
1863
160
3461
5285
1733
5851
3162
663
4682
6742
3318
9772
1038
3098
9625
2057
5752
4325
8119
2296
3821
8303
4003
6776
3359
4543
4320
2217
6428
600
6338
5712
126
4739
3700
3995
5118
879
9977
4168
5511
13
2824
6144
6284
6575
5315
4641
1001
3122
9121
2221
6339
7075
7549
3822
5328
3283
635
3560
716
2638
1698
1710
1980
4645
8696
4926
3965
1807
7824
6597
4430
518
8599
2121
5013
8465
9461
81
865
5575
2290
9297
9179
9870
7462
3851
6498
6054
9254
114
7145
6325
9561
3109
2848
8455
7551
8611
2319
8780
5096
6379
2528
9615
8634
7287
7725
5917
2277
4624
8844
2237
8007
7819
8660
5615
4408
2062
253
3939
7959
5278
7944
4495
8900
7714
2090
6467
5335
7065
3913
5920
5565
2208
5794
5585
3737
7381
5051
9041
6672
195
5111
2595
9848
3976
9264
3993
4527
404
3956
4238
3293
1294
537
9342
7820
4163
6310
3251
9131
2192
8112
5086
9393
4021
6858
7182
9288
6362
873
7426
6757
4751
1137
8821
3635
4628
8229
9035
9436
8463
5519
9013
1528
6952
7958
1292
6416
7798
8711
4812
7855
9303
1858
8827
4382
3482
6861
7271
1582
1087
8840
4079
5582
331
997
3115
6935
1519
1696
2432
9354
2566
1647
4027
7777
3911
2861
4557
8639
6639
6786
6278
9549
367
3052
4498
6206
2316
5144
9761
6115
1790
1425
2801
2991
8565
4420
9137
5341
2753
6721
8472
8863
9656
6281
8250
1813
1842
8642
1131
3271
443
9855
3874
5424
8628
1805
2053
6094
1516
803
9577
512
3176
7058
2718
355
4948
9486
3988
5492
2772
1329
1321
2269
5645
5524
6374
5764
3441
9159
9126
6226
2626
178
8248
7649
1959
7331
276
5047
5452
9222
2929
4698
8039
7667
3047
3780
8011
6617
3003
5802
6876
8342
7816
5498
5930
1482
5684
8366
9675
7307
5986
3550
5370
9083
2781
5166
8166
3199
5924
3380
5854
7985
8981
6759
7838
59
5191
1000
9400
2562
7440
1569
2219
2633
6591
1107
1566
856
6315
4857
7506
1802
3942
2276
9457
9704
7253
3334
990
4127
4206
348
2721
5423
8482
5189
2066
7528
7786
3309
4099
5313
2485
1471
960
3668
5835
261
8713
6994
338
4569
527
4864
4603
5587
8744
726
1644
4658
8568
2742
9825
1649
6585
188
2653
3382
33
4327
2493
7624
2281
6652
74
6430
5297
9980
2016
3596
8656
1376
7701
9605
9477
305
2916
8218
3443
9298
3061
2236
4806
7091
1160
6042
2933
3473
3154
935
152
5646
5577
4197
7110
963
7272
1130
93
217
6312
15
6273
2665
8533
2852
391
2564
8123
8597
287
3945
6039
6426
1932
4418
8440
5273
8606
7414
14
2646
2188
4074
899
8856
8228
3684
4362
5280
6717
4537
64
8273
458
1508
5814
9170
6987
6620
9986
912
9926
8266
4517
4514
7347
947
4605
830
9992
131
8129
9454
9874
442
7957
4207
2579
6297
4156
2722
8458
9838
9026
37
9834
5453
3916
7300
3903
54
4158
7394
3587
8920
5593
9744
2397
9382
8799
8645
5906
4765
776
6957
8614
9332
854
7934
6000
1871
1193
1798
1271
6424
8430
3016
2185
5104
4917
8477
6634
6997
3195
6396
100
4804
1259
2809
6598
7933
6681
9610
7386
1995
228
8199
8936
7039
2340
263
8539
393
1617
2322
1224
5238
4665
2615
4597
2253
9091
4272
5679
3317
6196
607
4803
1714
1208
7921
727
5912
1313
6192
2594
1204
6
1621
5289
8471
129
619
6067
3889
9516
7543
3523
9973
8557
8212
1402
754
5121
6942
5257
8432
1537
5103
9410
8785
1390
3729
7482
2636
2849
2581
7912
6753
4528
6758
1244
6358
2530
8283
1044
6431
1944
3399
2402
1097
9522
9706
1600
7916
7902
9072
871
6248
4524
7892
1309
1795
3036
8105
998
951
1172
8029
7076
7793
2110
2641
2912
9892
9618
9593
4621
7904
4113
7473
1562
4175
8734
5621
4555
9939
3296
4135
2841
4502
9262
9502
2278
7605
5740
847
2987
2947
7516
1075
3446
5682
8684
6802
1781
913
2292
450
2035
2893
8183
3384
2002
3936
4349
9818
7758
4278
6188
7119
420
7495
9146
7891
5855
9915
4619
6191
4745
4703
6507
9077
4723
9997
6092
2795
1673
7946
6496
4961
809
6377
6247
7635
185
2235
3284
7616
6343
7801
7513
5956
3289
7629
9339
6369
2770
464
599
3381
6357
4000
2405
7890
5670
6314
3722
2293
7441
1070
1692
202
3652
3146
7679
1192
6323
9622
2359
3614
2618
2529
6933
1724
3050
4889
1059
8608
7387
5105
7358
8398
9676
3764
1112
8281
1076
4789
1505
8959
5762
5691
4440
5074
7734
9880
4118
4892
24
5788
4750
2664
8609
683
8694
5350
7833
7140
1408
786
5135
6600
3303
4738
8425
760
3713
9900
4076
3006
4494
9616
9762
214
470
4839
7407
4285
382
5887
1237
6071
2895
8548
1098
3080
6492
3415
1752
2713
5461
9197
5751
6975
4986
4282
3804
2478
9198
7608
4743
8777
7579
5667
9913
8512
3892
1170
9432
907
8974
4150
31
7727
1433
7073
2752
2416
2031
3001
664
9837
1588
1015
5023
2937
4996
8413
3597
466
5175
2503
6519
1450
1923
4893
5448
1904
6619
5434
5234
2172
8956
5553
9155
2661
4923
5223
2065
7060
8971
7234
3779
1285
3444
1976
3522
8972
8354
5687
3403
5652
9970
5552
4673
5210
8271
6713
9181
8902
1572
5497
7090
2396
5048
4091
4133
9760
4328
3997
4100
9968
8197
777
5878
9840
1651
2755
8220
2617
4375
9069
5251
7490
9315
9451
6371
8593
8315
1252
7479
4722
2613
4516
2223
2329
1718
5732
4319
3458
109
9299
5665
4231
2975
8192
5899
5797
632
9456
5037
6887
4391
3422
8387
2037
7054
608
9727
841
1747
1465
5977
7778
7870
3630
2127
7802
887
4910
2000
8514
1608
9160
359
6215
7678
1381
3826
3753
2746
8155
3362
820
5451
1538
3666
7294
5366
6925
90
6729
3156
3114
4336
8080
251
3207
4886
8577
3215
1529
3178
5340
2846
6648
8897
7661
1443
5031
2932
5030
5915
2400
7938
7691
8265
8151
360
2084
5126
1343
6699
1878
9505
9975
3634
9865
4159
6269
1688
6480
371
2954
4392
3709
8276
9276
6113
7863
1206
3252
150
9274
3694
2559
7370
8955
3552
5469
8842
5321
2212
2272
7051
8867
684
7856
3352
2049
1860
7195
8196
3978
9074
2291
4907
2766
2401
27
3144
5943
7894
4210
7226
3586
1436
1513
504
9113
4261
2250
745
6345
3626
4960
273
4757
1786
8280
9805
421
5327
6221
2020
8714
208
8649
304
7677
7170
3785
7045
3933
4047
989
8022
3495
2582
1787
3697
2160
157
5003
4303
4752
4919
1530
2100
4585
7484
4713
2703
2519
9559
4095
9842
7859
5938
6521
4546
6354
740
6903
1503
9584
7648
4069
7471
6298
7026
1742
1420
4607
1378
3340
8333
8802
2904
5092
2622
5287
7885
4813
2395
675
6604
9448
8450
9574
6536
116
4817
2449
2645
3418
2365
6390
230
8023
1020
793
3333
1422
5850
9171
6825
8789
6901
1664
5726
2920
7671
2489
2619
5952
2333
460
690
9033
9844
7160
42
5084
5083
8954
5060
5029
7047
1856
5661
8853
2504
1765
859
4895
5069
4322
9833
8234
9546
9981
9866
1048
5184
372
52
5305
5054
6722
3487
805
7375
9466
9688
3466
8053
9233
7444
6473
4249
561
8687
2999
1723
83
4259
2993
8663
911
8047
6451
1660
9898
9683
2819
4332
7954
8864
1648
5224
1830
7153
4863
5267
8006
8259
5275
953
7782
6889
7239
5071
9039
4958
5078
5418
8308
8468
1133
4356
5617
1534
3459
9132
5792
6849
9586
2763
447
7235
1630
9932
7534
7424
8385
9336
3412
4674
7141
3395
8371
813
5499
4773
8173
6886
1784
5749
3809
7364
2702
2960
8987
1671
3055
8580
8120
344
4827
501
4692
6258
1190
1854
9886
503
5522
8732
3742
8106
955
6572
6146
3788
6375
362
5088
5028
1522
8888
3335
2970
4820
5710
6286
4999
148
875
6871
7766
7753
502
6104
832
6366
2427
6074
4129
8772
32
471
5014
5164
4205
956
3363
7470
6234
1597
5914
8498
3645
8485
1997
1541
5592
8534
9830
4957
9945
4459
5928
4396
957
5292
1559
8654
8257
6548
2420
8957
3790
4900
3664
1635
5554
4667
9974
2261
6872
9367
3767
9640
8089
3196
1852
1574
1103
6970
1623
3475
5602
4796
2439
3637
5298
3307
4487
5856
2711
5129
9048
9827
2233
3065
161
747
5301
7084
921
1268
113
6035
2105
5380
731
5916
8925
7403
431
4728
6677
5284
1650
9270
8492
902
5214
4291
889
8335
9187
9358
6949
4533
9637
6667
8035
9936
3706
9210
4944
1861
8255
2521
3217
6182
130
8179
8958
7803
5421
1661
5508
7815
6526
5650
8268
2433
9090
7623
6913
3297
840
218
2758
2050
4386
3632
1810
3914
6670
1870
7658
9602
1128
2302
9467
7392
7176
5948
9184
7265
9562
6641
3716
8245
4087
416
828
3970
4178
825
9053
2309
1113
7201
5245
2422
3429
3428
5220
6739
3320
4067
4154
1732
453
2707
6420
8648
209
4562
7880
565
7927
7979
5767
1316
1903
4932
4501
8263
7713
1310
9713
6382
2144
9109
9717
1645
1899
4618
2475
8093
2213
9082
8625
7606
8018
933
1146
269
8292
1106
6167
6551
4668
9408
2034
7433
6912
9330
7410
8506
1188
9763
7967
3944
5840
1491
8899
7996
9403
9000
2112
2262
8163
687
2856
2732
6262
2078
6334
5913
5349
9123
8038
9206
5061
7493
6410
7577
9426
1407
5027
1791
9385
2806
7947
9755
7773
6316
3462
4933
5468
5589
1071
7558
685
9284
8710
9196
2465
7875
3834
3062
459
9565
9152
4929
4688
2412
2149
7638
3489
5724
5049
1841
4488
4691
199
2867
6504
4529
6525
761
2267
5000
7404
9965
115
5101
3219
6569
1229
5391
4037
283
9869
2111
798
1948
554
3682
5599
898
6581
35
1543
9008
5543
6143
4316
9910
5180
5081
7198
5338
2101
7270
4348
7148
1183
9373
6829
8675
7552
2460
3516
970
2341
357
8623
9476
1154
4899
975
992
5436
5058
1754
5686
5677
1636
1665
4394
3775
6770
2444
7007
350
2440
1989
2825
3741
2826
6202
1890
7910
7617
9794
616
4201
2733
4565
3735
2553
6772
6993
1552
7651
5994
6778
3397
4465
1083
3612
3986
3796
1372
5780
3449
2942
2390
9145
2179
4350
2854
409
366
4253
6291
9235
9889
8812
2343
1941
9434
1234
1060
2730
4014
4846
9689
3369
1947
7157
6037
6304
2979
8519
363
7808
4483
6114
6826
8518
9700
7637
1115
9229
9793
7945
9
3
7291
7309
9581
9327
1575
2115
1497
3926
2674
3117
5902
7972
677
5980
4626
9242
8168
1639
9663
7790
2025
4024
1985
8527
7698
5085
441
8238
4970
5100
9231
3758
4571
3332
5062
1063
6098
2600
8359
4693
2491
4093
7126
5793
9859
1584
1905
6962
3685
3092
8277
7467
2214
5545
3269
9344
5875
7501
4687
4601
3777
2310
3639
9809
4972
7464
7989
9578
1663
2555
9884
1342
1632
2919
2438
5044
7966
1919
8481
2830
9441
7510
7481
8937
5944
4028
7530
3975
6306
3861
3389
1081
1653
9212
2548
7172
2372
620
9633
7587
4795
9322
5694
9369
1365
536
8030
8830
381
1220
545
2672
2373
6864
6053
2935
5248
7632
9244
7339
9864
5258
333
1943
8552
1217
2486
4429
2005
1462
2973
5894
686
86
7142
4640
2165
4550
3507
1788
8918
8564
3866
395
2580
1629
9215
9347
5197
78
4111
2075
454
7230
257
5907
7067
18
3051
3966
1493
2642
1029
3266
3787
5159
9062
3494
539
9698
8542
5657
1135
3545
5502
484
8794
2259
1622
1017
8500
2136
6011
617
1284
3105
2745
9245
7986
9971
495
3520
6780
9440
654
2804
119
6918
9669
8282
7594
5722
1618
4904
8329
882
4768
5262
7763
2688
9024
82
8207
2923
7217
4143
6588
2297
6153
1889
5320
9402
7939
2370
6741
264
244
3100
2625
8143
7821
1209
8392
1084
5185
8982
9937
8017
2472
232
8820
9148
7799
1149
9337
850
5942
6882
8928
7826
5247
3588
4244
3249
6578
8167
446
256
5162
5988
6384
9361
3253
2360
369
6276
9392
5720
444
2946
6164
4870
1054
8716
8459
6550
3364
9005
7243
6169
8823
4815
3295
8206
4915
5206
9697
6609
1576
6947
3989
3259
5072
1258
8896
2652
3013
6448
4705
3413
2044
2515
4250
9535
4115
3843
6683
597
5608
5512
5139
7711
1953
139
4875
8805
1095
8299
2255
4445
5363
8846
9552
5323
248
3952
7429
2234
2757
8128
2306
2910
4059
7955
5813
2788
7705
9828
821
3218
3606
9883
9799
7072
5142
9006
4359
7879
4191
2345
3472
800
5743
3768
8707
2283
738
3905
8025
8178
8865
7023
3909
7383
3661
9739
3379
1804
2466
8826
1454
9619
596
482
6546
5457
4630
1499
9723
8446
8239
9353
2301
5467
3310
3906
7518
8261
4108
3918
1045
2126
7166
1939
3411
7456
63
7561
6277
3698
8574
8102
1674
6715
5036
9751
1797
6183
8223
5530
1151
2029
2152
1464
8792
4417
6714
9056
4330
5377
6931
2997
7345
4903
6698
3398
6530
5613
7173
87
1844
6256
6812
7853
8417
4912
4664
3712
7619
648
9931
4708
1157
177
5783
165
8095
6700
2836
3008
1793
5295
2408
9826
3438
5491
4323
966
5109
5310
2880
1757
1289
9648
385
7554
9759
7509
8703
9202
3845
9641
7583
7152
4337
9599
92
3278
1388
4212
7278
9151
7169
9987
1351
5526
2429
6332
3236
6078
855
3119
9920
1350
7458
8843
4850
5077
6842
4736
6361
5153
4542
9343
5022
764
9664
7704
1498
5678
1554
8986
7476
5414
5885
2934
7975
7666
7064
9049
9225
4425
6974
2374
9914
7044
928
1999
6285
6822
9627
5116
5010
7769
1494
7082
7865
8619
1114
1323
9390
2871
70
7866
6061
8160
6347
4567
6737
2889
4046
2803
2162
4299
2673
3280
5825
7708
7498
8414
8045
2558
7365
9659
874
7783
7523
4211
3229
2565
3445
5385
2985
5099
4402
9317
6151
4068
3306
9579
5658
3070
1894
2362
258
7416
4834
6199
4830
2603
5769
1893
5886
2312
1988
5303
1509
1504
3665
9445
3134
1495
2686
1594
5715
6824
9301
2719
9530
4991
5873
5742
7830
9808
1590
2523
2052
5127
5064
6954
7474
7221
7634
8996
2822
272
323
5690
6896
7524
5706
2361
4890
9942
7095
8757
8806
9695
9494
6455
6728
2242
5681
3688
2045
9168
6159
1652
2533
7832
3350
8851
5296
1364
9595
6922
9329
7560
3250
6657
8554
3453
9890
2905
1838
4339
3705
9249
6574
3508
5140
5923
5419
1586
2256
4593
2953
216
9185
6787
8774
581
4383
5149
1591
4786
5277
1970
7422
5995
1730
4777
5688
2863
9686
8042
6599
5015
7915
8670
8862
399
8973
4352
1490
3814
8874
9221
1640
9515
4370
916
4928
2740
1108
1250
6878
5778
2834
2205
980
918
710
2601
6296
9182
6317
741
5662
1377
6794
1270
2106
329
8905
9482
922
1827
3141
6158
8275
625
377
1171
8943
2998
3089
5090
8365
8761
5891
573
2881
5771
1203
2829
3659
345
3643
3456
2218
5776
8241
9982
6444
7008
4038
5669
1631
4696
6760
2823
62
564
2657
3031
5869
3373
2513
9749
5818
8688
1686
789
1760
5941
1580
1955
1613
2547
1737
4119
4776
2339
5848
3582
3979
3894
1909
2197
9517
8550
3633
8749
3131
1634
4556
4381
7923
7807
9947
8362
4769
6116
2117
7130
8171
6147
6951
4742
2220
5984
1952
9010
3216
8975
4930
5484
6014
570
7716
7020
9463
4161
6798
6485
4368
6274
319
8139
4798
8358
9462
8990
2899
2295
3703
6884
3177
7061
8570
9787
6658
4360
9391
1693
2094
7455
7059
2142
7837
486
6583
9831
1405
3675
523
7688
6225
3987
5138
8307
6703
8048
5837
1426
8793
4747
8810
774
6177
2858
8962
2318
6981
1883
7356
706
3020
2326
2323
1143
3151
8346
9076
3774
999
4655
1199
9551
7537
8747
4170
2578
111
7038
7279
5763
8983
8795
7151
9668
3023
9304
4245
715
7614
3677
9379
3749
1049
2735
2102
6499
5518
1762
1395
8598
1822
2411
7852
1642
6261
8418
151
4992
6823
7603
2668
5254
5196
9191
2927
3711
6731
8140
1415
7507
3572
4955
9323
9802
4066
6006
6012
9246
7706
5235
7048
4574
3021
4294
4433
4234
2407
7664
8692
6847
2417
3409
4219
1862
2030
4508
5342
563
6924
4997
2585
2840
885
5433
3983
1960
6322
2561
8388
9925
863
8009
682
7950
3867
8177
9851
4822
3808
9699
868
4149
1886
8434
3831
6547
2028
895
1265
5563
5471
8800
6926
7909
2481
6774
4800
6111
1328
3287
4243
9846
3213
9183
2502
1062
6744
4298
8043
1412
7974
7811
6406
9164
2176
2583
7573
388
7450
6986
6198
1533
6653
9626
6659
4283
937
2568
1434
9169
2751
8764
541
4112
7696
6716
9952
9407
2855
9954
7764
3734
2680
4033
2571
780
9856
8063
9682
102
9258
9867
1876
6378
6816
3853
7655
1280
4192
6838
5759
7019
4558
8524
8854
1846
5618
3762
3648
3584
3212
5354
8894
6516
1739
6478
2357
9173
9547
4793
9966
2736
2036
9278
7780
2655
7096
475
4726
7867
1320
9070
2961
3663
6118
5253
9203
3839
310
6128
8150
2765
9714
7796
9638
7722
4878
5348
3579
8348
2026
1475
9875
8091
4982
2195
2941
1028
6897
2442
7675
6413
2971
9209
3298
6391
5393
5659
6003
8984
2635
9271
8002
6503
7273
6032
1845
4577
403
6615
3383
6738
58
8044
4415
2056
7212
5106
2167
1093
7304
769
2812
5026
2859
6376
7203
6921
6919
4277
6520
5382
1544
995
8966
9956
196
877
6939
2842
8818
4254
3696
5215
971
5708
7452
1031
3019
7903
472
9684
2332
1205
5777
2012
5007
4107
6631
4183
302
8109
551
8596
4324
9996
4054
2724
1725
7817
6608
7928
9446
5396
8159
9227
9473
1973
2338
1771
8403
8949
6491
6449
9128
2138
9691
9431
1248
9218
3336
3607
2083
538
3274
1722
1517
4182
4414
5045
6333
9708
1302
3451
6992
7557
1515
4479
571
7772
3573
6466
3714
9143
6235
1691
4104
9023
5594
678
967
6007
2394
3018
6270
6645
9976
2877
9350
6029
6644
3897
870
6208
179
3096
816
8776
6041
8543
4064
6404
5863
3497
1991
1179
7723
2762
8929
5707
4248
498
4761
3562
2249
5981
4651
6909
1938
2313
4829
7581
8834
906
5256
7036
6429
7000
6790
1297
8464
9800
944
9172
9002
6049
7980
7650
452
1476
3710
6075
1306
3580
4235
5728
192
2783
2241
7541
4599
4644
1751
6709
3265
534
2754
96
1194
4649
7601
6917
5312
6076
8525
2964
4695
3895
2592
1332
1808
4335
4467
8738
6044
650
8490
5859
3833
9862
7100
4413
