1226
2169
3295
7259
4791
8135
646
7188
9558
4168
3177
5313
2660
5917
7193
6568
6709
9807
8297
1234
6476
8132
3842
1612
5773
4491
6832
7796
3144
4331
5503
2836
4287
1443
6401
5419
6783
5906
2941
7588
8419
3736
7845
5781
5543
2822
5452
6194
535
4360
8284
6328
1205
471
5432
3817
3175
7376
9718
8668
8040
8001
5047
204
6978
7340
3838
8255
9372
8242
762
4386
5593
1183
3993
838
5237
7819
4004
4533
3447
5342
3037
1093
9241
8954
1023
322
1249
46
595
8104
1272
4853
6575
8857
4586
3619
2898
9315
929
4911
1582
1014
7310
1667
1428
6391
6361
6657
9523
9474
1447
4670
1265
538
2715
4604
5887
2201
9135
9151
975
9256
2808
138
8468
3048
2605
9306
2754
2618
3468
1474
9724
4028
2962
3326
5371
7223
2995
754
615
9185
2582
2036
367
5087
2263
3632
598
4654
3455
6993
9376
2280
8187
5669
2407
4041
9969
8333
139
9856
5889
4640
107
1517
8886
7769
1027
4376
9695
2863
3957
4113
8662
3130
8202
1909
3651
4277
217
9766
729
1431
7566
7687
6093
6924
885
7499
8004
9504
6658
7102
7808
47
3624
5156
4502
8887
2050
3897
8080
5151
3756
9173
4112
816
316
5721
6635
9201
7141
4528
8106
4990
5012
6120
3058
9663
6741
6590
9264
4945
3945
8344
1690
4534
9292
6005
1469
7931
1853
4363
6834
1515
780
1990
6626
2133
6891
2102
5475
2689
5218
8093
2687
626
8014
4675
8659
3303
3868
88
9276
2771
4455
3222
2467
2590
8757
1948
2819
1018
2094
186
7066
5082
9499
4031
1108
8259
9673
764
7441
8492
8548
6403
3865
5133
5031
5622
4714
524
8107
2229
1337
1917
4040
8654
9377
5453
2016
4749
7500
87
8642
4550
8881
2781
1313
1985
5862
4827
6996
2458
7296
1162
6768
4706
8608
9800
7917
3365
395
5013
9545
561
2533
4327
9746
464
4559
7086
1950
8561
5339
9869
1705
7436
6587
9297
625
1454
5701
7907
5919
5617
1061
9440
2445
869
8136
1995
8930
7731
8157
7482
7054
3785
3944
9087
4986
8369
1386
9074
957
4465
1581
2753
1844
7697
4874
568
4098
3461
5620
5575
8393
3914
6261
9093
9757
6144
158
5998
6484
1714
6129
7179
700
4102
4329
261
4307
3055
9018
5694
8660
4632
6601
2968
3184
3377
2973
4980
3388
4563
5278
3859
7225
7292
8923
2496
7399
167
2686
8420
5585
8196
9930
3083
4556
8773
565
5672
4552
8596
3036
3489
1105
3266
5319
3032
4072
995
211
3765
9847
9763
7913
5097
8609
5717
2399
5086
6893
887
7836
8740
9668
4811
3521
5752
7872
943
2517
7367
5385
4694
6869
6431
4766
3274
3195
1496
3390
187
9585
4812
9107
6156
872
2670
9157
2336
5393
5233
4235
9536
5259
9215
6015
8454
5737
9339
7646
7985
2107
9176
4995
6330
4520
2208
5239
2220
7573
8201
5354
3396
8993
9857
8194
370
1378
274
1647
6058
8329
3270
9698
8374
9592
3497
4839
6429
155
2603
9311
4384
3672
8366
8085
7832
7688
807
4302
3866
4804
8056
4139
4800
1908
7355
9883
566
1573
5139
2472
3171
7303
8634
7922
5021
8327
2006
2442
3375
9784
1427
6508
1009
4750
5154
7785
7477
611
2326
7256
6981
5505
352
2266
8837
5834
5861
4206
9571
7432
472
7882
9864
778
9422
6209
4474
71
9867
1565
5631
1571
6148
6942
1567
687
5882
2524
3238
9457
9768
2752
4657
7092
7365
3329
2532
8997
5404
3524
2217
5125
4410
8679
8921
379
8495
6407
4955
5143
3540
179
9741
5824
445
5307
6950
4708
9409
8406
7793
1488
968
7897
4522
1750
1419
3180
7204
2724
9593
6957
4022
8622
2560
2286
6463
3430
1928
6128
744
663
8340
1070
9992
116
4054
2620
1011
3405
3649
3402
9823
4549
8352
5016
340
3539
4879
7407
8042
9324
4192
8512
2067
7552
2506
3066
8049
631
5352
1889
433
4378
7905
9249
1513
2947
7002
126
3324
9003
3622
5996
9296
6338
9219
7057
1122
7718
5076
746
6766
7733
5609
8433
9321
8012
5852
89
4514
4133
8692
6173
546
9412
3918
2945
6992
9915
6695
8193
198
6557
922
910
9191
2448
2452
283
8098
3572
6003
2181
7817
1537
8755
1963
7579
102
2722
3715
9793
4776
5048
5649
1473
41
8210
7592
1558
9693
2108
9352
4268
1377
1642
3486
9038
605
5466
5005
6740
1854
4904
5654
3844
8303
3965
9865
6550
9943
2463
299
3167
1076
169
8044
8570
8734
2830
2974
3718
4965
4828
6117
6743
2319
8414
6012
5096
1500
7994
7147
7308
5554
6831
8937
5008
7574
7046
2264
7518
1728
7734
6677
2750
2278
604
3517
4972
8424
7639
6945
467
4007
8412
1232
7007
9445
3213
9506
8751
6035
5224
7843
1894
4348
9281
1725
1885
5299
3250
6020
1053
2776
5613
2274
376
2704
5547
3708
4241
1175
1120
9579
2282
1490
7654
4073
7444
8207
2764
72
6349
8234
7380
3310
4459
5189
8016
4421
5804
8528
4023
5290
7603
6778
5766
6206
1483
1389
2428
8604
637
3563
1527
5145
3254
3608
4025
863
1385
7
573
2897
3174
6040
6480
5127
2079
1049
9786
9546
1214
4700
972
1606
3289
5264
1668
5590
412
1601
4895
1412
2537
2324
5982
8651
3421
7977
4799
2793
2679
3429
8508
7001
2223
6781
7253
3798
8342
7840
5818
101
7547
2189
3416
3699
6786
9647
710
6751
9855
4357
6909
6962
7354
7895
2580
2235
2404
2
7678
8411
2055
4627
8392
13
1590
886
7364
1065
5870
3824
7915
8499
3964
8109
5089
9125
2024
3482
9993
1110
999
4069
2098
7234
749
5281
6057
3506
3163
1462
9398
2697
4321
8122
8009
651
1678
475
4599
6833
576
2751
4425
1835
8875
3278
1672
4746
2435
2509
5634
6940
5607
481
686
1945
2502
9218
4150
2876
2596
5228
6730
9997
1749
1421
153
1358
3823
3047
7385
7936
5646
5480
2913
6071
7170
9265
5718
9792
1822
6578
4320
2911
7483
8064
2396
9584
810
5867
9511
6571
2720
9063
6997
293
7670
6370
1149
5709
4309
8153
3569
5916
4436
7690
811
4408
9941
1363
3093
688
9562
3101
8830
2341
3013
7942
862
636
4822
9098
6469
1032
3586
2325
2058
2794
8019
325
1539
5652
543
772
2441
9282
2023
2824
7241
2156
6017
8729
8657
8588
2101
9313
6733
1240
9586
1983
6999
6600
1811
6452
5479
639
3022
2711
8974
9280
6929
354
1138
7708
6672
8488
4569
4373
3533
7211
3902
7218
2571
5007
4728
4196
5214
5467
3962
9217
2485
9981
6579
856
5215
6785
9473
3597
2222
6491
2040
6226
8266
7205
549
1202
867
3509
1355
4438
4463
302
3946
8247
4065
7125
7469
6380
3269
3220
7960
4414
3188
7291
9399
979
8992
3959
4221
1981
233
2161
5958
3315
4944
5842
7189
6938
8653
7737
9494
6535
2409
180
9187
9880
5687
1329
8708
914
7816
4488
9081
9754
1448
7139
6606
8025
2437
9223
1052
950
3794
2576
9501
9637
8566
3009
1939
5026
4851
7749
894
5058
6880
8471
366
4934
7557
7039
1804
110
3349
4684
7762
5356
212
8372
493
9478
3437
2544
5995
2800
8683
8318
8038
8053
6905
7886
2318
1397
1139
7984
1059
2005
7707
8836
215
7551
1788
5441
9987
5778
7946
125
6523
1388
1735
1200
4259
6354
989
4419
2020
5645
7108
4078
3850
932
5244
2272
3002
7889
5204
6792
7980
9925
6878
357
1019
9719
8298
6931
8595
8991
5767
4960
4668
4030
8905
8753
961
419
8330
9116
70
5472
127
3731
2187
921
8110
745
1373
645
1155
7069
1651
2507
6674
4764
1911
9349
6402
183
1231
4478
8600
5820
4679
1630
680
2252
7750
9615
9888
8417
1781
7630
3874
141
309
9787
308
3775
2230
5009
3142
8033
6050
27
9050
3852
8533
3805
547
8413
4492
3596
3853
6595
5039
8478
8296
6417
160
7713
3491
5816
5988
5015
6293
8722
5153
8559
4816
6968
9456
2345
5331
6497
8883
9638
6444
3407
2944
4212
163
8702
6960
7806
4630
2728
9358
3007
7425
422
9842
2297
9143
6687
3211
4145
7655
2200
8555
9470
3138
1680
5963
5747
477
4912
6736
3321
2417
4389
3677
4685
3908
8399
3769
4541
5261
742
5273
2394
8811
2312
5410
4217
8474
6648
3258
159
7642
1609
6265
5116
9914
5074
6170
7325
8002
4420
5817
2370
8845
1430
671
3145
768
7685
5301
96
2896
6252
7106
7471
7543
8336
3261
6190
6151
9059
7154
4330
9427
8542
7949
9832
1478
4052
4597
4942
9676
1878
9467
4395
1331
4610
755
7383
6448
6863
495
4770
7389
9635
7601
9023
8724
3478
7118
3026
6153
3147
7506
9706
1442
6384
2842
4616
7322
6510
1810
8324
1078
330
2281
1689
1470
2388
1767
9702
5182
405
4097
2673
2965
1137
3400
5306
9850
4156
4806
9772
9683
1579
9234
3347
9106
3252
3302
3552
6119
4540
8308
4274
6619
3257
7278
9819
6602
1390
318
7705
6300
1947
2908
103
3995
2858
5751
6470
7206
1057
6817
4185
9627
9904
8103
7878
1143
7480
6090
8580
4255
1446
7570
827
8487
6803
4027
3912
7279
1675
4793
2265
3003
2553
1805
5175
9775
2039
3141
5017
6767
4571
3069
1617
4795
3194
9337
691
106
3984
6696
2287
5864
4687
5991
7026
8560
51
8017
9820
5912
9500
5460
8261
3673
8925
4140
7519
6369
2955
1463
3300
3529
2889
2666
5733
5977
8295
6288
4457
3783
5985
3971
6754
7138
2912
8496
6157
5933
3966
8983
260
1315
8203
2271
5846
9677
2046
6426
6547
353
7268
2109
5297
5438
6268
7146
4661
8438
6329
4715
9949
2772
7699
8591
5873
8167
7113
4948
5351
2578
5865
5434
7282
871
1905
2258
8966
9204
5681
7333
9659
3082
2622
3665
4111
5203
7502
9974
1806
4768
4000
7674
5811
4752
7304
7487
3531
8026
8942
8955
9005
7049
8598
5782
6299
5712
3412
865
825
8337
1816
7743
8024
384
7397
8650
7854
1979
849
1426
9250
8797
1671
5869
9189
9877
7944
5883
397
9537
9046
2132
1229
1910
6828
7190
258
8239
7582
1484
931
2903
9881
9212
7673
9082
5786
5574
9862
4014
369
1142
245
437
6457
6316
3691
7169
9691
1616
4251
3938
3690
1264
4130
5679
396
600
8793
2234
9496
6748
3793
3900
3366
8058
1269
2733
4458
9137
7101
5325
2436
2923
7778
8762
8316
7460
938
9413
4176
3878
7848
843
4472
4997
8840
3408
253
3771
7468
518
1741
6963
5458
962
713
4058
3808
1461
944
4641
8503
5201
6454
9054
7137
8278
7238
6205
9320
4871
8320
5469
9443
1561
3748
374
847
1755
2915
8510
2119
9021
8251
9790
7828
9619
2474
9840
5624
2719
8223
9210
7830
936
9317
4744
1094
7377
9060
1090
9923
3118
6108
2681
5335
1769
8865
9131
2343
2139
56
6377
7486
3556
4044
3356
1186
7162
8540
2459
4736
9396
8537
8706
2646
8310
7235
1024
8699
9300
892
8400
3638
3202
1071
8719
9507
3786
2641
9257
5225
569
1538
4962
5950
3725
6263
1632
3212
3279
4311
3742
6556
6211
9164
301
6845
7581
8885
4507
533
9928
2488
4002
7776
8237
6358
9058
8082
3528
2527
280
2183
753
8626
6717
6492
9414
6188
3557
2032
406
6839
7631
9917
1969
3686
6868
5900
6548
2414
3333
3239
3620
8808
5928
4288
8927
7052
8282
1135
9559
3994
248
6914
6111
8143
1151
1843
9799
2131
4769
5914
9441
9805
8138
2144
1224
5639
5689
7485
1876
1306
6342
8334
2983
420
5061
8915
1083
9101
1957
3707
5935
2725
7595
4844
2847
209
852
2260
9220
1752
5064
544
8565
874
9015
6755
3810
6032
7388
5248
2769
4928
6969
9476
3165
9335
9373
840
3423
7517
2373
4554
6259
3835
3017
4542
1401
4452
3106
499
1791
2015
4689
9931
4691
323
971
6848
2882
6348
4838
5040
1529
2541
4916
9333
4863
4214
8848
1395
3724
9246
6883
2397
171
3281
7438
5036
5287
820
610
5715
1486
436
9458
5736
8145
1304
3187
8866
8952
3627
6659
6113
8850
326
9985
2410
2374
5280
7068
8126
5271
1085
6160
879
3136
6933
9030
1954
9942
924
7757
7257
9085
652
4743
5844
8402
4219
3970
6103
8343
2877
9502
459
2795
6852
7013
287
7717
3782
7327
4204
6700
5415
7009
7504
11
8624
1896
6807
9329
579
2376
240
2627
8829
6063
6006
5640
5863
8525
2186
8852
1102
1523
4567
6775
83
5980
7120
9284
3974
4158
2048
2682
3669
4291
1165
3545
3418
5168
3387
5084
8864
7809
7012
933
577
5697
1257
1562
2011
3981
4864
7153
3650
7283
9712
1775
557
4162
1456
3018
5783
3196
2068
9919
3568
2043
9515
4634
6680
3410
7384
8544
2625
606
132
3020
6513
8172
8275
4476
5257
3
808
4049
785
48
5350
2314
1847
8899
5482
7160
7339
8456
8437
6254
5892
3522
3643
8531
3307
3226
9525
288
9603
8665
4451
6218
8698
9655
1302
6504
1336
4326
9897
6322
8178
9675
7226
2497
9989
5206
114
5546
759
6278
6121
2253
5794
5192
596
1080
1250
6442
22
247
787
2321
1235
5024
7852
5146
2378
2562
9833
6433
7653
8605
3751
7288
3888
7088
9878
4475
7475
2659
5880
1557
8521
6935
517
5879
1325
3284
9006
4580
4901
9887
6214
2585
279
92
8363
4725
5868
1624
5611
5696
1064
9285
6272
145
4907
5110
9279
4510
9272
5678
5428
4060
6487
4737
4289
8689
7028
6037
9084
6639
504
5088
7239
9075
408
880
5793
223
8003
2504
7947
8750
1041
8457
2871
9684
109
8868
7027
9206
5226
363
2731
8013
1414
3043
1277
7535
2718
4560
1587
9770
2298
23
6493
4885
3477
3943
6691
6932
4109
105
2490
3576
9773
3246
3052
7272
5544
8517
8939
8477
5198
2806
8986
8611
5000
5028
8970
9916
281
2855
7443
2862
7022
201
621
6271
383
2786
5374
1223
5771
9235
3550
4709
1919
7625
2241
913
6719
8150
6952
5502
653
4665
3807
9806
8319
1012
8335
8897
7136
2843
587
9873
3860
7876
981
3126
4353
8967
5092
655
291
8824
1846
451
3224
1317
7315
641
2377
2833
3456
6460
4199
9072
1485
3581
1323
5978
8534
9017
8497
3000
1437
9991
2033
4231
6953
5940
7522
3124
9761
6054
9998
118
4647
2348
7195
3372
1938
2136
954
1095
4210
4655
9047
1598
7316
7216
5536
2392
15
8447
8177
6225
5606
5508
1761
4375
8507
6888
7045
9062
7782
3788
6009
2595
9035
6791
8141
4536
421
3518
8934
4771
6237
9955
5344
9628
3683
7405
8317
9896
7079
5421
3074
1160
9825
6902
1522
9190
8557
425
9601
1477
7786
1973
2967
8321
7891
3229
276
3487
654
4929
4184
6930
4066
9397
3503
3511
3045
693
4993
5003
1382
5396
1702
991
1777
9519
7313
3267
2290
9334
8403
8910
6720
1670
400
8789
765
8754
708
8786
2695
3225
3710
8871
3799
5389
516
6028
1359
5309
4823
918
1698
5964
4759
7495
5001
6388
3676
1420
6631
8519
2455
2549
3042
5318
4406
4284
7084
8323
743
9982
9995
3041
4826
5405
5424
7095
1920
6983
5361
5055
3661
2667
193
6986
9221
6673
8712
6222
5538
7781
6573
2175
4513
265
3428
5251
6816
8387
4228
2878
4153
2828
1342
7217
8350
2551
711
9092
208
4075
1416
8204
2714
9283
7168
7132
1971
7834
5945
6034
1307
8007
1872
4061
4306
7431
6633
1824
3590
9080
5568
3976
4631
5470
9604
8971
2154
1177
5769
9980
3939
9153
9147
5893
2588
9715
7051
2934
2283
2644
4453
2084
9267
2238
480
8322
8723
6465
9464
2464
7210
2994
5338
7015
8149
3614
5023
1000
4638
1687
793
3937
9120
6943
998
8264
5960
9732
8011
8398
5630
2626
6219
9729
3038
3743
2948
9336
1946
4026
4777
8721
4164
2100
6323
9402
3500
1141
2964
2601
95
2809
2385
521
8959
4814
4296
2292
1898
4220
3244
3648
4968
2570
1372
2165
7006
2309
8564
8772
6341
9224
6464
5534
7726
4380
5375
4527
694
349
9408
2451
6042
3875
3670
967
2203
6198
6101
9945
6877
21
8821
7549
5315
6130
3453
959
8373
3926
601
5052
803
9410
5056
2173
3602
6847
9375
9701
1466
6180
8996
6812
8645
8526
6143
5981
5022
9186
188
181
7791
2113
6698
6275
2835
6202
2926
9714
5042
185
434
7060
460
7862
9428
9181
1597
1295
6763
4809
6961
7938
6737
1871
7201
5734
1432
2708
9042
9912
7451
7620
9287
5908
3001
4919
3110
2894
5913
2257
3153
9572
8859
4981
9860
5471
2651
2477
7341
6435
3199
829
7175
5314
8391
5768
581
5079
6794
705
5381
3613
5856
4131
1760
2049
9348
3700
1787
2233
5489
1192
7430
7692
4623
6373
7961
2236
1453
8855
8862
6258
8877
1086
1772
5330
1656
2104
5416
3096
2261
6
6065
5157
9813
5872
8289
2400
4225
6589
3028
6787
8920
9902
7849
2019
8067
1296
9031
4292
1907
1643
9577
7712
2305
6747
939
3735
1067
6835
9970
3637
1802
5323
9812
6876
4095
1542
7539
5532
6360
2177
8326
2210
930
1828
7328
7919
6296
8159
3834
4521
9737
6441
5316
6100
7366
1649
4779
7546
9975
3352
574
8134
644
7411
7512
417
5518
3679
9802
8267
6072
4351
1555
6165
3582
7724
9351
9959
4782
6413
6694
9242
6541
2115
9561
7998
3790
1784
1865
8364
4151
8950
6562
2961
2413
737
2091
6533
6051
151
7302
3099
7629
7536
2702
7149
8979
2767
8874
3432
7591
7624
394
6199
629
4411
5408
8027
5035
5144
6629
4079
9962
5041
1294
8458
4785
8184
6549
9126
4970
1282
4935
3339
3475
1930
9299
5588
8115
1227
1648
5120
2593
2723
3609
8088
5578
4051
1145
4286
7434
8695
1627
3260
144
5283
4190
9178
9944
6106
6678
9516
1256
890
992
9347
9002
7804
4959
53
345
2226
1319
6096
5134
2633
8795
3197
7995
9670
2303
909
4633
6836
9225
3159
3057
1746
4763
9624
1719
6991
7770
728
7178
525
2691
415
2737
4949
6917
6712
9565
5719
8081
5163
1765
3476
824
6885
1622
8428
2813
5795
8820
7373
6522
7250
8351
4480
893
1369
3305
7954
2608
5636
4246
3549
9886
6980
5983
8221
111
9818
9563
8902
8482
9140
3114
9866
5078
1002
9492
3107
4740
7523
5205
3532
2511
9723
9671
6838
3773
4813
4846
2565
949
7695
6688
9609
895
2755
6716
6164
9841
5363
4257
5931
633
9029
5750
3566
6882
9274
9010
698
9158
3343
6512
3513
4003
5723
9505
9343
4412
351
4194
9159
9468
8232
8571
8929
6408
2457
6158
1697
9778
5785
5184
121
4344
7520
6318
8783
4808
5663
9720
4758
343
6685
2124
6649
3826
8594
1033
1949
5556
948
9844
5744
7314
8656
5128
4136
9163
5072
5671
4487
990
845
3360
5172
3628
8248
1198
9354
4450
5407
6884
4213
2246
2674
3251
3090
6936
7530
6810
6899
2097
701
3314
4202
6844
8137
3277
4129
214
4726
9309
8035
1169
8833
1800
9650
8575
6818
1370
3575
1455
6525
1201
8780
3585
7973
9885
2558
6972
9112
622
9484
6241
3164
6714
9495
1413
10000
3830
5571
9378
66
3697
4964
4888
830
9022
3717
6245
3635
5365
6193
8269
4900
7940
3721
93
97
8988
5360
4347
3488
9526
5427
4261
9552
7352
8957
3580
9779
5185
6379
756
650
6163
1758
486
1007
2218
7031
3910
1316
6146
2120
4761
7151
2438
4698
1499
257
4233
670
5603
6669
8572
4193
4010
2481
5183
5359
4582
8006
5252
3611
5420
1975
6866
73
5070
6753
3916
8716
2636
9590
2300
4589
1360
2844
7126
2513
3571
8114
7455
6127
5953
5462
3232
1115
8243
3752
2739
4854
578
2881
5632
2887
5159
1422
9261
6666
6761
9890
9910
6570
8376
9830
2142
7042
6336
2026
5625
9231
1633
6230
9288
4605
3682
4230
9898
8288
492
7319
3223
7048
3318
7379
8409
8181
5762
4016
9748
3439
9193
1916
2713
1611
2460
3034
5664
2683
9390
5500
4951
3240
8725
3440
4603
112
9170
3857
1481
3538
5152
7085
2365
5605
9027
738
6544
977
1566
3501
8858
842
1144
1708
3061
3236
6583
2382
6934
1572
8550
1452
5449
2904
4600
7667
17
987
9230
2676
8483
7074
1993
7065
2874
8603
244
911
2060
9666
6168
6434
8034
8494
6518
5938
3100
9488
9597
1318
592
5535
9630
5827
6147
9508
4551
6378
8969
4270
3208
5062
7005
3975
9567
259
6537
1914
7461
6521
9497
3264
4201
1417
3675
2669
2190
4577
8055
7773
1982
7293
2900
5839
5347
1610
4135
6668
8912
3399
6809
6948
6892
8563
3862
7564
2677
3952
1736
7837
1716
2796
7787
441
8139
2163
1380
5476
4115
8039
3741
29
712
6045
6616
3515
232
628
9382
3776
1614
6393
3854
6667
735
8076
3978
7021
1715
3312
8718
1972
4020
3451
1275
826
6998
2329
5442
2063
9649
8271
3941
7649
8186
4454
1472
1798
5548
8200
3259
4146
4516
8505
6727
9892
2716
8365
2207
5812
9742
6779
4651
9510
5552
7143
6056
3473
4565
4035
9183
5841
2916
3051
5253
8331
8423
6138
2817
679
6030
709
1020
2018
9899
3694
5437
227
5899
5642
1644
7072
5463
6014
7779
9512
1918
2310
2320
2797
9298
5826
2729
3499
1891
1829
4772
3286
2690
9614
6906
7433
978
3922
7545
1883
6267
775
1713
5256
3555
5656
1128
6499
8685
3434
1356
3963
4917
12
7416
3137
4154
8801
8514
6627
6213
5104
9900
1242
5573
7730
1117
8697
6008
7988
1410
8118
3234
1608
9130
6419
5499
8043
3014
3464
7312
7680
161
9814
3583
2088
5929
3189
189
6900
6232
2592
371
1628
1457
9451
8348
4409
7116
2013
2045
5490
6643
4852
8245
1731
6102
5138
6016
9730
8633
4390
4843
9266
1196
501
6074
5353
8047
4974
4775
7541
1312
4557
1176
8304
5216
1314
2960
681
1737
6418
483
3873
9161
4447
3758
1951
9383
9393
4636
8287
8919
6131
6290
4057
6644
1551
2922
8612
9269
8819
527
3176
6500
2172
9463
8788
3362
3949
9024
2027
4234
4663
8078
9369
6167
5756
8100
7418
5853
1520
5969
8185
7025
9418
7409
2684
3892
4692
9331
1415
953
3431
7565
6335
774
9798
659
9756
6777
411
5910
2534
9232
1026
2663
3599
8486
883
8161
4067
4038
7465
5601
4987
7772
8443
7909
182
2193
7503
1046
359
252
7174
9239
6421
7247
74
3523
6320
5010
7305
5386
1072
7871
5972
1261
8673
5711
696
7145
4669
9243
9602
5324
6840
823
4618
6614
8018
2159
8781
2701
8190
8843
1194
607
6304
6634
593
2779
4932
4337
9796
9645
4485
8506
3701
6395
4171
2705
1906
2550
6702
2821
947
3541
582
8906
4445
6298
795
9071
5660
7478
7371
1827
8464
537
505
2150
9836
9822
346
5240
7617
4717
9188
1722
3816
76
3681
9097
2052
7454
8888
4532
1912
3796
1374
6486
2295
1392
9617
5284
8748
1813
9340
3606
6773
5565
567
7874
7166
8105
6281
290
9688
6125
3979
2289
590
6551
2831
597
9710
9551
177
3338
2056
7521
5688
1888
4847
7760
9141
881
5830
757
8792
1659
5854
16
1451
5073
1803
9202
6382
2349
122
3354
3663
8901
3158
1637
5322
372
9114
5186
487
7182
1849
6134
3493
5809
9394
9591
2699
4784
1293
5836
7525
334
758
4617
6195
4086
8655
9142
8075
6227
7334
1706
1345
8973
456
250
833
2591
7800
1267
8768
8785
1652
2990
6985
6676
6295
7979
5822
3053
9936
148
5383
4159
373
2749
9304
5243
2357
8932
4262
7010
2494
4608
6554
3479
8397
8124
5650
4892
2567
393
7677
1809
8029
3357
3422
5802
2929
5373
6285
2367
6824
6365
6097
9810
9423
9633
4093
2489
7198
2859
678
3884
9222
10
7859
194
6735
7237
4062
8353
6325
1153
8520
7553
3092
4157
2346
4381
5395
7459
8273
7597
4258
7870
3217
6819
3498
3998
362
5876
5486
5561
5468
6713
7901
4754
7098
7745
5740
5925
1246
3140
6918
6671
142
796
846
3973
4887
1244
4835
6273
8623
3936
7660
438
5584
3698
3516
9570
2611
2401
3901
4915
9291
9278
5103
5926
8839
1776
9960
7370
6608
818
6854
8989
2254
7578
6186
8794
8822
4427
2395
2250
5063
7034
3219
7016
1978
9127
226
5014
3183
305
5030
9371
1966
8701
8408
206
1785
1929
3010
1733
5181
2194
3490
7047
432
8286
4343
861
9911
9589
3441
2907
802
6110
973
5813
3334
7799
8968
3350
6664
3132
9254
1310
4967
8191
9872
5957
3929
5698
3716
9065
3729
5775
4537
7702
9435
5626
8250
8704
324
1855
9150
8440
3542
917
6126
6132
9527
9332
1368
4442
2740
2369
5845
8332
6637
2493
2364
2645
3015
5208
8459
8916
5984
5288
748
6313
4660
1292
2009
8290
2028
8312
4656
5763
7249
8892
666
6597
6850
5262
1845
4925
6728
4237
416
9013
9429
7863
7003
9578
8426
8597
1458
263
1077
9541
4773
8215
3584
4504
4387
7657
2540
1087
9318
7059
1505
905
3762
8635
5274
813
4466
3316
4391
8987
1343
7420
4118
4939
3116
2031
5602
75
4106
9455
7818
31
511
8715
8068
2602
1114
4208
3565
5081
4315
6517
9253
3448
9037
6340
5875
2946
3840
4590
7858
6221
4107
7714
1344
7732
2586
9472
8890
2157
2617
3056
1340
3285
3610
2891
350
4894
1384
8262
1480
9636
5328
9115
1074
5668
7927
5676
6711
6506
2473
4222
3904
5445
3639
5927
560
6461
6790
8804
4957
428
2661
5242
7971
5060
58
6944
3426
6302
7967
7720
7797
1075
496
4612
7381
6958
2379
8037
5589
7243
3435
5433
4712
1575
8086
1510
5855
558
7323
4850
5680
3484
3574
6025
7880
668
5801
4731
2840
5523
6494
2146
6759
5176
3119
4975
685
3704
2884
4836
6291
104
24
8802
5364
3621
1260
1238
4182
2936
3674
3612
135
315
673
6283
6203
8553
9305
1682
9549
5895
9939
2827
9385
1604
8818
8061
5533
2269
409
4544
333
6684
9359
1148
7719
1010
8309
7814
4998
1552
2834
6094
8576
5545
3851
8684
7076
2664
4181
1970
9821
4985
4982
3527
2255
7554
6617
1172
5618
8429
2372
9174
2479
736
7494
6636
6046
5726
5753
9846
6098
9198
1468
7212
6324
3192
4055
7605
4555
449
2584
4417
389
5955
2307
5690
6804
5053
3948
4338
7700
85
3536
4471
2432
9596
4006
7590
9967
5431
1543
5507
2969
77
7542
4339
304
6178
9682
3029
5621
9762
5713
804
5409
3863
8687
763
9964
4155
3819
1371
1152
6367
3728
8752
6811
3954
1100
2335
4083
4954
5187
4735
2391
3832
5227
294
1944
5485
4792
5592
5522
4880
3659
2141
7497
9028
7921
1187
4122
664
3882
2890
8714
8917
584
2546
3593
413
8737
52
2531
7722
9583
4322
1013
4226
4680
3088
9781
523
4285
7968
6656
857
6925
5213
6582
2765
8908
3209
8617
5948
9162
786
3098
539
9067
8775
9755
364
2500
3420
9316
1664
6308
3820
5090
9752
1550
6240
2642
4103
7097
6473
4352
5627
8586
6244
815
3382
7632
7329
6923
3589
3990
3172
3080
1034
727
8357
4402
7613
7860
2284
1569
7121
9835
3996
9019
2059
1407
2198
8538
1727
404
5245
4789
4941
4290
9999
6172
7511
4238
8878
4247
3687
5894
399
5272
6439
4666
4607
9252
2042
8661
725
7404
3121
9713
7445
3644
6849
8790
6294
7528
5391
5158
5348
6725
4546
9055
8703
8978
6123
2152
3414
1997
9449
8462
242
2559
2839
5025
1623
6584
3727
5878
6394
1060
3828
5093
7207
500
8439
1285
2268
4519
5722
9432
5807
2384
1548
2089
1593
3760
1744
4688
8953
2811
9587
5986
958
7754
8481
1321
4369
3446
6246
4710
9639
5254
4548
7851
2267
3664
2487
5647
8876
3848
7222
9133
7055
7879
3104
9622
7254
5890
444
3562
1968
5708
6224
2508
942
3535
4637
6823
783
5946
4403
5667
9905
7928
6332
7627
6085
6207
9678
1237
3899
697
7231
9045
734
9442
2389
2866
2869
3231
1721
8972
2077
5608
6495
4048
5199
1833
4170
1213
3640
6682
1050
3457
8229
479
8415
1291
2327
9600
8268
6780
2061
8084
4203
1036
2649
4672
278
6765
1665
418
2607
4456
5994
6327
3169
6873
3044
398
1219
2730
8823
2852
8472
8732
8277
5619
2949
5905
4635
6216
1134
9326
2635
5019
4256
4012
243
9431
2118
7017
4598
3255
4902
7689
6707
2029
6187
5200
6284
9350
317
9809
9325
5728
4071
6453
9152
9302
6092
5461
6903
2421
7269
3301
896
3502
7529
7359
4910
8949
4762
3813
3519
447
4042
7181
7548
60
4358
1434
4958
9554
6135
4575
4882
5418
9700
5956
9785
4467
3930
5341
5562
9664
7192
6243
8834
2505
5597
5484
8238
4578
3060
2381
5474
1778
8981
7309
7215
8209
4294
3059
740
3248
1039
8964
6331
6520
2780
716
4898
8664
7906
513
1404
6519
7887
6317
6921
1754
2205
8380
2086
5135
38
9020
1998
7623
8884
8832
7299
6641
4090
3763
4875
2291
8587
8814
3822
6414
6744
2071
9179
6646
2943
8101
955
7453
7672
9608
4423
7873
1089
635
3530
6449
3182
2010
6064
7155
3371
4979
1686
2707
1739
4342
4646
3660
9613
8293
7111
2206
8522
5229
7807
6607
124
255
9149
7826
837
3915
9631
8756
6027
5091
6201
6734
6919
3401
6235
4615
1082
9976
1297
8171
1230
4924
5222
2899
4936
1881
4484
751
2665
6911
7224
9667
7470
5521
8535
2950
2277
7902
7561
4374
4622
1933
2555
6670
1549
30
7932
7311
4428
7729
642
6581
8052
7020
476
9146
3227
1044
5366
3588
9966
2390
4865
8546
2782
2470
903
2818
8430
8815
8738
8893
1328
4379
2920
3275
4117
6864
819
7360
3625
6640
5277
1327
3380
7344
8097
1859
7815
7214
8509
2465
6708
3215
2693
2242
6383
4561
235
4755
770
9132
7864
1185
9935
9524
5170
1771
5790
6653
7318
9540
1826
8956
4
5178
1976
4144
1254
7183
1753
5583
3512
9530
5217
2523
8895
3054
3336
9509
7669
3077
4081
1487
4518
2849
3886
7510
2999
6238
8931
3111
2425
2037
9550
2427
6805
4383
9716
5779
3474
9859
7260
3364
5989
1097
3253
6076
7587
7899
5211
6026
5784
3855
8894
5121
1864
8741
9829
3633
7555
4905
84
1101
6610
137
6095
91
1987
4354
9848
9203
2640
7014
6385
553
8113
6529
3235
7251
9262
5511
9843
9134
2917
704
9795
1759
6196
115
8730
7140
5098
2721
8545
9139
4602
6397
8074
1398
2545
5911
2572
1335
6422
7868
2151
7277
8625
5776
3761
8694
3688
6703
7078
3629
5109
531
7498
4323
4529
1867
9277
5666
7442
3560
5162
1528
8568
3166
8306
9618
9290
5805
4996
5067
7464
9968
2963
5289
723
2486
6321
5285
2784
8208
9922
2807
2478
9479
7324
5558
2000
9194
3920
1591
9817
8164
2734
2624
6569
1774
8976
2815
4448
8593
6282
4501
5967
2647
4175
945
403
721
9731
9957
7456
7427
9863
3081
9197
6922
269
6432
1405
4413
8211
4861
2785
2368
6561
7751
4999
7358
1700
5760
1958
7550
8015
2482
3335
2773
5999
8370
7123
7602
1525
8441
7910
7533
4366
4242
6436
3359
5724
8449
3332
4464
6067
9722
7053
8389
6860
3131
7467
8606
854
2359
7164
3951
2360
7081
310
3433
1842
8272
6471
8670
3173
7802
715
484
9727
4505
9076
9048
67
9743
5370
7491
337
6474
7335
4977
2116
5300
9827
9709
5059
540
5979
814
7767
3925
2285
297
6509
7200
8031
3160
9425
8154
9521
4019
8205
5579
2446
6386
6650
4137
4316
5336
6705
9070
8669
9672
2774
3931
8666
1650
8241
1081
5874
9658
8621
586
7728
3006
1757
1530
2525
3940
9543
1182
2893
603
6415
2672
6745
4161
858
8382
1287
1104
2331
5531
9471
1502
2209
9963
1559
9434
564
4642
9166
5446
8257
5599
1168
7888
1605
6416
3961
1464
6247
7161
7825
4125
997
9312
4834
9990
9656
4873
5833
6061
7865
7748
443
4790
2475
3654
6022
2778
6437
3200
485
7789
6872
6305
6511
2812
4385
8744
329
3711
4432
4407
7898
1696
4747
2512
6169
4703
4362
2885
8094
542
9415
264
5068
5897
2160
983
1311
1895
5501
6729
8384
2678
1596
3923
3928
1441
5006
8091
1858
6776
4108
6796
888
5877
6257
4783
2535
3233
1339
7187
5540
5002
2530
9531
6055
8630
7298
1129
62
3772
4751
1460
5267
9946
9765
3466
2628
7349
1654
994
100
9226
6752
8028
7618
5684
2078
8045
1300
9708
5918
8918
3392
9011
4068
3113
43
4495
8195
6479
9929
5114
3657
1786
237
3977
9184
3534
1218
4566
319
6742
7449
963
2239
7969
3438
1621
5902
5141
5450
2696
4017
8995
4283
6242
6274
784
2648
4470
4530
2228
2631
6112
5209
5860
5997
7604
2985
5195
6440
7023
8816
9834
3561
4080
3470
7391
1709
6229
2450
1726
4535
640
4089
618
5512
7752
7975
9487
9192
1655
9493
8325
9103
7403
5497
3064
6715
3148
1764
7488
3525
2762
552
6212
6675
2293
1926
6771
3655
9480
8235
6858
2634
4930
8010
5821
9310
230
5770
3112
1576
1899
5706
7386
9384
960
6362
2308
839
5355
3120
9491
3097
4252
1921
6458
375
9947
5705
9789
7056
9255
2362
4141
5124
3143
7686
2935
4439
7703
7144
7619
9739
65
8089
1782
1497
4143
9528
6782
3311
6875
974
2340
8769
8279
7191
8705
4797
1789
8502
674
726
94
4388
6018
3344
545
6532
6632
9118
6853
1588
5741
7986
8628
9560
9661
6527
3425
4757
5665
5311
4227
9090
7580
6515
2164
8152
9965
3618
3150
1792
6475
6793
6150
6366
4018
5888
4195
8347
5674
4304
5683
3934
6827
8166
4681
9247
2919
8479
844
5612
8180
5761
8108
3864
2568
9389
4908
45
6927
3804
2986
9078
2021
1704
6099
1674
2202
7904
4601
6542
1532
8448
7753
4087
1320
8452
282
1615
9750
9122
140
5604
2621
520
8276
724
1584
3443
9275
996
2656
2803
6593
7930
8023
7073
4114
3427
7481
4926
2804
2418
9411
2096
1932
5798
4971
5250
2610
4866
3520
8541
1955
7202
5193
3924
5976
7029
2763
5840
2423
2848
9444
3935
4094
4011
3641
3190
7997
9386
4313
8246
9319
3095
8947
5944
5939
4824
1324
1364
3363
7923
3592
7163
7516
36
2443
526
7774
4499
506
9213
5815
7883
5557
9801
3072
4711
9791
3898
2732
695
4593
8059
5075
706
7230
9674
2879
9689
6091
8314
9014
8311
1536
4760
7466
1766
8063
5735
3737
2748
388
9736
4216
7841
4317
8681
4664
6956
5171
1029
5094
3268
4177
8133
5379
6920
583
7474
2440
9653
3210
7484
469
1281
9711
8160
8854
555
4515
6374
5207
5378
9961
303
2008
1504
9083
470
5965
6975
5513
9104
5973
2573
4382
3086
6423
2103
9293
2296
9581
8299
7490
548
2212
3046
7606
8825
6642
6066
5049
3867
3463
7515
7124
6208
2174
2554
3117
6010
8676
2449
6949
5651
6472
4254
4807
2820
9079
1747
6567
1352
9641
63
1207
5310
1980
3871
1350
1236
7727
2993
1005
9734
5282
7736
1851
8410
1694
3296
320
6916
4913
5541
5429
2034
1425
7671
7908
3856
638
7244
7877
266
2637
6344
295
1636
3750
2735
8051
4349
9251
3214
1563
4364
6068
6400
6577
2334
7964
7368
3905
8688
3221
5528
8747
8835
7976
2581
1030
6857
718
4187
7735
8450
9453
2138
9753
6059
6215
9100
3472
8020
6989
8148
662
1856
3779
3955
660
6468
3508
7742
2556
4701
7075
8470
8861
6896
5493
6799
6732
7505
508
113
3495
4179
6622
7615
128
6396
777
530
2810
8856
7115
3454
1131
3346
7959
4780
1063
8882
9933
6829
5633
1489
8162
1498
3313
585
9513
4704
7829
6352
134
2650
1748
7119
5236
7357
3008
1156
8182
7881
307
3883
7939
8179
2375
1556
7061
9498
9168
3294
7396
1166
1444
7112
529
8460
7406
6177
8558
8500
5376
4244
634
9582
4013
5494
7780
289
3345
853
3027
9008
4250
1181
1346
6047
172
773
3526
6774
9406
2548
222
6861
2958
5435
2111
4509
2520
300
7035
4272
2380
7142
5326
9861
4696
6031
7424
2972
3747
8907
8294
7185
9040
4280
7375
2892
2528
822
8349
1476
5922
1347
8165
4652
4699
5401
4606
7262
3720
4096
4805
6456
6171
7540
6800
4047
4405
3709
8313
2105
490
8371
8140
4355
9353
200
8328
6830
239
8911
2087
9547
619
4678
2117
9717
152
1943
8192
1479
2564
4396
7951
5514
1877
6483
6270
2798
9626
3030
1109
6036
4978
7637
1197
414
4787
3216
1258
5011
1589
2066
9365
3290
2191
2127
4365
3198
9088
9439
2940
32
1653
9958
6231
1519
851
658
1133
4341
431
271
5231
1445
7820
9388
34
6077
1892
8463
5491
3381
14
5173
6306
970
8069
2956
5644
792
7337
9612
1132
9514
3075
2991
4132
3642
2294
7177
1174
5915
1379
2339
7036
9308
1860
2408
4180
4033
410
8087
1079
6585
154
3108
3068
3800
4082
5197
2251
3273
7172
8480
4659
9605
5148
7544
7810
4531
9155
6425
380
8935
1158
8356
3806
7287
2317
2975
9216
7070
2213
2053
1931
2352
9986
1568
6498
4611
1831
8233
4232
8530
9366
5349
3558
7062
6813
4045
9025
4794
1154
2035
9447
3070
1796
249
9068
8147
7265
8765
1006
7875
1861
9001
9895
1495
6314
3634
7668
5655
6277
7093
9629
3178
8990
1534
1091
8244
4868
2970
8592
9117
1038
1531
6536
1712
9436
4433
7912
5246
8090
2302
739
5443
6837
835
6898
4298
6124
7105
5426
7935
4884
2966
7783
1438
6895
2492
2741
5859
8946
1514
4088
6141
4481
5372
5050
1823
129
3734
5190
536
7415
6764
6821
5304
8998
3579
3469
2155
3306
9110
9751
1634
7393
4167
8870
5704
630
7740
9034
2468
1857
8643
4424
4104
6692
9740
8578
4482
8367
6545
6073
4005
1641
3770
6731
2906
9307
3317
1953
2306
1305
7038
7194
6249
7903
6915
312
1762
8128
2231
6801
4526
5496
6192
9148
7134
7981
613
8000
9171
7479
5702
86
4765
7158
7622
7768
7856
5567
6987
5266
9214
623
6154
7651
4367
6062
2698
6598
3337
4418
6739
1956
7044
6926
2004
9669
4662
1467
136
442
4443
7926
5332
5659
870
5212
6387
1688
2227
6000
8228
2126
9064
9404
9940
766
1890
4279
3889
5787
1989
2501
2466
9207
1221
5387
7321
5260
4160
162
7765
4729
6459
321
4084
6166
2845
1541
8283
1677
9073
7675
1028
8258
3510
6105
33
9475
5731
3089
3833
6024
2462
4312
891
7295
3023
2433
8577
9119
1936
1056
3181
1439
5107
435
5904
57
170
5238
2354
8388
9295
3972
4430
220
4197
7100
5959
8713
7347
1600
2971
3604
3292
4525
2017
4350
4877
5188
3368
6089
5255
9016
6239
5414
6019
8640
5871
2609
1773
498
7353
9465
8940
5065
3564
4893
3162
1793
1937
9503
5459
8461
4036
6870
9662
9357
5971
7030
4305
3712
6280
8435
2426
1394
7600
6210
9379
6596
5149
4984
9611
3617
3127
2249
1799
454
8543
8394
296
6618
5066
941
2760
5885
5270
4121
2514
3631
6179
1179
4644
5169
9894
213
8726
7285
2093
1098
7569
4308
4400
176
9744
6069
2599
6445
5580
3755
2787
3837
5380
5803
3193
8776
6145
1199
8764
3740
2430
7900
2536
3458
9007
9849
8663
4579
5321
5044
5796
8709
2129
7297
3722
594
9490
8240
7962
9036
6477
5974
5577
219
609
2153
3146
4053
4263
7987
1271
4819
8144
6007
4397
6052
3035
2422
4009
4123
7562
4278
6689
4493
6615
8518
9588
7850
6565
4658
8579
5196
332
298
5758
5161
2405
8766
9380
9417
2140
515
9400
2522
4188
9486
8846
4293
5851
4829
8693
3369
3063
1666
2538
9009
1730
7109
6820
4449
8491
6334
2480
5662
7958
4377
1348
805
8807
8467
9569
6482
7593
7330
7884
9518
8112
4538
4500
6083
4732
9462
9648
2503
8961
8817
5745
2145
6937
1228
9884
534
6604
4833
2148
9826
5403
8175
5537
5101
5975
4653
3792
6496
6757
7413
1161
1841
7369
2495
9697
2092
2857
81
4134
6954
7738
9420
6478
251
7532
3237
1850
7867
8761
2204
8770
5949
3263
1270
3085
5362
3845
8672
1099
1547
8096
7572
9794
5129
1203
7645
4674
4946
8853
7171
8984
8341
2044
8847
3987
1812
3607
4722
6531
7963
1673
5122
5113
5898
2736
6182
5755
6558
4415
8707
5054
1595
9066
591
9576
2112
5191
2134
8065
8739
7037
8584
919
9625
2709
1266
9401
3600
1245
4508
5477
1626
3991
5516
9535
3243
7929
4883
2745
8798
5952
2694
9268
6041
7663
1189
311
9169
6175
6339
7694
5936
4859
3754
907
3666
7220
1440
836
2110
3129
9211
5436
8787
3156
3133
8176
7965
707
4523
9687
4070
9811
3322
4166
3601
2328
2259
1516
7419
9156
7208
848
7558
461
1062
4211
3282
5692
2579
3361
2188
7209
7071
689
1366
937
4950
4788
2125
8620
2685
834
6718
1209
8914
2921
2247
5828
3777
9459
5777
6638
5018
1465
8527
4976
3291
1403
5140
2070
2688
1607
3656
4573
9446
8254
1863
6984
507
8170
7089
1180
2030
2638
8841
4034
656
2589
9616
5413
2275
8742
4862
5444
207
9245
4266
2195
5542
9937
9172
4473
906
7087
5337
2825
228
6699
8280
3689
7811
873
5884
3011
1171
4335
7693
1299
6552
9227
2122
8567
6951
9542
8629
5343
1738
4218
1927
6965
1974
5045
3795
5220
8083
7560
5119
6088
8951
4064
6043
9994
5703
2872
2090
4609
149
3394
9273
1274
108
3348
8222
6204
5004
1848
7448
7276
7082
2838
4629
2639
9797
620
8359
6995
1357
9652
1353
4713
9043
5891
9749
368
7839
4584
7847
4490
9248
9061
3122
6908
1742
6789
2658
3787
5174
6887
9951
7999
8562
2166
221
5560
2002
5727
4643
4460
3154
7682
2529
3744
2123
3956
6011
54
8442
4332
4693
8485
9392
7096
377
4801
1402
7439
174
6946
5800
3384
9196
8636
1212
4236
8206
7423
4576
2273
6534
6191
7128
5648
2461
4224
1475
3411
6256
8183
4705
3514
4815
6559
9764
1701
6967
3896
1961
9977
1252
8552
306
7596
4172
4739
381
3960
876
8999
430
661
5478
9934
1783
26
1113
59
1546
3293
9879
8904
6620
4046
6467
4810
5677
3671
3917
7294
2074
6990
8641
8652
8168
9138
4588
6503
1332
4431
6890
7428
286
2403
8418
6080
3492
904
703
196
8116
4840
8385
119
478
3076
6605
6874
1695
2744
8710
7993
4702
6514
7794
5615
900
3713
9906
8476
1770
4856
2790
3228
2393
5932
6220
6994
3578
6947
8404
8800
5586
4956
6455
3024
1408
2270
2225
4543
7236
5765
2614
859
4149
9077
191
2927
7307
4953
262
2412
1184
7652
7110
9099
8021
1639
8057
9450
2162
8900
1424
7351
2057
123
9032
7437
9924
9517
2351
9233
5027
3019
2214
6591
733
7122
9595
7665
9004
1640
5258
7083
6814
7527
1222
4817
2895
9322
7679
5417
9918
850
3328
4889
3757
4371
3554
165
6603
6485
9868
1396
9574
5628
5519
3134
5210
4198
8649
8501
9407
7263
1178
2313
7410
6815
3201
722
5814
2606
5930
5291
3986
9686
8
1068
6904
6184
4301
3168
5223
3705
3039
6941
3203
2240
5368
8943
5108
7953
1743
8573
2353
2747
6825
984
8805
1900
5095
348
7857
7219
5937
37
9199
9733
7229
6977
9368
2516
2615
1150
3894
8860
624
8131
9568
790
6039
8346
7493
702
5570
8071
7199
6353
5739
2886
6867
7336
2932
6690
339
8396
5219
6907
6266
6310
6115
8421
225
8169
5700
6501
4275
8339
7658
1662
2577
9000
8731
4721
6355
3778
7300
2180
1119
473
714
6528
6447
882
572
7747
7890
8213
3890
5799
6236
360
1204
563
7918
8948
1243
6078
5320
8691
8928
4961
7937
1711
2574
7869
1047
5495
8498
1088
2454
4368
1393
3885
8529
9699
657
313
1629
7537
4860
4716
8936
8638
8315
1146
4483
2832
4890
8639
8965
8515
6722
1941
7838
4174
3005
5333
1779
2850
3370
2619
8048
7401
1740
7978
1279
1925
8838
4209
5764
3714
9341
7157
1780
6979
7798
6843
8217
3319
7933
1493
8224
2557
3031
4621
8158
1375
7064
8473
934
1436
3242
7117
4370
5746
2171
4440
1535
1818
1268
7691
7866
3605
468
2768
1825
1795
1832
4310
8360
1807
1710
277
6181
3843
6251
5
284
2791
1111
6398
3207
9681
7741
6029
1361
9405
7612
392
2613
7513
6862
8422
5051
6526
4673
9721
2952
4269
7924
3442
6586
5629
7788
3265
1220
5581
2333
7715
9621
4539
4983
4207
4264
3646
9180
5610
6228
1001
800
1333
9489
6107
6430
8809
423
767
6798
2402
6871
8539
1602
1526
7955
3933
146
3766
779
7861
7823
3444
457
4303
8674
3379
69
2600
1578
9643
440
7744
7429
801
2332
1051
8975
2925
8253
6371
7827
7440
8985
3909
3623
9783
9424
6351
7099
4037
4517
6162
9108
9660
4870
3668
4173
6200
4512
7616
6679
4461
2942
2826
3615
9328
8675
8777
8610
6260
1723
1273
9454
4738
522
8616
6389
9483
2998
1449
3831
9632
7011
7711
7104
7656
4682
4101
3789
9654
5440
8767
8851
2047
3797
3186
8831
4720
7983
6563
8849
8218
8632
8263
9294
7447
9909
7801
4727
7710
3825
2301
4585
6846
3287
7795
5099
1924
964
5241
5422
8383
7032
7628
2262
2997
1433
3849
6287
7133
5358
571
8121
1276
6399
8401
3543
4547
8066
9123
1125
3272
5131
2216
9175
2456
2182
7509
750
9330
1123
1873
3128
8305
6364
6152
7450
2756
8671
8095
7833
6137
6375
49
7758
5555
935
4774
3078
8434
2799
9154
2168
3155
8749
1999
3139
2563
5780
8189
5303
1035
8516
7813
1585
5234
8490
4988
1042
5909
2801
4271
6312
3327
3496
2311
2814
503
6623
8873
1341
6023
8720
5292
8079
7567
2671
3297
4334
3653
8446
9926
2692
9769
866
4299
9907
6368
2883
9461
761
8425
9361
2484
328
8589
8619
683
1170
6795
7473
5509
385
5896
7755
2616
3626
3647
6769
5968
1191
1992
3811
3087
3050
2344
2001
246
3262
3802
3630
966
3814
5275
2363
5921
7664
3577
7621
5077
6613
8256
7240
5551
4786
1349
2982
2083
6438
6701
3330
9692
1253
4100
4857
7635
9988
3413
5757
3958
9575
2025
3887
1164
7094
7746
1886
6248
868
192
4524
3283
3551
3815
285
925
920
9767
3325
3662
7990
2114
9452
7846
6197
9229
3603
8345
7759
3702
5279
4867
427
7338
1391
5657
4849
387
3340
4243
8944
1962
4091
1599
8803
3004
4897
7608
3205
9908
1247
9782
2041
7258
8889
9555
3191
9244
9360
2135
4186
860
9758
5345
6286
336
3595
3331
4639
1620
5317
8524
7803
3983
7696
9874
7508
341
5943
4803
4596
1658
6315
8060
2873
147
817
7598
7721
5699
2980
3768
1691
5658
1923
4886
3858
2337
7644
732
4568
1817
5725
5966
3389
8123
1121
1790
2566
6462
1801
2583
7343
8395
9426
491
61
8898
9095
6185
4825
275
356
5136
6070
6140
8924
3988
8778
616
3417
5100
5600
236
5992
3071
3073
3685
9594
1286
2237
1069
6350
9870
6661
4933
684
901
2846
9102
4468
4741
5569
3753
6749
916
4435
5829
5923
3809
4624
5616
6988
2918
4798
4319
6410
9532
2069
8451
1124
99
6264
1031
6359
1288
5838
3667
2420
719
9707
4394
4189
8151
474
1190
4832
6564
8198
5118
5465
8156
8891
3548
4092
1631
4494
2184
5934
9129
5808
6311
5670
3419
5034
9845
7584
7176
2951
4314
7131
1298
3703
4178
5850
6301
5069
4248
9094
4282
5789
9978
1797
6539
1511
9437
8696
884
3391
4361
6760
3206
1066
2629
7709
8073
2137
314
9053
1021
5177
4545
3249
7246
5691
3907
5564
8120
2387
3204
1679
5265
5675
391
7408
9208
7326
1815
3393
4249
832
7412
559
8646
238
4922
669
7633
4989
1834
648
4909
4215
4591
7435
2870
1512
4119
551
2518
1055
5729
7261
5439
5720
4333
5150
3537
8005
8658
5448
3726
1959
9599
8536
4240
6652
7148
2128
2978
8484
5907
2976
7387
6279
5235
9145
7290
2075
5115
7666
78
5498
4613
8763
1326
8036
2957
3304
5550
9816
1965
1501
6756
3449
923
6630
9696
1685
7934
2853
9725
8099
5954
2905
4393
612
6976
3298
8615
5126
7000
8125
8050
9815
9788
5510
448
7704
5661
2770
6412
6553
2491
4506
7576
6451
231
4297
8046
5520
7739
8618
5947
5598
3241
5641
3308
1147
7414
3157
6686
3969
982
4116
4434
9747
268
672
6855
7790
7723
5305
1048
3452
25
4969
9124
28
9419
1942
2022
9920
5369
9853
6174
489
9338
4733
2775
9971
2003
4015
4719
7853
3374
2499
9927
6303
926
9838
6560
7457
7400
6621
8219
5221
2072
5457
7683
2248
2561
2710
1592
677
5582
8381
5447
4138
2224
5529
6223
6450
7650
4446
2542
6516
44
3879
1248
8466
4745
2865
5886
2959
9882
4127
8842
2149
1283
2211
7077
7252
985
8644
2304
7583
4564
6346
4273
5296
3652
9395
4126
7129
9979
6104
453
9177
2444
4690
1603
7458
9953
589
8614
5406
7568
5487
80
5165
1399
4831
1819
1409
3115
2519
8214
760
8994
7374
8338
3636
7301
8307
458
6086
2415
6082
1255
8504
8130
4562
1977
8379
131
4486
197
2014
3999
2366
4032
3170
502
2552
6084
6136
40
7896
7911
8686
5249
8759
8292
9610
1874
7008
1381
8092
6594
3481
7585
8511
5286
3460
4595
2338
4021
9327
4336
8922
7019
7203
7524
7382
9363
8008
6443
439
7043
9690
7764
8903
6693
401
8813
2981
1882
6490
6576
331
1984
9
4276
3109
8174
4105
8791
2829
9948
9759
5738
6826
776
2476
4265
4076
6901
1683
6555
6021
8601
8585
3465
2406
7941
4676
3738
5881
7599
4077
1127
1580
6507
9837
7091
912
347
2700
4937
9771
2356
7821
9448
5130
1913
3323
2766
2657
9520
6176
2051
3409
9824
5392
798
3696
6546
4837
4626
2706
3288
7492
1732
5707
7363
8146
8826
5732
5398
1570
7058
6114
831
234
1915
7507
9323
5614
5071
35
2802
1986
7805
2347
9548
6572
4120
1334
4920
4416
2147
4503
1435
2095
463
5043
6053
8569
1693
6001
6665
1922
1322
1025
5788
2653
4896
4869
5269
8475
3692
4906
6574
5924
4253
608
6075
6612
9657
5524
7422
6611
3953
7197
9646
6033
731
6319
1241
2854
2371
8962
4356
1043
9160
8827
1118
2121
4553
8774
7638
82
450
8677
5334
9391
7577
2350
7150
4848
3471
7398
4239
9113
9803
649
7173
1660
3818
3062
717
3997
3256
8032
6912
7063
2987
2498
9051
7661
1838
3880
4841
3341
9144
494
9566
1136
2158
3376
3424
6624
6543
5695
7463
2526
18
1073
1840
4820
3829
2176
6038
9972
6292
7421
7610
5849
3151
4648
2064
3065
3378
2727
1574
9871
730
3891
3919
6530
1866
2953
6122
6404
6655
1768
562
3135
2867
7033
7775
8453
3485
2081
7332
1583
2623
9606
6654
3780
6865
7885
5743
378
5377
9973
8963
9828
2989
3450
2469
2439
5327
2434
4730
969
6628
8302
2901
6502
4099
2789
2977
168
4183
6250
6276
8072
5105
4667
8163
272
7184
6297
980
9903
4952
8711
7271
3749
1868
9205
1308
1017
1045
5464
9374
6489
3587
8197
3397
7725
8281
2746
1040
4572
3367
1471
1383
7943
9996
3230
550
6424
2288
7228
9240
9728
1751
5357
3570
5673
8733
7640
6406
4947
8129
1564
2322
7472
2167
2431
8155
9644
5530
4992
4821
4511
855
19
3553
519
7659
5797
3733
2543
4574
5037
6347
5920
3616
4148
5293
6974
2361
7916
6161
4001
1518
9893
3161
6326
3404
7159
1016
8465
1676
4142
9109
42
627
1663
9258
8631
6376
3040
6806
6681
482
9694
3573
1594
2411
3950
940
4583
6234
3903
5454
9745
2712
647
8574
5901
5038
2547
7824
9286
3386
5132
4200
9381
6724
1635
9891
2424
8230
1586
175
5117
8758
2996
8444
682
3021
3836
8432
2758
386
2823
6723
8556
4767
2703
3869
6405
8844
8583
173
6928
3245
3125
2851
7812
1004
1037
7356
3483
2598
6309
643
8362
9416
8285
8041
1330
7103
5843
9344
877
9950
1988
2143
2383
614
3351
6233
3598
7186
5517
5147
8355
1703
1903
7067
365
3745
5451
8220
4426
8022
7792
4300
1756
1940
5566
1354
4620
3280
5164
7452
4165
2510
120
5549
4938
5481
3094
6253
8958
1107
8102
9346
6087
8212
4845
1208
4876
821
8682
4649
5394
7114
8896
6566
5847
2170
6970
6390
9128
8647
7514
5397
5857
7974
5526
9539
1880
7892
8493
5384
927
5653
4497
4074
1763
5823
90
8667
9901
2299
1893
4324
5515
8607
4325
157
6420
7024
7559
7266
1163
5791
1106
8810
6894
6363
7090
4489
3989
4940
9049
497
2783
8784
2178
5080
7662
841
2597
3504
665
2245
8226
1875
8745
1540
5810
2726
4923
3025
8627
8582
9738
5268
7945
5032
8700
6660
9851
1897
1734
667
164
9481
9342
7556
3982
3594
1157
7167
799
7771
424
7040
9345
6663
1482
3012
2984
1669
5951
4110
256
3774
9623
7925
4802
1707
1884
7957
1839
1729
5595
2007
7245
3398
8532
9564
3746
4372
1092
7165
1507
3932
7018
6647
6588
4444
5232
2012
6738
1376
6118
7317
2652
216
9089
7893
9538
1619
6721
9640
8260
1103
9271
3084
6910
8728
5572
4085
9651
4614
9580
5594
7626
3559
5714
8173
1717
2742
4056
6599
6889
8062
965
908
4163
788
3467
617
3358
7972
9195
9121
7135
5506
4855
9983
8599
951
5456
6004
342
210
7270
446
9069
1901
2594
6971
327
4340
4683
1225
5970
9956
8980
7966
2675
9421
1964
2256
5693
8361
2902
3480
1684
2655
5837
1351
9237
575
3985
5643
143
2979
5155
150
5033
1280
64
2738
4686
9430
528
9774
9665
1429
9854
5340
8547
3383
5774
7634
9105
8407
9679
8127
3218
3678
5806
1661
3927
6109
7273
2805
791
9704
2788
2471
4392
9852
6049
218
7248
4671
4152
7607
2185
4401
4994
4191
361
5455
9932
8743
335
1870
6505
782
9685
8070
8602
946
4441
3791
203
2515
3870
2938
2743
2276
6540
1411
3355
3942
1096
6155
7611
1365
5346
2323
3276
4914
7402
3967
9634
6797
4462
1657
8977
512
6002
7476
690
6982
9808
4718
9026
3546
4619
7647
9355
8945
1699
9777
2777
5576
769
7777
3591
7390
7648
5941
5423
4437
6262
2076
8377
2909
6746
8188
8613
4147
3781
8368
2416
1301
1692
7614
8405
5754
4903
390
2861
7289
3693
9086
4645
2315
4594
2099
224
1820
4469
3658
1362
4677
202
8727
6822
2937
7345
1492
2279
7156
8926
7394
952
9938
7992
5295
4124
2933
3821
1239
8590
5400
4346
8735
5848
68
2453
988
7706
1022
8523
8236
3353
3079
3494
3872
4404
6372
1494
2604
5831
7948
344
5819
3091
3839
6609
4422
5057
2875
7286
9356
8872
6428
3547
9364
1206
8551
407
7392
7589
1215
2192
4650
6802
1084
632
4128
7281
8301
9780
9209
4881
9260
8117
1211
7227
5903
1400
9952
3406
190
741
675
8746
9438
6345
7221
1406
2575
6524
7784
9485
1967
5179
6488
8867
1745
8119
676
4043
1934
8291
7991
9680
4697
6392
9200
3385
2419
3723
6704
9839
3846
1808
4625
2054
9875
9091
5596
3179
5276
7575
1837
6973
7152
7996
2668
358
6409
7127
130
514
7267
2483
9642
976
178
2080
4050
794
4345
2662
8225
9039
5832
2761
1718
429
5504
4991
5247
7914
7956
6133
4281
2992
3921
9238
3567
3403
6013
3732
8941
8879
4781
752
7989
8933
771
781
5825
7346
3767
6159
2630
864
5792
9703
1216
5111
9760
3911
6580
6081
1645
915
692
9544
6357
4818
1553
4059
9367
4429
1338
1554
9466
2910
9182
9776
8427
1262
9876
5749
7982
9482
9533
9522
8274
3067
7563
6772
5399
338
5425
4899
9259
3462
2386
7462
5046
2082
5559
6762
1167
6697
1794
5591
2759
2587
9921
1952
6959
5308
1720
4695
6842
1821
7232
6343
2569
402
7130
9111
8863
9387
7842
2792
1015
1259
7255
2757
6337
7320
5412
2931
5961
455
9057
8782
6955
588
899
355
8581
5990
4063
8455
554
4587
6307
956
9096
462
1058
2954
5294
1830
3947
7348
8812
1503
6139
452
4359
5483
9556
5682
6183
7531
3827
7835
1852
1862
3895
7609
1188
3185
7331
7361
4891
809
1233
2914
8231
7761
3812
5312
8227
2342
6289
8300
8249
9314
3861
20
8549
8054
2521
3877
2398
7952
39
7844
5085
6750
4592
8513
898
9044
1724
8436
3342
532
2221
6466
4921
1533
5962
6333
5390
2199
8378
3680
8637
5411
5563
8690
7701
7534
1646
2928
6966
4734
5835
4318
1303
3103
1544
1217
4477
1126
4029
541
1904
2085
2924
229
2888
3730
3764
4229
5866
3373
2447
4558
1960
1577
3847
2219
5492
4628
5329
5083
8771
4878
9303
2038
3033
5029
4398
7284
5430
570
7362
6189
7526
2837
2330
8938
1524
133
5137
5710
797
7306
6481
9598
4842
195
3016
509
8431
3505
6770
1140
699
7342
1681
6446
8199
8678
7676
878
9228
9726
7641
4927
5748
6217
6645
184
7716
292
7275
9041
199
1618
8779
8982
3445
1008
4830
2429
4267
8648
8796
5167
7636
4498
2816
3913
3784
5685
9263
2880
5166
1991
875
4753
6149
9804
6142
9370
7594
4223
7372
8142
2316
1418
2062
9012
5942
6683
9557
50
3105
6592
1450
1625
1130
6856
1054
4707
3893
9889
5020
270
5367
6116
166
8030
7242
3992
9270
9984
7417
4024
1159
466
2988
5263
928
5587
7004
9056
4943
98
5759
488
3645
2106
5142
8469
8375
1459
5993
6939
8416
6079
3544
2632
6881
8869
4966
3706
4008
4399
9052
6706
4872
4581
1994
7894
9289
3247
4205
2680
3684
6044
7763
9705
7681
602
1638
2215
7350
7831
897
720
5987
2939
7213
6060
5553
9469
3507
117
5858
1879
1289
5730
8386
1195
6886
9831
5230
382
9529
79
5623
9913
8806
3320
7050
6411
9620
6788
273
8216
5635
8252
4723
2654
3395
267
2841
2856
3123
993
3980
5106
1309
2930
1251
465
1613
1506
8358
9167
1284
3415
7107
8270
8736
6662
6897
9403
6381
5302
8390
3881
8909
7756
8828
1112
9136
9735
1387
6625
5382
7280
8489
7586
7489
4479
2355
3719
7698
3436
3049
4742
6726
5202
4748
5638
3695
6255
9033
9954
2539
1902
5488
9477
6269
4796
7855
7920
6048
5402
5112
3271
1508
55
1491
4756
7274
812
3102
5716
9460
1210
1836
4963
6879
2612
7970
6758
8354
1869
5637
2643
205
241
6356
5525
4973
8445
1116
8717
8265
3968
7822
1545
7446
5527
3906
7233
1173
7684
2244
2179
9301
5539
4169
4570
986
2868
9165
8799
7264
8880
9858
8913
3876
4778
2864
4724
7643
1423
426
889
1935
747
6841
1003
7501
3309
1560
4328
3299
1367
8077
156
2358
1887
599
2717
6913
5194
9573
7426
2232
5102
8554
7395
4931
9553
4295
2065
7196
510
3801
4245
1263
1278
6851
6808
6859
9607
6710
4858
2130
4496
2073
2860
1996
5388
254
5772
7538
5298
5742
3841
3759
5180
5686
828
2196
7041
1814
9534
3149
9362
7180
9236
6784
7496
2197
902
4260
1
580
5473
1193
9433
1509
7378
7950
6964
8760
789
3803
806
1290
6538
4039
5123
5160
1521
8111
7080
7571
7766
3152
8680
6427
8960
556
6651
2243
3739
3459
4918
