556
403
588
342
236
631
568
940
230
827
853
696
732
284
474
857
402
460
542
707
992
948
526
232
440
506
778
524
109
653
186
879
972
379
869
896
603
72
984
147
671
250
278
601
454
221
234
541
884
255
163
84
497
427
845
574
906
901
647
796
213
602
222
934
644
729
944
283
396
473
878
915
730
919
421
968
543
118
759
51
974
838
189
226
557
340
42
377
958
516
518
949
449
570
3
912
279
685
646
86
572
642
547
88
233
819
717
577
172
813
30
512
289
885
6
339
724
368
740
952
82
563
338
930
816
907
485
135
498
652
290
375
261
457
924
725
871
143
833
161
910
742
354
401
531
198
158
357
323
507
501
466
678
697
567
699
630
817
651
309
113
812
142
471
904
580
160
875
65
772
872
252
569
562
219
57
495
692
555
173
734
146
467
761
414
951
959
862
326
595
91
663
505
431
941
985
806
888
691
96
124
20
980
397
459
918
456
939
763
15
750
937
443
917
802
582
75
193
626
1
629
125
104
27
95
363
566
287
270
114
970
238
738
810
207
85
519
119
324
773
529
610
606
509
811
285
686
525
723
318
185
70
993
926
607
775
56
412
705
470
660
365
583
774
745
182
925
461
248
709
747
370
908
597
74
540
624
298
105
49
656
704
31
668
765
534
73
391
598
300
865
4
444
204
52
552
890
795
361
374
116
942
515
349
956
381
791
430
850
625
928
962
447
718
579
54
654
55
662
223
115
708
418
545
994
33
451
551
622
913
311
436
372
963
500
815
932
503
45
393
79
17
903
561
253
508
619
935
107
527
550
175
231
990
502
636
733
851
240
117
578
78
627
482
687
171
155
306
748
239
978
855
243
539
224
768
599
632
44
331
617
669
828
533
608
244
789
335
87
11
235
621
666
152
351
493
931
355
576
808
670
847
286
877
790
762
504
771
706
988
600
296
841
648
177
441
870
434
241
312
140
681
916
38
892
784
103
210
343
657
700
528
144
786
10
829
388
611
385
445
792
218
23
5
187
9
360
32
701
265
752
392
831
665
327
295
203
376
133
293
90
227
957
900
641
499
371
496
102
199
274
898
999
305
593
785
214
755
618
14
726
61
154
25
520
591
282
634
437
179
873
535
211
514
787
633
867
712
998
530
424
137
348
18
720
744
798
12
823
672
112
322
489
380
400
820
407
758
162
406
822
180
101
953
409
398
301
537
640
329
760
423
891
716
532
89
809
986
157
273
384
315
426
628
805
453
442
425
886
111
47
594
153
71
209
325
989
713
766
731
272
13
307
781
635
863
216
741
737
69
200
271
722
168
637
291
777
256
757
882
573
923
546
120
464
973
492
415
246
950
927
483
965
586
277
982
639
63
571
435
780
76
336
645
245
22
721
346
62
604
488
868
151
961
897
613
770
92
166
465
247
655
420
276
538
281
754
266
799
480
638
66
122
548
843
486
419
688
150
332
746
373
649
667
836
981
979
165
205
997
201
228
202
825
964
936
894
139
728
411
43
523
804
304
883
854
40
664
334
80
866
46
2
386
106
60
34
735
893
59
800
788
50
417
212
860
148
476
313
98
184
389
714
690
190
751
553
416
97
861
321
887
675
679
127
358
206
615
821
364
382
719
876
463
846
176
254
383
433
320
776
969
262
858
288
145
302
902
242
971
490
195
478
848
58
367
362
263
764
39
947
558
395
909
319
623
807
797
36
976
333
479
680
835
521
753
487
612
432
494
344
410
7
303
422
378
676
837
736
356
294
849
169
674
954
8
977
517
929
880
842
455
394
369
832
782
945
703
310
852
620
856
920
156
299
864
995
683
77
81
94
966
194
510
257
677
35
141
29
258
93
337
859
987
491
749
41
590
536
341
28
814
215
839
565
585
658
174
308
126
983
328
581
695
484
605
967
767
513
458
727
549
933
217
229
269
739
818
554
16
24
48
943
408
616
743
428
824
131
67
472
188
826
682
921
121
684
673
689
975
225
280
314
477
448
352
609
698
317
138
208
350
413
830
596
481
164
446
702
840
643
268
911
330
559
264
469
192
899
439
756
128
511
68
895
589
316
801
544
21
661
710
711
803
366
130
450
149
387
955
134
834
251
889
237
19
960
220
468
191
64
405
399
345
178
715
353
99
874
26
297
592
452
938
159
132
575
267
614
650
359
197
793
100
462
769
587
905
522
347
196
53
260
584
275
292
914
37
181
694
560
429
129
564
167
996
779
659
475
922
259
783
136
946
170
390
991
1000
123
844
881
404
108
249
693
83
794
110
183
438
