852
460
853
36
288
274
389
489
909
363
169
870
509
615
344
739
237
443
862
953
236
123
161
121
393
33
950
76
945
492
193
768
413
716
758
913
19
167
980
241
188
330
905
126
708
142
696
718
584
733
166
924
639
983
996
680
825
965
138
658
101
527
940
650
655
269
305
920
622
998
831
148
234
162
873
800
46
867
273
72
841
552
595
257
798
47
91
783
607
325
181
781
448
511
857
602
964
281
553
872
826
60
372
159
371
971
34
577
550
394
223
387
403
565
96
442
923
573
219
113
426
168
304
66
291
619
69
299
963
474
503
79
623
805
25
433
331
811
539
646
17
523
889
848
734
815
318
771
306
681
59
86
582
145
725
542
609
381
896
810
951
414
31
355
271
109
563
341
571
715
540
907
135
469
455
395
423
480
194
468
297
666
24
886
307
840
163
554
514
689
791
630
858
717
456
243
741
187
322
195
995
675
98
807
452
438
216
354
351
4
706
954
519
92
494
507
230
710
626
421
876
594
175
459
979
73
201
205
329
384
720
628
21
43
537
295
929
617
102
210
779
298
604
466
226
827
283
585
916
397
899
119
324
446
921
517
156
103
745
533
486
278
543
625
887
472
560
487
309
937
114
732
336
124
724
842
875
510
586
42
579
797
962
513
196
246
350
284
338
20
985
112
901
65
772
676
254
987
856
529
476
116
620
445
149
95
152
353
450
505
722
260
530
482
534
49
794
158
48
419
184
497
677
949
559
721
75
935
240
337
408
125
319
317
232
7
407
574
613
293
823
267
891
657
35
632
972
933
5
812
70
118
192
698
429
406
349
200
343
904
53
631
495
691
362
861
399
100
770
369
627
191
774
874
736
578
244
776
637
111
760
692
202
108
662
986
526
755
328
777
647
390
521
484
106
621
925
522
801
428
140
839
961
105
477
242
753
481
642
610
561
661
71
714
960
656
802
227
939
864
374
978
144
902
757
1
660
464
367
727
878
409
653
385
172
614
674
132
277
644
651
54
488
765
808
239
575
854
981
672
969
3
2
186
154
115
418
934
97
654
270
749
752
83
253
819
359
814
659
217
204
947
84
147
352
203
104
29
784
970
762
528
368
596
396
501
437
809
391
388
415
535
9
673
633
410
178
865
822
30
518
879
361
130
669
462
235
340
392
678
356
400
280
731
311
465
735
151
287
224
806
649
81
558
373
803
93
813
549
704
264
894
133
792
420
693
845
255
479
37
502
555
259
567
40
339
28
846
638
249
279
63
914
919
952
701
160
877
137
485
276
788
170
189
441
310
958
566
634
787
932
268
946
695
893
326
688
38
524
182
490
562
881
146
173
583
199
572
968
398
612
256
55
880
382
764
605
703
918
272
321
743
467
850
588
756
928
790
818
131
944
793
27
303
218
136
404
990
10
67
993
828
332
402
498
143
376
411
903
348
836
470
730
536
458
897
439
569
551
82
629
966
837
110
15
580
959
548
342
898
728
726
308
824
671
668
320
587
956
153
294
520
301
478
512
88
150
606
557
171
424
541
18
179
61
782
747
245
702
994
832
56
601
122
57
635
300
80
911
967
544
829
346
754
942
795
885
775
50
531
431
816
314
74
705
447
888
769
988
378
99
405
451
973
778
744
261
263
516
457
989
679
134
454
871
207
636
62
316
611
917
453
851
687
32
39
590
992
401
366
14
763
22
85
694
141
786
908
711
155
238
915
434
683
532
906
89
296
285
107
603
312
643
258
412
938
564
265
773
922
750
51
44
900
789
729
499
380
6
286
975
302
859
616
26
748
78
228
365
211
52
761
834
449
835
8
435
766
229
23
473
214
248
313
999
608
713
120
525
198
357
444
290
416
665
592
624
943
556
383
930
910
364
12
87
785
128
581
506
221
315
997
16
379
425
461
129
370
982
440
545
213
641
740
45
139
347
117
670
496
984
686
491
799
868
1000
190
746
41
508
463
821
358
220
838
360
844
335
333
690
652
231
11
600
500
597
738
895
185
58
247
430
177
709
275
289
546
830
589
699
547
849
327
591
215
180
780
377
737
251
94
719
866
375
712
684
700
941
664
222
483
648
948
759
157
869
432
976
843
174
252
912
570
233
164
417
68
515
685
197
927
645
931
697
576
593
208
176
212
209
282
538
707
957
618
820
250
847
77
13
667
345
598
165
127
266
955
892
334
890
640
225
863
323
974
292
64
751
926
742
817
262
977
427
936
682
493
767
883
833
723
183
568
206
991
599
796
804
436
422
860
882
90
884
475
663
471
386
855
504
