196
804
950
455
748
499
869
317
902
599
249
799
629
676
513
340
747
819
847
186
379
309
421
397
542
134
559
256
947
661
503
681
240
900
818
845
638
575
108
246
436
73
29
301
336
882
434
60
973
592
162
89
706
774
996
970
382
164
987
511
67
891
545
153
334
36
824
209
523
474
389
926
813
762
785
57
279
964
444
878
761
859
735
337
906
614
490
557
307
917
121
519
454
220
581
280
536
194
174
459
583
765
571
259
491
431
507
897
88
284
166
452
290
269
828
837
478
354
128
17
862
449
740
976
78
948
176
185
868
245
730
305
659
508
481
125
416
342
133
695
241
961
441
711
355
547
668
117
534
429
870
226
106
242
576
93
109
486
86
797
851
528
971
896
187
252
532
848
956
651
741
227
895
655
805
566
229
516
733
980
426
933
517
522
408
920
447
512
974
550
344
218
292
985
639
710
752
352
665
353
569
662
504
925
492
529
349
758
798
458
554
236
178
518
962
688
734
255
198
746
718
357
466
615
61
713
456
392
708
233
2
606
940
438
346
794
899
90
375
206
266
849
835
84
989
763
922
192
986
719
905
313
482
412
427
938
756
561
968
85
271
443
318
388
843
476
300
495
140
714
827
202
391
582
935
376
975
425
689
783
362
231
993
200
565
111
193
368
171
159
860
965
759
221
983
276
325
694
403
806
846
261
690
702
677
50
646
56
82
663
195
302
978
451
945
624
720
994
515
237
731
911
115
863
370
130
38
156
65
323
776
873
755
537
919
544
613
822
179
488
422
167
268
514
147
3
880
47
157
715
68
35
463
54
154
612
104
916
9
383
540
632
801
258
887
380
377
585
949
991
13
909
580
687
113
724
782
230
390
356
79
330
445
175
854
46
930
769
319
282
37
338
788
541
212
44
420
703
471
321
303
384
126
958
328
915
883
207
442
215
937
428
728
32
707
608
253
678
841
473
802
55
424
757
469
643
173
243
97
124
487
640
957
981
586
988
170
396
5
628
635
161
567
815
579
552
816
556
479
216
177
509
394
275
320
39
564
197
87
311
257
768
641
616
365
610
839
821
834
889
401
395
304
982
726
289
912
791
446
840
600
168
122
997
995
884
74
278
205
767
294
489
448
398
825
264
764
808
826
538
578
343
716
234
272
324
836
306
682
81
622
142
605
691
907
182
584
784
183
66
95
8
399
853
864
650
210
633
953
539
127
553
754
546
820
287
777
53
645
951
485
132
858
48
736
250
914
874
393
369
297
927
450
521
24
23
225
145
172
15
267
400
871
680
283
602
501
753
59
642
181
460
634
12
25
430
727
100
188
224
94
732
83
11
265
118
684
189
103
374
890
464
274
496
371
214
596
737
524
701
472
414
348
780
637
361
510
506
64
291
96
672
331
793
675
879
4
618
415
366
530
418
692
1000
129
699
609
939
811
239
308
91
625
493
367
568
704
790
62
686
742
33
771
867
979
80
881
855
310
364
457
14
232
594
152
110
314
842
112
462
729
717
751
667
120
992
470
223
335
721
838
603
595
773
936
894
901
286
709
238
1
555
923
484
654
611
944
959
656
673
666
892
322
298
955
866
315
440
409
72
664
627
885
928
119
263
293
42
778
350
999
437
277
372
22
548
406
461
520
208
40
850
591
617
653
918
201
101
698
26
660
204
888
693
913
932
439
20
149
217
590
363
696
135
589
203
526
387
327
886
745
137
248
750
833
998
570
69
247
877
921
435
856
76
385
803
908
697
796
413
551
288
296
857
683
786
535
572
359
143
341
483
31
213
952
852
934
123
749
381
533
792
829
781
810
7
946
577
419
893
700
49
316
942
817
941
832
402
990
789
244
775
502
831
631
649
51
465
360
52
21
685
830
339
648
621
943
865
931
652
969
70
285
607
34
468
722
738
723
574
623
480
787
966
432
146
604
739
705
497
98
967
876
910
28
16
138
494
345
498
960
636
136
861
954
525
211
262
295
160
254
795
779
184
977
972
222
807
573
593
630
744
63
99
800
549
671
598
670
386
601
588
620
260
71
18
453
273
527
872
467
898
647
151
563
477
411
505
10
558
423
658
326
760
358
809
405
199
158
219
41
844
333
27
141
144
929
150
984
116
587
404
228
407
433
743
772
270
169
812
114
770
657
903
92
312
963
45
105
75
163
475
107
58
329
351
281
139
725
560
165
251
190
180
30
77
235
875
531
417
410
924
626
332
619
644
543
299
597
148
378
679
823
674
131
155
373
562
191
814
904
102
669
712
19
6
347
500
766
43
