1062
6701
6277
7880
3606
1011
2541
5183
2379
8953
2315
3022
6751
5825
2596
4014
3131
1899
4374
7381
5766
8510
3241
6182
1174
7469
5276
5279
7717
2916
8948
9305
7450
9820
1490
7518
4981
5620
7439
3717
3584
6061
5155
9605
5505
4798
5518
4793
238
4412
6348
7946
3998
1946
2184
7697
7123
7023
3164
7825
6543
5751
3080
2860
6382
5477
6251
5730
8878
5186
1357
3602
9411
8334
192
9154
929
6734
9069
4234
4183
4598
1347
9745
2473
1931
5452
7977
6753
6805
2191
9881
8220
9024
5253
2946
4755
9715
5079
840
4037
1543
6848
803
8950
172
402
2740
1864
582
6493
834
7513
8232
5400
6930
6557
8318
4416
1676
4203
3287
5670
8868
5845
3902
6169
1426
2337
157
2293
9871
2516
2746
4316
819
7902
6538
213
4867
5629
3247
6530
7723
7786
4049
5171
7435
5081
5482
9372
866
7138
8314
9007
7210
1833
9425
4596
1649
4103
4932
6748
8999
3935
2621
271
5806
6462
8895
1645
3062
1958
4272
8773
8452
4317
5016
869
4428
6316
8085
1512
4513
221
9559
2336
9052
6837
2765
4985
7569
7544
6079
306
1192
1302
6967
9030
5224
1962
5913
2344
4440
2977
6256
1348
719
8683
4442
4894
4209
2101
4804
8978
7114
4599
2424
9993
2565
7356
7398
2082
4692
3886
7038
6107
5469
2570
1564
4059
1270
6699
6760
1283
6879
9834
7738
5968
7019
6114
2386
9638
5637
245
1136
8486
4165
2257
2370
2185
8121
720
711
7275
9507
1789
1044
9812
6916
4214
2121
333
8047
7633
1329
6097
1505
3468
1761
9573
697
9782
9558
3639
7983
5195
3627
8391
4142
2775
5690
3988
2647
2128
1972
4784
5623
8542
5580
1179
5891
8640
9325
2411
3180
4501
6533
5471
1455
1222
4893
1157
2209
3931
8622
4325
1776
9621
6876
5265
2809
8561
585
6051
8506
6392
9242
7461
5794
1688
8479
1528
7792
6859
7141
7374
4424
9285
6453
9776
6121
9646
661
4216
3597
1694
1464
9189
4950
3933
4552
4810
6847
3334
3397
7488
6470
4430
1702
458
6883
5069
3327
1940
1106
6297
905
5142
6501
2567
7511
2334
8625
8549
9537
2884
6921
2989
8481
8462
255
3637
8598
6986
4713
5080
5143
1343
9596
5797
1258
8280
9576
1153
9370
4120
2332
1418
6002
2732
8708
7966
1029
2848
8013
1697
2554
222
680
9329
9848
7186
8743
6853
6700
5725
8678
5667
8490
9233
9131
5728
4838
2909
8399
8798
3659
7430
4072
8937
9875
8282
9158
3258
8477
8097
1742
2331
2802
5565
8262
7286
5814
3032
2967
3746
6420
7728
7346
1132
1546
761
5318
7113
5077
6821
445
8008
1253
4158
4882
1195
4478
4119
7174
9098
5781
1551
24
8740
8958
1530
1730
1376
8969
3331
875
14
7237
8526
2276
2656
6708
4345
6522
5920
7209
4910
2648
2935
8947
4963
2228
8330
350
9468
8638
2088
3301
6841
3469
5975
7316
2589
4357
7907
3442
9692
8174
5022
8938
691
7841
677
7314
1610
685
9939
5950
3195
3308
8035
2173
2033
1472
8636
6176
7529
1817
2986
4077
7221
6852
5536
3050
7505
6540
6953
5994
9390
5063
4282
8986
723
1679
9494
7462
8933
2252
2885
7908
472
4974
8988
3095
3783
7629
9790
6295
6360
6499
7424
4638
5645
8328
1393
2062
6005
4524
7523
2702
5819
7004
7253
5501
152
2690
3201
5586
1190
3873
4837
3035
9152
9334
9672
9591
749
6600
4371
3475
4115
1281
7420
4685
9464
9570
4628
8152
2245
9510
8325
4907
3773
7534
1840
9181
1856
8925
9626
8637
9660
6459
555
7178
6881
9980
9452
9067
8018
5836
6504
8368
5327
1502
5114
8591
9865
2891
456
1734
3877
6639
7323
8178
4016
5858
2046
7755
8320
7397
4468
5390
2285
8782
5651
3904
963
6632
1074
7330
9369
4791
4358
2896
2108
1213
5813
9284
779
6874
8193
111
7752
4116
4734
2471
4636
6494
8813
3494
3981
8275
9215
8711
8491
8653
5750
6498
6404
3361
3464
7365
7691
7059
4436
4151
8748
5122
8374
3328
2462
2366
5446
2826
7616
1124
4118
8138
9347
5956
8906
8057
4161
5226
4343
6309
4869
4495
777
4314
8822
1447
5444
7850
7064
2464
6656
1897
3607
4844
7265
4235
5364
4505
388
4908
8855
8070
3555
6132
2363
4127
6257
9882
8199
4438
5868
3046
6937
7312
1434
6024
3923
4018
1160
1820
6722
8017
908
526
7710
3121
9685
287
5347
4159
5837
254
5333
8277
7471
3453
2654
6812
3268
2584
4663
8274
3645
5368
1998
4941
7283
6130
8965
3872
8245
3944
7747
8899
9300
6777
9655
9931
7860
4943
6194
5973
1290
7371
628
8258
2595
3599
5933
2911
2868
1800
5931
9996
2649
2490
1982
538
8657
1966
2300
2562
5476
5798
5704
3265
9218
9330
4464
5803
1231
6433
6355
8467
6946
9729
30
4254
6205
1631
2688
8767
6502
4678
7903
8458
7536
3303
6979
5632
2149
6711
8468
8727
323
9644
8375
7735
6884
9489
9437
5738
5618
2518
577
2624
605
5046
1687
3589
6006
3655
7067
7055
6759
7660
2018
2753
7252
7144
2178
5292
335
6098
1219
7213
5630
5402
9747
3982
8068
7406
7000
5008
8204
6775
7308
6658
1903
8052
1641
9755
1923
3450
9615
6606
5493
3359
9064
2256
2650
5562
2579
419
6149
6215
8754
6612
4564
8149
2217
8226
9840
5679
7882
2842
6943
7432
4023
4350
3527
3734
9138
334
1482
4843
2827
8321
6
4763
3983
8254
1112
5754
686
8670
8459
9992
2050
6873
5236
6772
3795
6764
3557
9586
8827
9900
9137
1849
4999
920
3966
29
8214
5349
7777
2675
2663
4479
6280
2671
634
9679
5787
1859
3422
2224
8423
263
8367
792
7490
8940
3372
4572
6528
4365
1696
6185
5139
3079
1785
9849
3148
3515
5116
5538
6982
6904
4168
5381
5370
4948
6252
4849
4879
8879
3057
7155
1722
2963
972
4210
3714
1362
3237
4997
1951
6034
664
7164
5615
3257
3915
3918
6984
699
3858
1575
384
7262
7191
5232
414
4521
9945
6973
8726
436
8997
6427
1437
352
5551
5459
900
2435
6234
8793
5154
7363
4719
8980
9249
2277
4408
8496
4646
6118
5575
3801
8729
5540
7189
7472
8172
311
2639
3044
408
5700
1973
8470
5404
3679
1307
4223
1626
2707
2031
2512
8495
8731
63
5613
48
6584
1531
1635
5801
9863
4327
5641
8463
106
5944
3819
997
7678
8750
6450
8715
4418
8222
8219
2701
2112
9480
3991
4820
8535
7872
9301
7506
1087
1851
4569
4848
9191
9235
9313
7838
133
4855
53
1744
2674
6922
3128
9090
759
4759
2057
3576
5759
2169
9221
5028
8096
598
8684
5207
17
8024
316
6369
3975
9180
9259
2392
1405
2205
5221
3759
1680
7579
8985
4579
2821
6840
3139
9873
9099
9282
3883
1014
3092
8669
2395
3269
9449
2665
8511
3847
3520
8200
9748
9490
9000
3601
8324
6505
6324
6948
1844
8762
8032
1252
6651
124
1342
2536
1822
3217
75
1035
1609
4022
9103
4920
1497
932
8473
967
9363
5278
7021
401
7917
3992
1238
7940
3755
9995
7610
7112
1878
2742
4562
6377
9008
2107
9403
780
3533
8776
921
1708
8512
8752
3910
8106
9465
2824
5857
7927
6511
9780
9135
4154
8118
2850
9503
3719
5507
969
7344
975
8673
8756
5383
6776
3009
2964
2710
790
4895
5769
3487
3612
6100
7658
4042
4592
7734
6882
8597
9499
2253
3997
187
2970
8370
2479
6259
4788
3636
3344
1403
7282
6147
43
3028
2640
3682
3587
4136
9253
2172
6623
2313
6269
2792
8450
4783
8385
9360
6834
5219
4084
5342
3038
1229
9443
576
5426
9062
7211
5684
4747
2504
8352
8515
3358
2230
8058
4211
6174
4620
5121
8553
6393
9229
4378
3947
2446
7724
3880
6803
4483
8795
2341
3656
3549
7304
870
3758
3704
2634
5423
4896
3905
2321
309
8926
7325
8764
1871
583
5603
7269
6253
3523
1784
2779
1064
4577
7082
2413
3140
6842
4984
7428
7095
4017
1971
8171
7024
5724
6087
6218
1147
6487
6332
8853
7449
5371
3152
7239
1771
6965
2840
9102
2117
2606
1706
9690
5281
9521
7993
9847
8580
3684
7608
1485
9791
5676
8278
9220
1161
7789
1381
5015
8846
8125
3788
5601
5934
873
8445
7492
3568
5058
6618
3727
1802
7031
9410
5793
6668
9461
40
6477
2242
2022
1991
5418
4712
2557
4178
3063
6226
399
6109
5862
3814
5736
7201
657
301
4006
6650
893
5355
2419
8071
4141
9695
3806
4275
1545
8823
3363
8539
4053
4625
4441
3296
5864
6790
3580
4218
2154
9743
8884
7396
3073
9659
8774
135
8420
7729
2793
5964
7851
1938
7410
1336
9211
3598
8434
6336
484
6030
4606
2373
8582
3232
329
1456
5039
3934
5823
9351
3292
7441
6814
377
1549
1466
9766
4951
2012
3345
6072
1796
4767
7919
3466
5987
5553
6192
6495
681
2788
2704
1613
6887
6593
9528
2398
2199
9773
1076
212
1515
569
1491
3029
4851
7574
3546
5985
493
4003
8315
3223
8785
7303
5712
5350
2111
122
8912
9150
938
1309
2219
4602
2196
5598
5123
4595
7287
4576
9938
5094
3582
7407
1748
400
5277
7571
1145
7169
6224
3071
6611
1710
3753
3368
7612
1223
7081
724
9323
4222
1394
2919
8765
4447
1488
2673
3210
9454
9888
2875
115
1791
3178
4956
7758
1723
3335
3507
7224
7279
794
7531
59
2669
2407
2651
8617
9340
6038
888
9960
128
465
8451
6093
6465
1810
9714
9133
1425
5128
318
7781
9724
7743
6254
4088
9727
8665
4533
2362
5416
7008
125
511
8433
5185
6912
1728
4473
8349
9433
8954
8566
4732
8572
4380
3927
1990
5217
3824
3142
7091
2183
6240
7589
8612
2119
6931
1700
4850
1265
7143
5153
3978
6510
3912
4475
2913
6662
7722
1406
6539
6263
8983
1654
9405
7353
4555
8084
7835
6175
161
7073
6050
4780
8413
4994
8509
1046
5061
9951
613
322
7306
9424
2399
896
9916
8206
1134
7956
3136
7942
9377
8826
2420
4714
6549
8228
704
2926
7897
4794
9447
2527
1199
2719
5758
9042
1640
8829
7259
2982
283
4522
9845
6971
7694
9859
4618
9387
3074
4276
7223
4459
8476
3279
37
7546
3722
6896
6993
9471
8772
8197
8184
6120
8592
2594
3312
6958
6521
7736
2521
9707
6299
290
9161
3772
712
6573
8573
1020
6191
4298
1251
7100
9206
9860
1323
7495
4025
7606
826
7474
3005
4266
1818
617
6137
9967
8974
7035
4921
9725
9291
3764
7475
2716
8923
4516
9267
7843
3245
7922
7238
6692
8545
8213
76
7715
988
615
3463
5271
1433
783
3690
3097
3000
274
4823
5872
5163
1993
8001
660
86
9388
5822
1402
5768
561
1128
1310
939
544
3115
6314
7664
3908
7418
3672
3900
7288
8175
9968
6151
3583
5209
2408
2940
2084
489
2024
8038
5898
3342
100
5650
5458
6558
4978
8093
8436
9552
1870
1080
5494
2303
4840
5065
7120
5321
6250
9923
6562
8132
1918
3147
9817
8905
3921
6457
3695
4679
2754
1579
3792
6255
1598
1808
5252
3452
1478
6059
5180
9822
732
2532
3810
206
5986
2430
18
4983
5832
5215
7769
2189
2288
953
2266
3796
8291
4058
2472
8682
2711
8876
5275
2143
8430
1159
3471
876
3036
5721
4578
687
7235
4446
9908
5590
8759
8120
431
6301
7973
5382
5108
3011
102
880
4425
3444
8934
1325
8107
7731
8056
7978
8426
4667
6134
2493
6242
4303
4884
8689
4917
5024
415
502
9488
441
3329
936
2312
2718
658
5681
4454
4224
1391
1565
8156
8518
2387
4485
9173
3571
479
1054
3641
5048
8797
8850
6395
3378
203
3671
4514
6291
4817
2865
1066
6056
2328
7519
463
8006
1185
8408
4559
4111
6345
7317
9086
7864
7020
8760
1752
1088
326
1441
4705
4073
5843
3351
7943
7836
6620
2405
2272
8697
9534
6206
6933
7382
4283
8183
525
6520
4086
3259
4661
2932
9928
285
4339
5833
2915
2544
6484
8976
1651
6115
1773
6635
8244
9050
1720
9618
6278
3043
9864
7630
3129
3615
5924
5727
1245
6116
9998
1533
9439
698
9462
4406
7641
6167
1750
662
3839
3348
8893
9603
8675
7928
138
767
9188
3638
2181
6021
858
8507
6547
887
3754
8836
8558
225
7446
5256
2090
4870
4829
9023
3008
2743
7750
3199
4376
9922
4348
9734
6331
5783
7324
3181
2791
1847
4324
3532
4012
949
8642
2618
3449
9781
6284
9994
9336
2187
9248
4699
8439
2499
8499
9861
3476
4184
5850
4097
6396
6641
706
7016
217
2038
4432
1593
3012
6610
6140
5935
6936
7131
2179
3980
1043
6589
3974
6367
1624
9495
2575
8317
6995
7200
4512
597
9913
9884
6969
1705
5593
1146
8428
9823
1354
3093
565
4626
2603
4965
170
167
3838
4785
3813
1319
2723
6354
1745
8201
7830
2959
5689
8732
708
4326
4693
9554
4217
2904
9278
8119
1196
1824
2629
8110
8500
4172
5202
5439
396
2897
2122
4651
1625
381
4856
5403
3102
3433
6124
9438
5820
4379
3959
7827
8834
5409
70
4341
2439
5524
5489
2573
4806
9400
4745
1148
94
6678
9526
646
3324
6960
1689
5653
5764
4813
3548
2558
2734
9775
6236
8102
9227
6784
9124
4589
8686
9116
4108
469
6468
8122
5004
1601
8393
8234
8438
5656
4443
3855
155
3970
8768
9571
5448
7584
2283
6604
3239
8012
5043
9143
7740
3288
4503
4498
2458
1364
6241
3574
3346
4082
9525
6220
153
648
1657
2055
7532
1675
1630
9044
310
7791
9551
9832
8029
9601
8162
8564
7151
6471
7372
5545
3837
3156
9389
990
5567
1173
6769
8159
5694
361
7383
8026
1848
35
2019
3160
3669
7355
3572
8692
1935
224
3389
7517
6413
999
4674
9087
1105
7989
478
4215
8704
8888
3109
1242
7957
9883
5212
971
6474
6878
2426
1282
3694
865
3802
4332
1334
6578
3143
8112
7268
4369
1968
4546
4554
5559
7583
871
4295
6399
2403
4565
7937
8179
531
242
113
1335
976
5034
4499
1527
6702
2892
6785
8889
1987
1262
6159
917
9919
449
4979
2322
6537
7800
6963
4280
3603
5778
7502
1152
3844
943
4273
6563
6583
2468
762
1669
5617
8015
9314
1225
8382
6561
201
9246
5130
403
5229
6733
5539
9397
7499
6421
6909
3784
676
340
2545
4360
2130
4676
1305
5280
7644
4429
4597
8131
7049
9257
1539
80
9472
3007
9114
1904
5602
3048
6576
1583
5319
2110
9074
372
554
428
6244
3779
485
9162
163
3398
6207
3190
2428
9682
7109
9557
1950
1615
5051
3647
4226
4762
8302
1479
821
362
5095
3027
7105
8710
8322
607
9941
4539
9327
7969
6899
3845
2207
7159
4672
3964
5695
8652
922
5709
644
2632
1301
5511
7852
5199
9104
5811
5461
2846
6376
1836
5530
8123
1356
8737
6724
6754
810
8742
2971
9151
6464
1012
9068
7778
1279
3276
7452
7135
7254
4993
6767
5247
4773
7212
2976
6023
5093
9075
9171
3648
1399
6358
2728
3256
6268
3006
8025
470
9839
2041
1121
5399
5853
4831
5393
7266
1588
3100
6738
7231
9803
1193
9798
2786
9811
3123
5098
6483
2659
4259
8649
2103
8544
1448
4274
6338
733
1326
1380
6719
3965
5246
601
4530
3447
4368
6070
5563
4664
9167
7285
1511
5373
9187
6939
8662
160
4752
1501
8577
3928
3175
7620
6908
4281
8562
3605
7613
1547
9321
8687
5619
1075
9475
9172
5649
1170
2489
2383
5242
2115
9664
5544
6366
9612
6001
3113
4329
9199
5911
7496
4975
7901
625
5259
3558
6667
3219
3158
1041
9953
8405
4039
2917
3861
4132
5534
5410
54
4497
8316
522
7785
539
8579
7881
1015
9983
7949
9251
7964
2268
2023
2459
1163
7445
5302
2866
2965
716
3465
9386
966
3310
5289
3404
294
2587
7669
394
4250
7808
3920
3486
9223
3878
7577
7515
7626
9929
6003
5445
110
4902
7670
2839
5792
3894
7924
3504
4121
9851
8151
8129
4987
8288
480
8031
8546
7861
5443
8290
3775
9974
3325
5228
148
6249
2087
9019
8421
1558
4986
8857
4687
3004
1500
1829
8358
4469
2440
6009
7575
6091
6127
6445
3384
5951
3863
1139
8741
1769
7862
9463
8095
6026
1605
7366
6619
4207
7152
8150
8075
6713
197
6698
5196
1164
9298
8721
7487
3739
1682
9149
8998
702
7068
7172
397
1561
3016
2474
8067
7705
2749
3307
2311
3874
1945
6893
292
7668
5529
6294
3018
3725
6826
3413
3203
7315
4354
4885
3510
4461
6145
5057
5030
9569
9193
1775
2049
4433
5378
5810
5714
2726
2799
2235
5763
482
4404
7725
1739
9039
7863
8265
3673
5322
2658
6472
8928
6725
2590
9656
4296
282
1590
6328
1794
4811
7873
6467
9889
6126
4278
4476
1907
8170
8437
3526
108
959
7348
3857
8441
5885
9296
3562
3776
8849
8862
4641
8659
9515
7494
7401
6542
5190
8474
2637
7080
7132
6177
186
1181
3887
5320
9268
7521
413
4898
5326
6657
9772
4642
3443
879
1886
4099
5115
6709
4768
8103
4466
632
3658
9771
1692
5652
6823
725
1442
8569
2068
7002
1727
6980
9006
9408
1057
1055
214
3600
9341
9170
9902
8331
8161
6193
2736
7352
3496
527
3911
2163
6410
3780
3284
5943
5269
6380
380
4383
8168
6060
8824
4807
8901
2525
2528
3167
3963
5033
3624
1766
5389
3706
773
696
9892
965
7433
8240
392
356
2309
7762
8791
6801
1277
5087
7913
4960
7052
3291
9107
8042
7683
4580
9493
7637
6546
4971
4060
6715
4801
369
5311
4160
6394
4101
4076
6815
4377
1400
229
4260
6613
4484
9322
548
176
114
1154
2486
2796
2457
4062
6046
520
5427
3747
2349
4872
9739
6697
2572
9420
8289
7411
7826
6508
8896
82
2691
6567
3270
6928
4372
6448
4398
9413
4397
7326
3112
5091
248
1451
7194
1166
860
5687
7948
3663
2233
4782
4607
7417
7393
7247
2945
2890
2958
6133
4919
7829
8722
3350
3650
3662
5498
2869
6663
7601
500
3984
9512
1681
564
5417
2320
4185
2790
7663
7971
4444
6906
1113
1690
5659
6422
641
2693
4720
2782
6083
6335
6463
4403
6838
9128
1358
3106
760
9593
3726
5258
2949
3424
6296
5064
7524
1975
6084
6041
4134
862
2193
2032
8962
6232
10
5125
2299
7349
1526
7657
8555
6560
442
4366
1905
2065
2165
6327
1861
2073
9713
3202
7115
5135
5097
5599
6655
4225
3987
9083
7527
6676
2730
8916
4294
2214
6683
6004
9519
3170
5710
8621
5742
4873
2135
1619
7075
3897
3525
3761
3
320
130
1285
2158
7815
8852
1509
2898
5227
1556
2801
998
6235
6795
6287
8574
8135
5328
7197
2212
2431
1101
7749
1726
9518
4488
2327
2340
4388
7293
4930
9662
9609
9123
7895
2983
9809
5294
9906
2928
3458
7214
8233
2601
1117
8115
8343
5702
6749
2166
9754
4263
1284
7662
6548
1454
6670
299
3278
6099
6261
6164
3248
7227
8685
5988
4467
9145
1360
9520
5470
7856
5521
7988
3234
1569
9393
5174
3909
5948
9421
521
6992
9930
8379
6233
1823
3544
3906
6872
8548
9984
2822
5600
2015
5789
7884
6431
5484
4594
1857
460
1036
4865
3859
4957
8919
260
4535
2580
717
2069
4777
6890
4619
9446
8440
7652
351
9546
1834
6388
9209
9288
6286
9496
5776
6944
1597
6323
2006
2003
1799
2604
2689
2048
4621
2467
9466
673
2229
1489
3049
6210
1226
5006
2081
9186
8890
659
4331
4738
8763
2653
796
6101
1259
7748
66
9513
4308
3916
9028
3107
5496
2182
2145
774
7041
7893
7273
5012
3293
7184
766
1109
8416
801
5244
3177
3132
1351
3085
9272
6375
1567
5770
5722
3665
365
276
3609
7638
62
490
6793
8158
6875
2733
1703
8091
734
7596
230
7098
2077
7063
9921
5070
8160
2876
9668
8182
7187
7478
8256
8991
7414
4192
2714
8055
6343
2758
3432
8966
8781
6356
5761
9640
7550
298
2817
156
8431
92
6441
2142
818
5021
718
1313
4229
7350
7609
1224
7968
6486
7566
5216
8902
8650
4063
9367
1781
7834
4117
4182
373
9210
4643
7333
941
7804
9156
2234
5134
7512
1353
4427
1678
6781
9477
2889
1483
2844
1227
9009
1408
5537
8661
1366
2772
4717
3852
8784
9895
6371
5193
3534
5056
5096
6782
592
551
8655
9778
4299
4749
9981
5946
6811
314
7473
6073
9787
9055
9952
2213
6131
901
2540
674
7667
7514
982
9492
5038
9022
6230
4074
549
8794
9943
3831
9964
5585
2768
4821
4630
9901
2519
1204
5657
7060
8039
4162
4754
2553
8635
626
3323
6144
8674
4878
423
9141
1650
8363
1895
7802
1908
7597
6674
4490
7163
4567
5031
5677
494
5869
9085
5752
7044
4375
7615
6028
3946
6877
6975
1638
3770
2577
6703
8030
7985
6673
7896
3969
8185
2278
8690
8531
7394
4415
4232
5827
4933
4927
7106
376
6401
8489
3430
6409
2685
9428
945
8353
5990
9680
3939
5018
8828
3798
7999
7772
3294
9262
1116
8623
7217
8842
9356
5495
6273
2776
5314
2922
1040
9078
9827
3034
7078
2767
1069
2250
4637
2010
9648
5655
5293
745
7672
9530
652
505
5535
3264
3262
6797
5406
7562
3263
1111
3228
2210
2118
7981
5958
1928
207
5841
4213
8054
3051
8863
366
995
1978
4934
2225
6970
7796
347
3330
8019
3436
267
6482
8877
4900
9689
4929
9261
7036
9975
9436
8250
1108
1398
2853
2894
434
1457
8238
4814
4945
7012
1999
4544
3400
3536
9731
6587
2936
1964
6800
1757
1217
4112
3685
9897
8090
1837
3816
5870
2393
787
8270
2044
2581
1375
8498
2000
6509
2039
4612
7696
7994
987
4271
9208
6752
7154
1621
6599
611
3967
3072
3003
4988
288
3922
543
8180
8989
7193
5570
1911
7760
2968
2162
1893
85
2124
6556
65
6315
9002
9600
6304
6677
5463
1729
7121
2498
3805
2136
5686
7292
1021
5131
218
1614
2956
4877
385
6605
7859
3649
5356
4481
268
795
7389
6341
4938
7129
6298
3654
2744
2270
3282
190
3227
6517
2921
9243
3563
6771
4757
8023
9718
1446
1499
3516
2583
6792
6123
325
1960
1089
4654
2543
3024
6597
5317
6729
4558
8227
4834
9764
1612
778
9578
6536
4200
5886
8872
416
6513
8251
9885
1177
1428
3676
9555
5612
7714
655
488
4402
5525
3889
4067
2418
2423
2807
2979
2450
689
6228
2161
4964
9818
171
5707
5674
820
6765
2478
8585
5233
5387
6954
5481
8854
200
2762
129
713
5939
5965
1167
8053
5288
4251
4439
9581
3524
7343
3078
57
1684
7936
7188
8305
9125
3347
970
2837
6407
2835
5413
1102
9458
1790
5701
6998
7079
5821
9633
4913
5473
5542
5726
2451
9774
4163
3733
7297
7026
5084
8066
9706
4373
2925
5635
4830
5379
4563
1961
1208
1048
771
3377
9303
9742
7975
1979
6911
736
6480
6616
3208
8142
5608
2477
5337
9564
3522
5285
4710
6272
7528
3189
5384
9588
2642
9799
2397
2771
9240
3854
6322
4460
6949
9178
7587
6717
5597
5668
3664
2602
8975
1943
7591
5571
671
7351
8298
5658
3907
8605
4508
8522
6693
6761
1725
7585
7357
5218
2002
9893
1782
8139
8817
5132
6155
7666
5983
2359
265
3913
996
609
3621
633
4046
36
5146
9732
9985
233
2123
9036
9763
5243
7545
6342
5351
7530
6854
847
4384
7263
9628
3834
7811
6902
7093
2972
3230
4313
8658
1865
6865
2984
6932
2578
2186
9746
477
7912
5807
7844
9547
383
444
4724
2969
6889
4315
2641
182
9645
7250
1276
4386
9642
808
989
5928
6999
6739
4556
9607
9481
7654
5744
5900
9658
3635
6695
8806
6213
7845
9362
7833
8832
3326
8041
9608
8780
6825
2279
793
3547
4322
9681
3457
775
4668
7421
405
7537
1542
5250
8672
8307
9887
1415
1256
5385
1883
6095
2286
653
4008
132
7037
2034
650
4394
6017
7148
1104
8099
5737
7773
410
1045
5547
6779
3528
5884
8418
4480
1882
3244
7299
1716
9894
7040
7442
2265
4586
570
3336
9011
1361
2879
5420
2811
7300
3155
9311
2888
619
9109
4472
409
370
9076
9802
1949
6807
8037
1858
5036
8273
8517
4237
5556
9264
2819
5513
7538
3924
2670
360
7795
2442
6996
3943
3166
7509
7504
1936
1031
1151
6808
4611
9136
3207
4307
6015
6281
3064
5499
7655
2910
4399
9100
9328
903
2605
8346
6330
9722
4064
7005
4143
5117
8127
5716
5161
8959
2631
2061
4190
9018
9077
149
2829
5478
978
2454
1439
7181
7465
4660
518
3611
8628
3590
77
805
5777
5921
4694
3386
6047
7525
8190
9026
4733
1552
9163
3632
2492
7205
2422
4193
9213
46
5573
9965
8292
9061
8360
5230
9886
3428
5506
1209
1986
3989
9905
8140
2514
7334
8365
2542
4114
4031
7875
9376
9709
9157
2678
2960
3089
184
1885
7636
7463
2004
1529
5298
5009
136
5848
3332
2241
4305
3936
3812
4790
7776
9046
5560
2677
4568
9260
1006
8100
3680
5773
6042
2394
1072
7124
6861
7707
2367
6111
6201
923
4570
5780
1900
6894
7170
5405
9768
1786
2465
2133
6864
7592
7753
2416
4671
6514
7741
4405
7573
1058
4779
7128
6267
4157
8894
7192
1976
6955
9366
4258
2376
9478
8567
9349
272
4861
4538
3352
8181
9651
3938
2810
9933
8584
8124
6310
55
8403
6968
2132
1671
7868
9737
5032
179
701
7891
785
8144
9535
3626
8076
9134
2140
393
2761
742
9174
599
616
215
1051
6364
4815
9165
4639
7028
4792
3999
9589
1606
5926
2239
5067
9806
7526
2177
9175
721
7053
1255
5287
4187
3833
4502
9917
7479
4523
4772
1740
7938
5877
3829
6119
2429
7136
7006
3420
6675
9989
4982
1474
7173
487
4875
2109
5020
8366
594
4723
4027
5706
9200
4051
5336
139
5678
4413
8724
1322
2067
9704
5451
898
7190
2783
4669
1150
2480
8369
1416
6961
8956
5262
9611
4342
5912
3353
3124
5290
2083
8858
4335
6365
1298
5120
8411
730
957
2310
3010
2374
6897
7567
1221
5329
8668
4789
2280
4824
9920
9498
105
1071
1566
4122
2497
7342
5214
2847
9500
8970
4581
4739
9265
7709
6014
7157
1793
770
2559
3875
4537
158
1318
1220
513
1869
9821
6415
7153
4239
2598
3267
6189
8825
579
1345
6637
452
8843
9577
5982
8984
3274
6025
1503
1795
3379
8918
4106
6152
1086
7483
8538
5374
3811
8869
2705
7489
4493
1438
5068
1471
1920
8378
2342
7774
4198
5887
8205
5169
5846
1129
4673
4778
2168
9667
420
1695
7412
8092
4238
5188
4684
2356
1099
4188
3581
6757
7555
2063
3760
6456
1611
9484
5111
3431
8547
8608
4614
9538
3492
6541
4653
1632
9316
9385
4414
507
4482
7535
1828
9616
8247
144
3898
1460
1424
2508
2017
3827
9185
7013
1924
1067
2013
8631
2176
8645
7440
8153
2152
4194
6570
2943
9318
7831
1137
5741
5425
2297
4270
3661
9179
3271
5433
5002
5198
1756
3042
2613
7682
9280
2814
8809
2029
359
330
7955
1096
1365
5557
2035
8967
2820
4197
5001
5165
4899
7158
2330
5978
9440
2354
1184
5431
864
3130
8929
3553
1244
7797
8524
2950
3538
4841
1022
9482
930
516
1332
4311
5719
4711
4144
7202
3365
4774
9870
9625
7146
1081
1677
5981
5203
4859
5007
3311
5568
7328
8311
9765
8931
3791
1577
707
3412
7309
1628
7954
5765
7984
6843
6714
534
4370
3192
6924
9345
4918
1215
2937
5338
6601
9627
9738
8942
2066
2739
5734
6398
4905
2789
1954
846
4622
5809
3280
1052
5396
2194
8465
2267
4028
6644
386
851
1299
593
3127
8540
9470
9448
8341
8301
8746
2699
4147
71
9184
6312
584
9045
8703
5962
7206
4395
9986
1701
764
9694
8963
7605
9190
4532
926
7816
4096
7933
2503
9176
459
2047
4662
9287
1295
1942
550
9757
9874
8295
5060
3990
4181
368
824
3373
6744
6161
5468
4857
8357
1830
2944
6746
9924
5863
2708
2681
2698
4750
7101
9197
8695
2086
6721
9572
8588
1988
1205
9657
9047
1992
3033
2211
462
25
8874
868
448
8696
3337
6880
7385
9476
1965
8387
7646
9567
6424
7305
6359
1587
1359
2533
216
7708
1444
6437
3856
9751
8887
1952
7996
7520
5664
6712
3070
4955
3295
9427
9641
6585
1944
904
3972
1732
5572
6552
4070
1581
5963
20
9830
9505
6290
3748
7970
2923
300
3409
8167
9785
2054
2404
9733
950
8417
3174
4292
1420
1721
5644
4233
8734
9479
5666
3869
6142
3472
7204
841
7632
6062
7277
9735
1449
2751
8257
6012
1158
7991
8335
1379
740
3392
3456
188
4708
177
6518
7220
4089
8309
1435
6435
6214
5860
4675
2447
8914
9274
116
8814
4726
2784
3945
4973
7565
8074
165
8345
1759
8676
5184
8819
9562
1892
1832
6684
2100
6832
6914
6989
9241
776
1395
2369
1369
319
6384
5883
3253
9635
8552
9375
2667
2652
390
7941
3614
8453
7322
118
7108
8362
2551
3871
5717
7543
4455
9332
4770
7847
850
6075
7437
6554
9824
8327
6043
9531
5917
3418
6181
5074
8758
845
3543
2104
8693
2748
4284
4582
3503
6747
1390
7464
5957
1633
1246
8383
348
5816
7103
9688
5515
6886
3461
7794
5873
4124
5346
5273
5170
8575
8771
4385
5023
8209
9426
4697
5782
7888
618
2574
4175
26
3832
6642
4748
6496
595
8977
8094
4854
6488
4290
4937
9398
663
7677
7972
8381
6454
6317
9630
9048
2231
2800
8218
9904
535
6952
6475
3579
7427
4909
4407
9236
4615
4904
3316
1131
7967
3715
6306
2645
9614
748
6849
2364
9094
9269
9647
2380
7244
4230
2417
2715
3495
4199
4553
7329
8831
8707
7458
6666
1698
3060
9533
2900
751
3848
1443
2484
7258
6391
4409
1673
7905
6817
2372
6275
6067
7088
9276
3551
5369
7139
2626
6900
9831
22
639
7997
9804
8231
5071
7718
2929
6523
5011
4083
4716
8412
223
7116
5041
1596
9355
6833
5286
4911
262
5440
358
5395
9789
7689
4992
9760
3364
5138
2569
1065
3693
4001
843
5052
5301
2854
503
2563
614
986
7558
7766
9927
7369
3956
7260
5415
8163
4470
2683
4135
1585
3260
1097
6211
7790
9033
9201
5324
5762
5574
8188
6497
7467
295
7307
2713
9907
3026
5110
3252
3870
5296
1592
1523
9937
9195
9
4658
5997
2694
466
9324
9060
79
700
6071
6679
6066
1187
1274
4036
147
7770
4691
2146
1234
7165
4069
9999
3479
4836
8086
185
4758
3917
9699
3076
5312
3868
809
4659
5309
3478
8143
2585
5936
9794
8081
556
2078
1200
6049
3750
5479
1872
9417
3355
8104
8844
4166
3233
8176
9854
6379
7085
2089
8939
7470
9029
3851
2345
3950
6417
7634
1536
9624
5903
1068
5611
2445
4613
9665
3058
6988
2014
9003
942
1130
4976
5156
8596
5930
2469
5638
1777
2098
729
8286
768
2051
483
537
3067
7090
7234
2731
6334
8606
9634
1860
4803
9373
5344
6469
8268
4289
1510
5047
4123
3793
9604
1779
3056
7149
4173
2080
6895
5274
675
6039
694
4946
2636
4264
8004
6532
7713
5596
5457
9568
1445
8267
5192
2410
9792
2338
3573
5980
7310
9012
7918
1910
2509
8109
41
4174
8063
3320
3683
8860
2271
6723
6981
1902
1557
9982
7992
7195
9065
3483
883
6966
1484
468
7071
9225
7364
2787
1203
8702
5639
5421
4462
7639
7649
8654
5181
406
6442
8897
9966
3250
1749
1019
8323
357
5129
575
3047
3537
6492
8130
9671
4426
3119
7720
6378
4387
3084
5454
9079
757
4701
7894
3176
6598
6947
517
9381
3069
857
6032
2737
3763
1023
2076
890
7301
2343
4608
2483
913
2564
5745
7177
1389
249
5334
3204
7818
529
7216
496
2094
6923
8073
8141
636
8735
7813
2952
885
3200
1665
1854
5938
4648
7451
375
6720
8840
342
6320
7951
4434
5160
2008
4833
9502
9815
2556
3396
1297
5474
3168
2523
1412
2453
5591
1845
9456
4709
3979
5029
6057
317
6929
5239
7581
5839
8886
7631
5231
6460
6225
6349
5398
6374
2360
6036
2676
7961
302
1572
3304
4243
5705
3608
5815
284
2747
7025
1266
9331
9506
3617
5984
4531
9710
5739
8460
3953
9797
4071
331
6271
1194
7699
1788
7415
8865
5526
4686
8448
1232
4104
8619
9399
2425
6326
418
5669
7050
8744
4002
5283
9666
6031
6915
1853
552
8354
9418
2389
2427
3696
8255
4969
9416
6007
250
2007
7600
2011
112
4201
6078
2591
6153
8223
3014
7676
3604
6094
1568
7083
6203
9168
756
683
1889
6156
378
2335
101
9054
44
994
205
8700
3045
9395
2175
8713
8615
6856
95
4504
9516
9617
1550
8701
3110
277
7959
2838
1643
1331
7062
3451
8790
541
3498
8260
6219
3686
6602
3086
3807
9088
4706
324
1516
4808
8590
4180
9717
6138
3951
7466
6731
5449
8755
3782
2951
5881
3765
6171
1168
5812
1917
313
3958
178
9166
4337
7207
3077
8720
2560
2302
4024
3297
8485
7341
8810
269
3059
5191
6180
4574
6476
6122
2985
411
8602
7839
9866
8792
7783
4822
7222
589
1423
5168
1914
7599
5291
6339
1373
2261
9978
7737
2244
5152
2243
6763
514
2314
6000
355
9342
1073
3403
3578
7125
9444
74
3785
4744
2138
5831
4500
645
8410
1314
1090
5055
5622
5206
6283
8195
3222
1303
2164
2307
1201
4862
7110
2745
4952
8568
4731
7503
4247
9315
2355
9080
7215
9132
3687
9602
3926
6160
5255
5112
6531
4080
5241
2635
8342
8971
6053
3214
8080
7134
8406
6373
6408
3595
3952
5995
3623
8051
7196
8264
304
6092
8117
6941
198
3343
8014
5970
305
7491
5888
8801
5394
8820
7185
6631
9970
4248
3039
7775
5177
8340
7390
8921
9380
3242
3144
4010
9473
204
6586
8709
1289
2099
1371
7480
6987
1339
1957
9649
9005
2494
89
5211
1056
9368
3736
4891
7498
4972
9275
9976
2201
1248
9836
5172
6925
9402
2804
6710
7784
6444
2878
5555
6146
7017
709
8435
5569
786
6626
1599
7757
2180
5300
4616
7096
3708
1571
9182
1826
8069
5893
8101
8908
6200
8789
1970
2304
7622
3229
8347
1801
2966
7679
4819
573
4396
993
612
3406
3298
2
9561
1525
8932
5204
5466
7869
8618
1896
3914
6423
8480
6927
5062
1210
5365
6491
1737
6926
1604
3681
2529
3052
6196
602
1337
4670
4355
2547
3153
1183
8098
509
4349
9796
4520
3521
4113
3506
2071
5718
1846
5747
8639
7119
2687
9669
3698
3692
2324
5949
4047
1211
5517
6820
8126
3209
8359
8415
4169
2625
4029
954
5173
7541
8833
8882
6629
7560
4571
3703
2131
7232
5210
9224
8105
8395
952
2588
855
202
1666
6681
3001
2851
3588
3021
6870
5237
8272
4449
3625
256
7485
7182
624
3644
6964
4152
6458
863
4796
3700
7500
6008
1778
5554
7867
5907
191
3808
1762
7563
9238
4916
1175
1463
9606
2045
3552
2085
2120
6058
7586
9333
1142
528
7822
566
4588
1770
1850
2939
5698
8497
9783
2437
412
9896
1555
8725
9599
4419
679
2834
345
339
6239
9338
1821
504
3105
3577
3040
3646
209
9946
6333
9963
5817
5490
7651
1813
4888
9808
3390
4650
6575
3542
4800
2961
1919
5366
692
8917
798
7761
6329
4781
5348
9580
4021
4575
4561
476
9749
9869
1007
1486
7814
6638
1652
6405
6525
8648
9805
7837
9620
8800
4517
3146
1967
6478
5054
7311
791
5878
5531
7409
2981
7719
6648
6727
2954
4725
4293
8677
6625
5683
5037
3118
9453
7871
4065
9108
6689
4330
4695
6898
7987
3674
2534
1877
3846
3769
6428
9244
4991
1494
5643
580
5609
1197
2947
1839
3677
1595
2227
1098
1267
7336
2515
6141
4827
812
1216
4155
3842
1002
3381
4052
3730
9119
1005
7066
6997
8643
9364
5915
690
3941
5879
5487
7824
6418
2722
3387
6579
5019
9344
5844
4954
9250
588
5085
3314
232
5480
307
3191
3866
8554
278
1477
7965
8005
2156
6863
6994
2026
6652
6372
457
2766
7302
1050
6179
651
8718
8626
2619
8177
7320
835
9032
8769
7582
2438
6802
3145
4486
4171
878
5720
1304
4137
726
9730
4996
7952
9741
2482
571
5847
1372
5164
9126
5014
9404
1480
7643
9971
621
4601
4423
5441
8263
6569
4998
4923
7759
2908
7375
3481
3272
2264
7179
9549
4265
7659
5757
1855
2725
7665
1507
4164
6845
916
853
9816
1898
6945
2828
7245
1300
173
8192
974
7476
1646
6910
8003
9273
9583
6102
6551
1350
9639
6919
7892
7557
433
5902
8429
8145
4256
2352
4390
7702
1473
7925
802
2872
69
9020
4204
5577
7248
1374
2114
296
9120
9619
7272
3640
2552
8848
6609
2830
426
8384
9346
2655
5304
5894
931
754
6574
2995
2849
5339
6096
8924
2020
7416
68
7319
5746
1401
9013
5257
4769
8072
6173
4092
9925
270
5295
2808
1268
1653
7377
1110
8818
4333
4942
4510
437
8154
2501
2236
3360
8271
9770
5856
7280
7264
4269
1636
2016
6796
6402
8681
5106
2623
9431
4054
3888
6581
6835
8329
852
8660
5090
9066
1118
3410
2157
4903
5105
1534
4334
8217
2679
8350
7898
5313
8957
9205
240
5818
6740
3561
7909
1355
2836
9944
174
977
3161
3505
666
1092
1932
7003
8336
886
8812
3613
9758
4634
7995
9852
4351
7126
8550
7990
8733
2593
7687
1404
4990
5514
1186
940
8543
1929
4507
455
6594
9767
1411
9412
6685
1257
4743
8514
5151
8371
9673
6045
9684
1123
7373
3091
6773
9698
7077
5854
4420
363
4623
5438
3631
7089
5424
6935
9678
5880
9855
1421
6891
3149
8194
3622
8210
2326
3539
168
1287
8525
2882
6426
693
2298
2296
6564
3103
196
2612
4361
1250
154
6672
5341
5576
7251
8803
3689
9529
4364
2502
6913
7086
6506
1933
9430
5254
8739
3508
5103
1506
7920
5828
8276
6086
7742
5360
4148
7368
9308
4045
9595
121
4722
9319
4825
3275
3500
4320
9147
6390
8982
3701
4647
6183
4962
8775
8242
4966
1236
1637
981
1881
220
3309
8632
2052
2832
8679
5520
3705
8046
8002
5428
1017
7976
6888
9192
8586
6202
3255
4007
6208
4560
6615
830
7588
8716
5937
9977
914
8202
1738
524
8946
2409
9973
2644
6503
8333
3593
3556
3729
6077
3448
3762
737
2931
1388
3246
7853
4465
8348
8224
4818
9441
5149
3317
7673
8062
5166
1977
2646
281
4868
8587
7842
5791
6806
4410
3757
4352
7271
2599
3867
1880
7477
8397
1532
2249
3356
6065
8714
8402
5998
9281
93
7617
907
439
4839
6942
7739
1138
4038
5927
960
1724
346
6276
1293
5824
1661
3570
1095
1165
6885
8527
4649
9527
918
6756
7885
3212
5904
8059
8804
498
6743
1563
5516
8951
9279
2933
5357
9661
2859
5460
4924
8835
5260
1212
6270
640
2664
9358
3138
1249
2475
8907
6850
1916
4035
9826
3411
7855
4100
9457
164
8943
6090
5732
3545
9990
2390
6596
7111
744
8766
4901
2401
3019
8528
1178
166
6565
1440
5961
4604
6414
6813
9027
7578
854
8380
9486
8557
8646
4321
4680
2381
9216
8644
5340
882
1291
162
6112
3141
3277
2284
667
27
7621
5376
241
6659
1874
6085
3767
1765
253
2661
1783
3383
3082
728
1570
5049
3151
3541
1273
4020
228
817
1521
5595
3114
464
9406
8211
3162
1683
6830
2095
8723
828
1230
738
9726
5691
5306
8663
6143
4977
4853
9675
5456
6265
8730
2028
3290
6108
4756
1280
5223
8570
9876
9891
2920
4312
3066
2906
2170
5861
4880
7934
2657
6129
7817
4751
8198
1747
5137
4323
5533
1629
3065
1711
9654
1063
2633
1731
6990
6706
2139
2614
2200
8065
4125
8422
6461
3213
3196
8521
5561
5359
6439
7331
3081
8867
9256
5323
2825
2813
9483
7127
3740
6044
2867
9469
3075
9700
2843
2546
6018
395
6027
4487
2289
6653
3830
4736
9326
1995
7516
6033
7102
3559
8230
4033
3289
4043
7140
9286
2568
1452
6452
7619
9159
1803
1312
8578
985
6011
735
8935
3712
1831
1156
5148
5072
2987
450
9474
5779
4826
1825
9343
1875
3186
2441
4707
3675
3393
6307
9683
8108
5708
2930
1341
3513
3169
6170
5743
6383
955
5419
7256
1218
7425
7627
6640
7431
7009
6165
425
8505
3794
8299
8011
5040
7087
7746
3633
5436
7890
1955
6680
9890
2155
4690
7294
6187
6940
5715
6357
2105
3462
9312
6217
5361
1984
1969
8593
2530
3371
1915
7107
9095
9487
9652
9031
1576
7979
572
889
9903
7443
9962
8745
7395
5510
872
1712
7823
8751
88
9207
7400
367
6983
7618
8283
9807
3535
2481
1453
7887
9414
7556
5546
533
7198
9524
3774
4417
1586
9317
1838
2171
7175
2755
2871
9842
6758
3137
3518
7910
5940
7249
8266
1941
231
9038
4041
8136
5013
5842
5892
9801
8796
4401
4055
3273
9686
3594
8753
2873
8484
3488
5010
6016
9728
4044
2795
9670
897
670
2903
5388
3484
422
8287
19
3319
8503
5447
9320
1616
9723
193
3768
6262
4277
7771
1018
4566
7787
6212
5107
800
7347
9130
2975
9419
6959
2058
7219
6737
6755
9663
3879
7930
5005
4931
2978
3435
3667
8821
5354
4363
8995
8332
7595
596
6466
15
6473
247
1816
9853
7367
1008
8757
1518
8356
7246
2412
6809
1016
2037
6770
2319
7932
461
7236
8601
6741
6350
1049
6172
6029
9035
789
2129
4729
5220
1603
8083
3823
8425
9021
2060
5119
3949
2938
1792
6621
8116
9396
5026
3818
5899
3737
8613
5945
4547
8454
3895
7199
6568
6664
1947
3437
5621
4319
1647
5397
61
159
2160
7142
1699
1119
3370
6860
6526
7162
4304
6844
4953
9514
9899
4128
5325
8344
4302
3236
7704
7338
9674
8616
3491
3117
3354
4356
5251
7065
3653
131
2275
3797
2190
9277
647
8372
1733
553
7650
3741
3493
2668
2487
9222
7501
3948
9460
8904
7339
3530
8261
5234
4206
1378
4593
4718
6397
4765
4926
4959
343
4980
9391
2724
848
4915
5178
6550
9254
9800
5066
8482
695
5699
8805
7754
6920
5380
3651
2449
9761
5607
2385
3699
2254
2861
4735
8040
3421
7572
7257
6647
6082
4098
9091
7290
5703
1713
9160
4528
382
6485
7176
4445
9544
2630
2232
6527
5914
2202
948
23
7057
78
4004
7486
2396
6419
827
97
6669
9584
2291
603
7549
6429
3954
6634
3986
8455
5392
2511
3187
5941
1459
9339
8442
440
7218
3374
6818
5509
7780
2877
3474
7408
9511
3743
107
2680
7011
758
3231
5584
8909
4573
4093
2258
7568
6726
3620
1189
3709
8666
3634
7147
1685
1261
5335
8248
980
4133
7625
6289
6248
5733
6643
4456
1417
3929
3441
5213
119
4109
2582
5284
4515
47
3670
3135
731
9988
308
8786
6665
6361
1906
5377
9283
3183
6824
5245
3550
6869
9117
3477
9164
9485
7229
3853
103
6950
3821
4186
3415
7904
8523
4381
3401
1868
6649
2948
4367
4635
8216
2706
8488
8699
3885
3497
7576
303
2522
51
447
3341
5442
6222
6707
3962
3083
3738
1340
7711
5876
3892
8761
6081
4301
4764
5264
9959
5830
563
7886
5616
8207
9898
7092
1468
5099
1704
2741
264
4657
9089
7278
4448
7419
2769
3937
5082
8859
3996
8146
4617
7387
6285
3281
608
7877
2092
6836
5625
7166
2255
2727
8930
2794
6204
2942
5992
5916
4191
8337
6858
2628
9947
8306
946
1320
7590
4730
6985
3815
6020
9877
9384
1198
1741
4257
9017
2406
9057
5100
8049
6866
10000
2721
481
7782
8705
6736
1475
3893
1812
8043
2895
9352
6582
9543
2378
181
7756
9365
4056
8487
6337
3789
2548
8466
933
9294
1591
8873
899
5564
3490
9228
823
5412
7799
4013
2195
3940
4509
1736
1419
2247
9252
8164
2662
8841
4864
3333
6019
5790
3585
6195
9271
2221
3960
629
2974
451
5805
491
6274
4267
8414
895
6447
7870
3735
3567
9911
1504
5908
427
8048
1655
6163
8389
1397
3826
6544
1367
4542
7384
9753
5972
4328
2248
1809
7915
7593
7046
8807
4411
7944
9991
1815
338
5753
1751
9872
705
6690
5541
5453
5053
4245
5073
9522
5589
815
2042
123
2905
2697
9214
5035
219
9693
2206
3732
3023
8987
2043
497
7313
1939
3668
2348
7422
7552
8045
1237
9118
7161
5626
5685
7628
6432
8504
6661
3896
9566
8246
3197
4944
1001
261
328
3087
6829
1414
7261
5735
710
3172
6691
7958
7876
5240
8532
3053
934
1172
2918
9585
1659
2301
5076
7828
672
9258
4393
226
5582
5605
9536
2470
825
545
2700
9556
3125
2079
5909
7953
600
4492
2059
4392
763
5866
4587
4886
9926
6166
9867
5775
3101
7497
5205
7160
2358
2237
797
7094
3820
8494
8922
7656
8880
8694
8310
2643
5113
4090
2192
4026
2729
7848
8799
4336
8839
4000
5923
7510
8285
5159
4812
2001
1498
6245
1333
6645
2030
3108
8994
5614
2856
1026
1934
6855
1481
7130
5422
6264
3840
5158
562
5352
8996
5167
5627
7228
8664
5901
6553
3882
5408
2174
3697
9255
3643
6400
8212
1890
590
1997
275
9111
1247
6340
7054
4683
4591
7832
1584
3211
4057
1059
2318
8614
9374
5795
1538
9532
4914
3843
6440
8941
146
637
4310
684
5731
9270
8856
3825
9435
3482
3306
7553
8830
2368
3781
4061
8020
623
5663
714
5784
5491
349
5200
5550
7399
8537
407
8128
3575
4551
120
1717
9432
4066
7866
7056
7693
5523
7122
6636
2496
804
429
1582
7701
8583
7916
2151
4255
5947
9622
2660
1709
2027
2126
9579
9306
8229
2350
9762
2091
8778
3993
7010
6566
2600
6313
2757
2436
1804
2524
141
7061
6608
5450
1368
7241
7661
1422
1693
5401
9956
627
844
5624
453
8871
4170
9708
3402
7624
1707
4583
2134
3438
8165
6500
4496
7051
9786
1047
7069
2666
2992
973
5672
4799
7042
6305
6778
9955
3809
7457
7048
8478
4741
2899
6716
4700
1891
5299
7133
3111
273
5610
6105
5959
1126
6977
7039
5826
9015
1618
5661
9129
8079
620
964
7233
5976
7284
5693
9040
5640
3017
7726
1324
454
5267
9936
6991
5464
2717
9304
7321
2269
9825
8736
9072
1559
927
1514
8279
5497
8680
1667
4832
7764
2924
4525
7906
2116
7436
1644
7027
1431
8208
1060
8235
3955
3299
2346
3968
8461
7598
2980
3068
7950
4126
4906
2294
1100
9623
2125
5785
8303
7429
1182
3349
6646
6351
5519
9110
3221
2159
4652
1288
5432
5475
2695
5308
5960
8373
2777
9918
506
2841
2188
8259
4286
4205
1662
9359
678
9574
7438
9795
1622
4176
515
8629
8186
5654
8777
3565
7459
7680
4005
3925
1032
5429
6184
7846
9833
7444
9979
7899
6325
4437
962
9972
7674
266
7539
2520
3198
2914
6742
7137
3619
7623
5305
5867
3865
3728
1162
4858
9092
3586
4845
4246
1927
5636
4463
6827
5508
5592
6654
6529
6022
7468
58
7242
4548
6934
6905
6088
6113
421
7642
3803
8404
5118
1034
9997
9093
4889
7447
4231
560
6117
9793
1387
6816
5953
2997
7820
1133
1042
2696
3395
8519
1589
9059
2064
3243
6037
7225
7074
8114
2150
2988
9837
3220
5906
3388
4511
3485
9010
9736
5127
2153
6607
6178
7733
4728
3376
4967
5345
4529
9245
7798
8633
2571
5587
7156
7698
11
1254
9954
4949
8225
7034
1235
9934
6136
7982
8033
8036
9144
8000
3713
8061
1842
1930
3519
1327
2306
9407
958
1807
1039
7803
4961
1768
8444
8189
7295
353
7453
8427
5488
2576
6798
8624
7878
5910
1344
9155
7540
668
9142
1004
8313
849
7819
510
258
8955
7203
4704
244
3630
7327
4
9844
6617
2216
5145
6443
4075
9750
9049
6434
547
3629
1275
364
902
1798
1003
925
4776
3104
5104
3499
1648
9909
9560
6449
2756
6705
3318
4156
2308
4489
4543
688
194
2448
5642
210
8607
6962
5017
1562
3238
3249
2500
7607
3226
6292
6446
9759
5282
7413
8148
9828
5549
1754
5386
1901
8419
3382
4474
9307
5078
8111
1887
5025
9879
891
6135
2531
3261
3766
9987
7931
8599
568
4241
2507
7168
4881
1
7962
4391
7340
1413
4382
8060
861
4095
9239
134
8407
5263
5967
8609
3407
5157
1755
1884
4306
2996
961
4347
5729
7484
6385
3899
9575
2452
9650
5176
1241
3961
2506
8516
4015
2460
7935
8087
1469
2555
2816
8284
6227
8903
892
3037
4491
2456
2864
1909
7809
9043
6846
2907
1085
7402
237
8446
4019
9777
2586
7767
8964
379
6512
9371
9230
4129
7018
5189
2517
4195
2845
60
4682
9850
150
2874
9226
7360
9234
8513
8968
73
2402
1094
8571
8898
1122
2495
183
4227
4300
5162
7274
5604
8253
2290
91
822
7923
1953
6243
7547
8394
3710
2141
3799
5330
7849
7721
8338
4139
9517
1912
2852
2513
5673
3216
3165
3849
567
1010
3751
983
3423
3215
3891
4816
9292
9720
424
4775
7929
2672
6387
3193
5800
6730
4989
3932
8009
2609
9752
1114
4928
9857
1656
9219
881
6571
1176
928
8866
5179
7765
4545
142
5929
2415
5756
9643
1580
1540
8361
3025
9553
4318
968
4288
1349
9504
2333
2053
3015
8089
8698
3971
6614
1169
9594
8010
8651
8475
2806
2316
4032
8560
5297
5919
4297
9784
6555
1664
1013
8502
9935
8992
4094
4603
6154
6868
8173
9014
7695
8134
3566
546
5558
1077
4912
7070
9146
1465
81
9788
2377
2056
1120
8294
4727
2912
4068
4153
6103
6139
9113
5225
6416
7359
8911
1024
1663
2763
2957
4362
5804
9034
4557
7255
189
7404
2682
3881
2597
4078
8961
2684
4105
9523
8738
9231
5483
9455
6389
8993
4422
6687
9266
2893
806
2535
1025
1462
2246
4527
8088
6344
7559
6158
90
7703
4633
7243
3707
7751
9096
2215
807
2709
7963
2351
5358
2610
5059
4936
9423
2127
5889
5362
4477
5552
2222
2941
7840
2357
915
5486
98
7857
1524
3860
3591
9810
321
6592
4847
6780
6489
7712
4549
4212
3890
1608
6630
2476
4766
4696
31
5808
1155
4220
8719
499
6545
2074
9293
8147
5407
9942
5187
7745
3901
8533
8816
8339
7084
9961
4536
3744
919
9357
2703
6319
2927
391
6580
2886
6168
8563
8401
6311
5749
5688
7611
3031
5133
7104
6750
84
2093
1125
2566
4702
7788
467
4632
4138
8990
1627
7493
4149
2764
5628
9183
2550
9565
6231
622
117
9949
7688
8581
746
3509
5682
6534
4644
4842
5
5633
7015
8576
2858
6048
631
3678
501
4887
3976
6603
9025
1760
937
3408
3426
4202
7508
6810
3185
1767
7332
833
5367
8293
7647
8667
39
5955
1091
9309
2070
341
327
3489
9071
2953
2421
1764
1103
1214
2443
6455
7226
3020
2770
5075
4150
6696
3375
7686
8471
9196
4431
3194
5375
6411
6732
8016
3721
2773
1294
2738
8237
9545
4048
2883
6976
6199
315
8196
4285
4034
2831
1000
5697
2537
9237
6903
1135
2455
2148
2617
1535
2611
6688
4452
72
3122
9912
1458
7793
5027
9491
5102
3134
6013
8837
4665
5353
6799
5208
5528
9740
6321
8559
7391
279
1639
8749
3691
6766
7296
8688
4835
1617
4102
635
8979
8788
2021
4600
9756
3266
6572
8973
5796
4939
3184
9127
3711
7960
7900
6735
5634
2538
4400
354
4871
1715
1996
9383
1385
1127
9838
1686
3724
3362
6956
2818
9597
3660
4421
3116
9016
8064
6370
8647
5222
6791
9878
1308
4876
49
293
50
2281
9705
1386
9550
2638
1963
8787
7426
5760
7033
8390
9295
9459
4860
7681
3702
9058
4050
7358
992
4242
8728
6839
8166
8501
5713
1070
4145
3313
1377
4146
1078
2881
9001
8883
9204
7635
9846
7602
3369
1382
3531
169
3529
1888
2461
8351
4451
4935
3822
9940
7806
6106
9814
6804
7939
4287
4196
7594
2901
7270
4040
9106
8508
8556
2616
1286
7455
104
1774
243
2797
1758
1436
4809
99
6595
5315
9451
4346
4534
4081
1922
9932
8249
6671
2167
3126
3828
5771
6237
665
7208
8949
8169
1409
3652
4771
739
649
894
1461
9051
5581
4585
9697
5522
5865
7362
6054
3157
8007
9915
3596
7986
297
4629
7145
9592
1093
4640
5840
9703
781
8520
5648
1317
8656
6774
7434
788
2009
5307
398
2962
1410
935
6303
4526
251
1827
9361
4268
7604
5455
2778
1495
8297
3002
9841
4605
7460
610
2539
4786
9677
9097
7118
5952
5788
8221
1560
52
3930
8028
3771
3099
859
9056
5310
6162
8409
1429
3731
7732
912
5042
2444
7854
3030
2137
2774
4970
4087
4494
5430
3385
1508
7889
5485
5895
1983
8492
5201
8022
1921
7354
8424
4677
5465
5500
6266
7289
1338
1346
1228
669
3224
4291
56
643
7482
2036
8706
1522
5579
3339
7768
1743
9445
1925
2414
8936
7921
838
9769
6590
5799
7807
5512
6728
7117
1239
9041
8241
7276
8296
831
3305
9335
5411
6871
3919
1863
4453
5971
9632
9105
1548
5977
4958
6430
2991
6308
2197
1292
9415
9429
13
8927
1718
291
574
9337
3642
9950
5925
145
4947
7043
604
5343
1030
7730
6938
8377
140
371
6238
1668
9409
8913
4866
8400
558
4079
3300
3251
7706
638
6216
7685
4698
1363
832
7337
8811
175
1994
9354
2857
4892
9501
1787
1496
2223
3514
2238
2287
7533
9582
2561
5086
9422
3283
755
7883
3054
3977
1660
752
5874
3088
8641
5774
4584
3322
9053
3340
2375
1370
7947
9063
208
8600
9914
34
9378
5882
9070
542
3240
2203
3120
7099
4624
8610
1873
2760
5248
2485
1009
4506
4262
9868
6917
4805
9302
2955
1272
1989
7879
8620
2505
8770
7376
2887
2692
6622
4797
4890
2262
289
6188
8861
2934
438
7812
1407
769
8870
4085
1672
2466
8594
9082
2815
6490
8469
7454
4968
3723
3315
45
1492
3850
3618
473
3973
2292
6787
591
2339
3405
4011
2812
1719
1520
374
9636
1805
3470
9177
2803
7291
486
6745
836
471
9610
1427
4681
7448
3610
8021
3569
6819
9073
87
8944
4863
4279
4344
5996
7744
867
126
430
3511
581
9540
2198
4631
3817
2382
5414
143
4131
7007
8447
1188
4253
7072
5631
4457
1264
9247
7180
1806
211
3188
9631
32
235
6052
7405
3094
3985
523
1053
3745
3836
4140
5109
2097
4519
7001
7167
8783
6628
6104
5194
6951
8269
2317
1027
8187
2295
3417
5044
6901
2510
1079
3560
5852
6068
727
6076
3133
337
6762
227
5150
5331
8891
7645
4874
109
3787
5905
8191
5890
536
1144
9716
8243
8388
8456
1296
4925
8304
3446
1328
3380
6624
5922
2805
8712
4359
3884
6362
3666
703
9392
2147
7779
6451
8892
3835
5235
8603
2208
3285
6694
4846
6633
2400
2433
239
2622
3749
6794
5662
9081
2260
9721
784
8392
7014
6577
8155
7551
2325
722
3460
1746
5363
1981
3206
837
3286
4236
234
9379
5875
4761
6704
9212
7671
2752
1894
5141
1841
6010
7240
9084
6406
1028
1554
7183
1033
5045
257
979
2627
9450
7076
6080
1959
1038
6128
5675
3517
3841
6686
2274
6260
765
530
6524
8252
7361
2870
1879
839
5974
5548
7561
7926
2994
9590
7727
6258
4110
8529
7716
5692
6040
1956
7684
3454
1674
7386
9862
96
4740
3096
8634
2204
9629
8457
4340
3502
2040
2391
6851
4550
8472
8604
8875
2218
387
6381
816
4721
5144
2102
6519
3218
9676
7522
7058
1642
7914
9542
5140
6957
4189
5755
3163
4309
3786
8864
7230
8386
7318
1316
8027
2432
856
753
3752
5050
2347
4541
1780
984
8396
5671
5748
813
9350
1623
9169
151
3302
3720
9148
7648
8077
3182
6718
5606
5578
3440
8900
4610
9856
1607
4737
3338
6822
7456
3688
2549
5829
2615
910
3098
2720
1191
9232
9290
1260
4107
7700
7603
951
2263
4540
7388
9843
4389
8541
8300
6346
2365
6229
1544
3159
5175
5594
1634
8691
5767
6148
2785
3150
906
3800
443
5896
5918
5786
5000
8364
127
1735
3367
8981
1852
956
6247
1271
9948
9508
1974
7801
246
2329
6352
747
7675
8082
2282
1876
1315
6221
6481
5660
3041
6110
1061
5989
3790
5855
8717
642
6972
741
3090
5566
6197
4787
1384
1691
9442
344
5835
3173
6436
630
7858
4208
2780
6627
4249
5136
3501
1867
6282
432
42
7030
6190
9819
4746
6074
8972
8157
1578
3179
1207
7821
2855
8851
9122
9637
7507
5435
8808
2862
884
404
3473
1814
5942
7345
1206
9434
1573
3716
5089
2488
8534
7653
5003
3013
1517
2973
1574
5238
9829
557
8630
909
2999
6157
8239
5083
8815
2880
2434
5966
2608
7379
3592
9563
8845
21
9139
1143
540
9140
4435
1470
1843
3254
6507
6974
8281
5723
8319
6063
252
4883
9037
5696
5647
5268
28
7874
4689
7763
5897
1602
9348
9541
2686
8355
1541
2863
8398
4897
8215
6438
7564
1670
911
6425
5197
4091
8611
2144
83
9548
6318
6515
3171
4450
8802
1467
8
5991
3366
874
7022
3419
2251
4590
2005
5772
3205
9835
3554
6069
519
5740
417
5372
1658
6302
2902
3994
1819
4828
2998
6186
6246
1753
7298
4852
508
2798
9194
3467
7032
5472
2384
6660
1352
1082
6788
7810
3512
1240
9004
4715
1835
1037
6055
3778
6412
336
6347
4167
4009
9598
33
6035
4688
9467
7481
6209
4261
2990
4627
6279
1107
286
9217
8915
2025
2750
5527
9121
5932
5851
3154
5261
3804
180
4252
3055
5303
5492
3862
67
1396
6125
7045
38
9958
5646
9744
8536
682
3957
8137
1797
2388
3439
236
9702
1493
8449
2491
8747
7980
7865
3414
2823
6768
9101
8595
5969
5088
6682
2712
4656
4244
5101
1714
8945
7945
9880
2526
3540
5437
782
5391
829
9394
5711
6353
312
4030
6588
332
475
8044
4353
1432
6535
3459
2075
9289
4795
7281
8050
3425
5999
6479
5502
9653
2113
195
7171
8881
1866
5126
6198
3429
7998
3321
1926
9401
6386
2226
924
8838
1811
2361
1278
9310
9587
7690
1149
8443
492
8910
1948
4338
1330
8078
9112
5270
6867
2993
1243
1263
9509
8960
799
6783
6150
495
606
1594
1476
7150
1985
2096
5802
9539
4130
6559
5588
5316
8203
5979
9613
1937
654
7548
842
3876
8312
947
6293
6857
5871
1487
3657
5680
389
9382
4179
1772
8589
743
446
9701
8847
586
8432
5834
4922
587
9691
8133
3756
6831
4219
1392
6789
3399
4666
6516
8376
1171
578
8551
1115
5332
3864
7570
2240
1383
3235
1537
3427
8483
1450
3061
7692
9813
5504
9696
8671
4760
1306
9297
6300
8530
3616
6288
1202
3742
4240
5092
6786
6089
9299
1513
7403
2353
2759
1140
4221
3416
8034
877
8952
9969
5467
3995
5272
814
7392
9263
3777
4458
6363
4645
6862
8464
280
1233
4802
1141
1913
5532
8627
8885
7267
1763
7029
6064
2620
9198
7
7554
2259
7614
9719
4703
2323
4995
8779
1180
5182
1980
6907
9910
532
2463
1862
2305
9712
2592
9497
5124
9353
6223
7805
4742
7097
7378
5434
4518
4228
3718
2072
3628
8565
9957
5849
1620
8326
5954
5249
8113
2781
5266
1083
7370
259
474
750
7047
4177
811
6978
3480
4609
137
5583
8236
7974
2106
1311
5859
991
7380
5543
7911
1553
7335
9115
1430
2220
6591
8493
3564
6892
6828
3225
6918
3394
5993
1321
64
6368
9203
559
5665
7640
4753
4471
9711
5147
3903
1519
8308
7580
2371
1084
512
9687
3942
9153
16
2735
2833
5462
5503
7542
1269
3455
9779
3357
4655
9858
6403
3445
8920
199
2273
2607
944
435
715
3434
772
9202
1600
5838
4940
12
3391
656
7423
