1387
3114
6151
4532
6080
377
1461
7833
5122
8131
6594
4216
6394
3061
6037
5872
4071
1832
5924
9021
1072
2501
9604
2363
7352
279
649
3204
8146
8966
9807
115
8677
5885
2795
8242
3298
9382
1259
1911
9796
4356
5909
351
4123
7448
4194
1927
9849
2990
7259
2293
2711
8416
4200
6286
3991
6850
6097
7262
617
6212
2553
875
3753
5266
1447
440
6895
7044
2032
4728
3832
5802
9939
1593
979
4919
4568
7228
112
674
7802
4151
5338
2969
2039
6627
811
6922
5225
5450
6998
6249
7001
305
297
7990
3558
2985
8767
7820
5428
5521
9586
879
8675
6090
3761
256
682
5921
3086
9066
1982
8226
5011
363
7450
8536
6831
6482
5292
8366
1449
4069
7284
9326
7756
7215
9163
4192
3900
4481
3893
7724
5718
4593
340
8233
2631
493
7253
222
6297
7906
294
7999
8318
8829
6861
6896
3749
3936
9188
7923
6658
2974
8254
9956
151
9301
6692
8689
1848
5441
2283
7274
1048
70
9203
7838
1558
8111
4565
5494
7982
2749
5293
6752
9623
5362
8954
7453
8036
9761
133
1505
3339
5606
3325
3984
2775
7173
8332
1385
6828
3161
9685
2192
6159
3615
9530
7092
6234
7737
7805
7239
102
1706
5836
1979
304
3280
4302
1041
9125
9457
6152
8531
6579
6025
3093
3865
7510
2291
5579
2777
7910
6891
2184
5138
2012
8912
2816
5657
3870
4004
4278
8915
5026
1501
8377
9035
5866
6380
9206
9174
1673
6663
7109
9481
4241
6849
9465
1240
1377
8943
5517
2987
8495
3564
5467
2503
9375
9211
9249
1389
1952
514
210
9473
3034
6742
1033
1974
1242
406
1180
2762
9370
5152
6567
7468
2894
9854
5299
3601
9820
8843
9985
1069
5392
2767
7204
7096
9201
4466
1590
4450
7970
5800
1374
4214
6851
1661
4304
1681
2007
9281
881
1867
8364
9775
3999
5971
832
7251
9392
200
3970
2562
1145
3672
4152
8993
6465
9994
6934
7628
7101
762
3211
6298
5447
2323
6475
5768
6653
5111
1542
623
769
3703
183
2107
1907
1373
6419
144
8077
1864
7828
9417
3591
6092
7256
1965
3715
2827
8355
7712
1486
5634
7994
2134
9330
6355
9951
2122
2203
4797
8244
6183
8438
7720
8108
9693
7396
1803
2633
3377
6747
8178
4737
4773
8454
2480
2811
5937
5062
4224
3654
1384
4039
2820
5826
3010
7542
9613
2593
2522
7745
9716
9088
9494
2015
9836
1770
6589
16
8035
6310
8795
1969
2544
2946
8691
5792
1910
9633
5056
5240
5105
9723
995
5577
7640
4001
4424
1891
3141
8762
5371
5613
1161
1217
8478
7519
4894
8720
40
3973
563
7277
7066
9098
1007
6222
4835
9776
9591
6161
81
7949
9244
1042
8441
7247
9841
1270
7006
7942
6787
6652
7140
760
7412
5688
1457
7995
1756
6723
9678
7084
5662
644
7460
5719
4788
857
1688
45
5222
3915
4467
9477
7318
2530
9185
8755
2030
3806
5484
4035
4675
4882
6868
7192
7315
8616
9231
8285
5165
4886
6577
7989
6781
1581
7222
2582
9861
325
1800
4125
8895
553
1265
1
5895
7147
6002
8533
1444
5602
7611
9643
9609
5078
8210
2157
9343
3574
6536
6783
2210
171
6252
3186
2383
1883
1999
809
6202
806
773
6710
9728
3697
7275
1105
9880
6153
2200
4922
3234
4337
2906
9439
6268
7184
4735
4394
7977
5950
257
9778
9154
3785
8585
7490
1350
2414
4638
2968
9511
1238
7122
2537
3828
402
3848
1669
5082
1598
9529
8877
1627
1183
6546
2978
9271
942
7926
9178
1502
3353
3310
2660
737
8090
9475
9884
6358
5085
4279
1779
6734
8661
5060
5611
9986
335
3177
8604
828
2143
3054
300
213
9190
3647
9679
7850
5851
9964
8766
497
5407
9727
9148
6847
3797
129
3862
334
774
9653
2464
9138
5260
4228
3799
4332
1687
59
5330
9944
5616
611
3867
6184
170
4432
1926
7156
3803
5075
1823
5081
315
8293
426
4774
1146
7690
9666
6429
6096
5444
1976
2734
469
1192
5370
8512
8085
1258
4074
5582
9542
1577
3112
2927
8324
5455
4957
1638
6842
719
5009
6483
5377
9084
978
9196
1884
7969
1156
1003
2688
3496
683
9829
5887
8626
2597
2292
2599
2123
3844
1651
2714
6707
4016
3978
4519
7238
9263
5106
1071
7432
1351
1515
5592
3445
8361
5786
6951
302
7305
4453
4642
7484
7054
1291
2281
1506
4783
1727
1406
8506
5421
8406
7515
522
8185
118
2956
7425
1190
7126
57
3482
3166
6820
3939
6701
299
4509
8284
7423
6244
9706
6914
3829
8487
6192
4852
2583
2896
1754
4094
4300
888
3553
6791
1300
3139
6598
6563
458
5531
4693
232
1244
7527
624
1786
2055
5775
8218
9794
4012
244
6010
1824
5137
1454
8249
1971
5697
4942
3343
8663
240
5726
5961
1527
5570
6511
8777
5498
827
1319
7114
2498
7612
2098
2692
6138
8224
4245
518
2375
3569
6924
3886
5050
8306
2017
3568
9183
7843
789
8398
6631
2357
1392
5995
2068
9451
8763
7603
2925
4865
3138
4188
1920
9086
1713
4050
2832
8618
5355
4668
7965
770
154
6312
4747
3963
1115
6194
2167
3400
8400
8452
3431
5239
5724
7048
2737
5171
1187
3232
4292
2670
6407
2988
9995
8248
3070
3607
2054
6637
856
8810
3579
37
9731
9754
6148
9348
5486
5919
1946
308
4779
2262
6768
1768
5304
7374
9959
1951
5605
5205
3793
2130
3171
3461
2909
4037
6837
9624
6258
423
3547
6715
3577
593
2551
192
4117
1737
6550
6101
3003
6305
4546
3124
1978
5612
2581
3614
6191
3790
4730
1139
5897
1820
1961
9209
7841
6992
3221
5789
1437
3535
8059
9769
9594
9988
9899
7650
9912
2328
4213
5351
5925
8949
8868
7330
918
2948
2379
2536
4700
8001
4459
3735
9528
5949
5926
9092
735
7387
831
6821
6455
1718
136
5037
3319
108
4989
945
2412
5357
4690
8253
4888
9469
5666
2232
9060
2672
1410
4313
9621
8958
2438
8715
7827
6413
8938
9087
6929
5626
586
4116
8764
6270
3078
8899
4460
5294
3537
3842
5774
8643
7249
9576
6291
9583
9585
1632
7635
2728
1151
8709
6610
4494
3764
8671
3855
24
7286
3330
2423
7443
262
8855
7235
8902
8836
8422
5729
1441
203
675
2975
6447
4258
1579
9803
4250
5603
3333
9003
6442
4842
2211
1310
6474
8513
7902
951
4359
7354
8592
138
2452
6379
7456
3392
4232
8681
5878
6044
7934
5182
603
9426
9636
4305
2874
1118
7021
5650
782
6928
7236
9217
8325
783
5419
2495
4784
8684
1409
6308
7128
39
1359
580
4101
2713
9629
9000
8613
6542
3009
9900
4264
8029
4910
5089
5975
1213
8615
5771
570
5273
510
5358
9128
4127
9267
5242
5610
6081
4366
7613
5123
6084
5096
7913
9140
6733
5908
3257
9166
5891
4591
8968
4360
2245
1996
9904
1511
3641
4112
2104
4020
3548
8983
7416
4163
9611
6042
1685
2910
6913
7587
2344
2156
7738
1101
8955
1829
3788
4364
4033
7649
8215
6377
306
5258
7014
7917
3633
7482
1175
6713
8907
5142
464
6814
5354
1349
926
7765
1843
7093
2198
4275
1204
4887
99
6140
1887
1628
4904
7689
7701
6556
6873
9142
7686
7543
5068
5337
1014
8545
4725
4830
5345
5438
3209
3866
7071
7151
2161
9851
4755
5420
8736
2267
8510
5443
4008
8945
9942
9143
399
4631
661
1135
5093
2382
4800
8134
2639
6487
4698
3393
8290
7683
2972
6450
6013
2951
862
7162
2053
122
4983
6016
2675
3635
7362
9106
5923
1017
2406
20
2227
6243
1821
3484
4624
180
7743
9815
613
8698
8027
2723
1862
6021
9925
1856
9255
5504
536
3771
4338
6229
6227
1287
8162
5103
1954
7428
9875
4553
3549
1913
3851
6801
2940
6794
1576
6241
8632
6480
1662
2864
3375
8089
6315
6633
5224
5190
3582
5519
6364
637
3270
7897
5645
5178
1760
6120
6632
1361
5019
3751
459
8415
6931
7859
2865
5960
2326
9387
6190
6073
2513
4803
7272
2550
7161
656
5010
3561
6000
5641
4002
717
2466
8382
7181
6023
9768
7062
4667
7011
3898
7991
6659
6060
2076
2559
6515
3437
2494
9802
6852
3387
6753
1735
3849
7032
5931
361
1211
3081
7932
8037
6488
9030
3305
9872
6544
7678
629
9303
8336
4935
5770
1846
9169
6709
9842
7698
8992
5404
1363
5717
338
6246
1256
7674
5516
3507
587
1922
5820
6486
9682
4656
7191
8831
1690
9470
6915
6694
8271
145
1596
5618
54
2908
7987
7064
578
359
7807
4940
7643
1221
4402
2046
3230
4992
8823
5422
1991
2645
7000
1342
9225
2771
5064
9783
468
9550
6654
1896
5514
9625
3205
7985
6755
5955
3401
3807
7382
2702
9575
9695
6826
638
9227
1536
899
4468
1772
6980
8687
8913
5546
202
7631
3304
5710
4239
6764
9647
8079
2059
7258
2230
8439
4363
1998
4136
7447
7667
4558
7370
6549
1275
1165
9947
4918
2933
1474
396
5556
3969
5564
9845
7424
5248
3308
3689
6726
3442
9376
8673
7113
3782
1104
5083
7945
3677
2945
66
3275
6872
3135
9052
9441
3798
9556
505
3961
8758
6232
9336
4031
5252
4791
2519
9997
8540
9068
8589
6805
6324
4606
7213
8462
9545
3859
5079
2318
7682
3415
6662
2761
7903
7855
3765
6038
5701
5992
6248
6636
7901
1408
91
7399
8735
7971
6208
8637
9384
2542
8114
4716
2479
6402
6043
6568
6679
1055
7209
5822
3088
9789
6640
7486
929
3381
2403
5230
3168
8368
4082
5674
6003
8236
7189
4729
9546
3320
6591
3772
7670
5426
585
6146
65
6968
1414
9835
6220
7135
1095
4480
5379
7413
6883
2733
218
7431
5057
726
8056
9016
7546
6623
7697
9767
1472
8209
643
4653
1062
1032
3739
4208
1644
7099
491
1570
1429
2225
1195
5967
5144
4134
839
1251
6307
8797
2395
4287
6029
8126
3775
528
3983
3432
5573
1631
3736
3420
912
5135
9403
6360
4573
2384
6832
967
9996
9195
7558
2247
8562
9681
2209
3723
9999
7169
5348
3506
6645
5268
3834
6313
4724
7165
6718
6729
2448
9187
9677
1331
383
5131
665
4206
1650
6526
7182
3365
1366
8839
3646
7152
5946
7035
9446
369
7868
2078
7964
7198
5218
8793
2918
3846
1895
9561
5508
2113
8963
2986
577
6172
3162
4753
1526
7477
8792
4584
693
9735
6253
1129
4407
5604
2441
2626
6274
5108
8062
4458
1493
3474
5399
4344
3265
1260
625
4135
6387
4746
4342
8905
7825
3297
6083
8734
3199
3968
4445
908
3083
5609
8654
4734
7536
1876
5559
7550
6740
487
9632
9147
9563
3183
8106
1113
9311
1930
5834
8756
7857
9297
5474
6841
84
3092
1257
215
2917
5779
7007
1728
9119
9027
9569
2224
2001
1658
128
7278
8572
6335
7835
1264
8586
6621
2568
6705
1144
5329
2354
7337
8466
8936
1973
3813
14
3382
4340
7891
3527
5518
5453
409
9315
533
3097
2057
7037
3826
7909
4964
123
4548
8486
5596
7333
8602
6695
4128
6115
7979
5762
2035
1873
5436
9099
7485
5598
5274
2881
7480
3509
5115
590
344
6897
2611
8700
8093
3001
4905
6040
2482
2540
5988
5540
5012
3956
3986
5311
3026
2008
6819
6137
9354
7300
3350
8555
9282
5433
7914
1774
2079
2720
9033
1089
5880
996
1831
2860
9568
2111
7170
6616
419
6203
5572
9946
1343
689
8468
8051
8790
5881
1994
8222
55
3938
9134
9610
2374
1067
3015
1791
7022
5911
2087
1616
3971
6664
271
9714
9411
4817
5720
7947
3604
7309
7928
9468
923
5938
8680
3979
3128
8948
6087
848
9870
6930
2492
6911
5342
9319
8192
8363
6514
3285
8501
8742
5620
7207
1329
5614
7607
2164
846
2778
7267
3466
3458
2518
8232
2529
9661
554
7507
7565
8390
5501
6533
1087
3640
4319
4696
8771
4399
7648
7339
4086
2139
1370
2371
9067
3831
2618
9719
3038
574
8652
9531
1494
3071
679
4495
7963
7324
5797
807
2698
520
7578
2873
9646
2641
9827
7791
1940
4155
9437
5643
7799
7255
722
8409
9133
3414
8879
2787
295
4168
2821
3636
527
4377
6756
5406
8282
3395
7019
5210
5237
8718
8629
5669
249
6792
4706
6471
6920
6666
9732
8982
8396
6075
8884
7457
6988
485
652
6983
9936
7143
922
9533
9040
4502
3246
5442
1678
5973
5624
5133
4529
473
1456
1918
1923
3816
1253
6946
4470
5785
9554
6436
204
4040
1701
85
9215
6716
8964
6813
4713
546
8227
6880
1659
5979
8060
3538
6107
1787
4616
2013
3732
746
2308
3634
9730
5627
9096
3626
173
8773
8395
9001
1054
229
5788
5927
3890
1549
2646
7784
6592
5524
5980
9476
5139
5839
1694
7523
4892
1262
5323
3824
9640
6289
6937
6180
4487
167
4336
3494
9592
507
1902
9117
9408
2138
1488
5901
5140
73
7492
1904
8418
5725
2888
6981
1869
2666
7257
9978
7389
1660
9182
8155
7265
582
2947
3217
2233
940
6516
227
6996
4634
2086
78
5940
9713
4368
3817
7953
3616
1344
5970
8251
5077
9157
463
616
6619
4969
8605
4814
8503
7876
3660
4308
1934
8820
7454
7506
752
6639
8570
1184
4318
8598
2806
1764
7444
7120
7992
7427
186
1197
5041
9863
7930
4503
5562
7246
5193
3965
3929
5591
8543
7604
7206
9272
2619
5396
8573
2431
4679
7142
3348
4849
6836
4500
6769
1110
9645
557
600
9649
3244
3294
3883
1589
5200
7406
8239
3140
8751
8658
2928
6173
5235
3050
3909
6198
4100
6385
8842
9150
1428
8212
1765
8237
5487
2010
1643
7632
1956
2260
9020
8665
1348
1212
6735
2893
7291
2729
6126
9349
253
1341
9024
9963
9818
1290
6815
602
286
2819
9655
1988
7495
4390
8641
9089
532
8791
8739
1759
7940
8122
2273
8345
2817
1617
7410
289
4786
8569
2900
1039
4866
5179
5913
3700
7760
3774
1147
7190
3214
189
5168
4525
2982
710
150
2179
4504
1783
3041
3674
3955
9945
478
8774
9980
5478
1096
2434
7326
3707
666
1682
6644
6684
2780
868
635
718
2922
8649
3090
5006
6909
8311
3675
1111
892
8724
9050
7936
5869
2242
49
3055
6065
7959
6423
8181
3196
480
6342
5042
7254
8004
9005
2483
2725
1056
148
6829
7229
9881
3836
4105
6121
8113
5322
3513
3046
4524
3164
887
4301
4199
9124
8727
9321
2595
5278
8392
3074
4534
1557
6649
2444
7851
4406
3555
8273
5197
3670
1607
4354
6459
633
947
8511
454
548
3231
1564
4789
9364
4274
3385
6956
5801
4150
823
5434
61
6900
5922
3368
7627
7986
1063
6876
4497
5714
3662
1400
3531
8587
9141
6171
9651
1038
9537
6848
6528
1484
2253
5696
6743
5214
3160
5087
5185
6057
3006
5507
1248
1181
4662
3485
313
2736
8359
3314
1137
3271
2166
9310
7927
6982
1191
2694
3151
3255
5058
3277
7875
3098
7699
5528
2792
874
143
3897
5491
5408
1421
4143
5244
8179
6489
6947
999
6800
4961
1499
4282
8534
3887
3480
2175
4785
142
1947
6418
8075
8582
4072
3366
7715
6217
7511
1483
7302
9665
5808
3896
5264
1230
7755
3712
959
2647
381
5987
5386
2140
3338
268
5742
3619
9535
4388
8025
1573
5738
8748
7368
8712
6054
5049
1451
1328
1503
6207
4560
5053
8429
8659
3928
3804
177
3508
5745
7344
943
22
7383
5166
4948
2716
931
9485
2871
7777
2657
7052
6176
756
7360
7962
2177
8546
4421
6502
6945
7758
6266
5607
4589
4265
376
3323
4499
6584
4025
2269
4028
7783
1337
2521
8869
8581
7792
5359
2099
3783
6302
4506
2331
6803
467
6641
5593
2084
3311
4197
3742
5485
9813
589
9711
8391
8424
1708
6030
5153
4906
9253
8198
9667
33
3082
515
6321
4900
298
4738
3655
5331
5671
9894
845
1133
2284
5018
5646
8471
7220
8474
3815
5794
1442
9285
8086
3156
1729
7358
2332
7201
8866
2378
7112
2606
4182
8473
9207
9974
6457
7225
7159
5819
733
3713
1448
5
7098
3095
8289
1170
6468
8783
5568
6770
4383
4583
4414
927
2413
5571
3145
6439
4191
7582
5375
5471
551
9751
7441
5054
8519
8504
4237
8183
7068
5906
4032
3587
9752
1046
9077
5007
4944
2093
3752
7919
512
3891
5637
5107
2342
6103
3142
6977
7753
1933
2106
8099
247
7390
5929
9928
3175
1636
9683
9220
8947
998
6139
5990
9902
8459
7488
715
2474
2850
5061
130
6886
9573
3337
9165
3977
2014
2693
3352
1789
3583
5883
4087
4711
276
9120
7458
6434
4103
6722
5534
4856
8492
566
3503
6690
2163
2532
8719
3949
3002
3051
4148
111
5272
6332
8721
7438
1871
1245
7194
2463
5402
872
8747
692
8009
2760
9200
6541
8379
2373
25
7131
2887
5065
1880
1968
7268
763
1362
8623
303
4242
958
9434
6245
5297
1229
8279
9256
2545
6397
2584
4557
1963
6300
2256
9496
1164
685
1872
621
8977
3066
1141
7478
2828
7863
3593
110
5529
5632
8622
2805
2153
3288
5328
2026
6739
8265
6187
2263
2335
6287
9318
6303
9080
969
7637
3781
5132
1285
5583
4021
9122
12
36
7058
3985
4602
1565
6834
7174
3047
9941
5099
6328
4883
6761
5678
8197
8230
4715
7481
7498
802
9929
8287
8339
7617
1276
1521
6661
6609
9072
6699
1623
932
4510
3281
8862
4908
8445
2149
1822
5014
5686
9486
7626
2417
5269
5986
8874
9787
9765
4772
7598
9821
9367
3200
1813
2770
4281
8856
9502
8118
4165
5532
5052
4812
5538
9334
8187
1352
8247
1809
2543
1584
4714
9152
3948
8617
8283
5855
7129
7436
336
7725
2617
211
6367
1563
6353
4140
7116
4637
5777
2045
1640
320
3768
7297
8819
9443
2704
6727
9726
6443
5318
8996
8732
3118
5176
8514
2701
3190
2938
5072
3478
3182
5367
858
4395
1550
71
1491
6702
3581
8041
3116
4804
6809
743
3598
8150
1790
217
7677
4456
871
2707
2043
8662
8128
2984
2402
9826
8039
7010
7299
4260
9017
3079
2652
6425
9075
9414
2630
5110
3282
1819
6299
9923
3770
9346
4712
378
4225
5308
9547
6520
2183
1889
3600
8481
4943
706
8463
9363
3904
2356
4811
3110
7149
7200
3225
8243
7732
4909
1061
6391
5102
2824
2241
10000
9630
8143
5382
5032
3465
7148
5482
7821
9838
2681
2623
4732
7359
6991
1582
1738
1675
4645
7125
7944
5549
6008
4990
424
7706
4879
274
9428
7392
476
6453
3570
7027
8876
6838
1667
8827
1469
2391
6547
3220
5313
1885
3487
1273
7015
4266
5751
9859
4141
2019
1298
5663
6785
4367
2726
9800
2016
9332
350
439
6759
7376
5160
8815
5023
7630
9402
8768
6903
6859
1318
6133
345
1613
1482
2386
1485
4976
4201
1855
131
8017
3754
8451
2763
2689
3519
7590
702
8812
1882
8821
7516
9378
3094
8897
1838
8825
4335
2213
1466
7446
6240
9701
6535
787
4175
8201
5749
6178
1231
9202
8453
3639
8733
408
3552
1436
6537
8489
6370
8567
8330
6811
8353
9526
4104
853
7271
373
1044
1210
750
8308
8590
799
6824
6865
2570
7164
1237
1868
149
4777
1743
2949
1603
4839
7880
1804
5857
4229
8765
7459
7576
3972
2422
954
5301
9867
3998
7750
3714
9353
3605
2615
1002
5257
4550
7687
3501
6345
3745
8861
6027
5283
9541
2911
9425
6119
2490
5526
448
1205
6793
3679
7313
3560
4449
6134
4917
2598
4684
6369
7328
7781
1630
4121
3644
1507
6125
5965
981
4488
891
104
3814
5715
2389
7356
993
8701
88
470
2601
559
8563
2280
1150
6884
8891
7669
8301
2202
3286
4393
1040
3556
5522
3356
6622
9018
5468
966
5544
2033
7317
9205
4284
8624
8182
6052
5845
9523
9739
6444
8176
2696
968
8887
1705
3024
2178
5147
651
8022
5361
720
7597
380
903
3471
4790
6907
8559
9671
4916
9512
5439
5246
368
4695
7167
2926
1206
9687
4272
5346
3544
3994
6292
7175
8045
956
6877
4937
5339
7196
4022
2791
453
509
3250
9515
3224
9617
991
7524
790
5956
9032
9674
8761
3693
1614
2174
6273
2790
2683
4639
805
1330
5651
8411
6665
9280
7795
6776
9103
7568
3159
3351
4479
358
5864
7951
1538
8704
4198
9006
7723
4920
9663
7779
6179
4592
7864
5623
348
7171
3622
9262
8541
970
7560
2930
7790
8547
9228
5680
4249
1655
7281
1029
4658
748
2654
584
4392
6993
392
248
1218
9917
7996
3208
3787
5349
8434
9755
1703
2902
1155
2361
5896
9552
9703
7782
1458
7834
1295
8952
391
6786
2396
3906
7134
7018
455
5702
2197
7004
2509
9620
1263
539
4697
572
4733
4269
7379
7137
2750
47
4243
8472
1443
8588
8189
9510
1189
3958
2081
8609
4682
9675
5841
5192
6015
4615
1082
3987
6608
8639
1028
9448
4599
8048
1611
9699
4754
2708
8267
5191
6349
8710
3740
4180
8711
6499
1863
8057
7742
6392
9454
5116
7811
5291
4742
7729
725
318
11
1641
8491
8082
2684
2802
7372
4048
4270
1167
6267
5080
7844
9536
7273
4603
1301
4535
8832
3952
2882
8384
3685
8148
676
6206
5015
83
6094
2150
7479
3989
1811
6686
3226
9491
6833
7449
437
5948
2823
8835
6143
9607
492
5813
3256
3599
2814
1478
9288
9192
8978
442
777
7
6790
3516
7163
8924
146
7733
5229
8579
3757
4652
4045
6580
4981
8989
3152
28
1356
4530
1202
2912
1897
5130
1250
3921
5831
4627
3838
3021
4694
5271
8900
6846
9398
5862
4251
7532
1989
6237
4158
1514
9593
7467
7039
9081
3475
9710
9121
5803
6642
5648
1935
4067
9012
6565
6082
6145
3359
7692
6193
457
4963
416
8690
898
7583
207
8657
3165
2712
7537
9759
2408
3468
5363
3563
322
364
700
5520
9307
5759
4605
8633
6275
6782
8245
2546
4787
9684
4795
622
9236
9118
3756
1591
7295
2278
2961
797
7241
7981
8158
3515
9694
9500
8193
7534
4220
5835
4187
2879
4792
749
4750
6634
4531
3631
3243
1138
1417
4003
1016
5376
2784
6810
9351
6247
2459
6472
4017
7005
4204
4556
3059
31
2995
3072
5448
9733
2337
3332
5088
4329
5104
8516
3069
5398
3430
768
3522
2709
3684
7602
7248
5324
9689
5469
1833
3873
6150
8931
8865
7063
3202
6916
1365
7319
1700
9508
1338
5466
2979
6440
7178
8737
8205
8110
5312
3180
8846
8714
1726
800
2351
4632
2807
9115
8571
5711
8021
6503
3300
9692
9464
9532
9560
4211
5125
8621
2366
6521
1647
8863
7361
9896
7343
2215
7117
6936
7260
7889
3917
2904
374
9805
5040
233
1747
5279
2009
6359
8397
3378
7322
30
2663
3755
7881
5661
2221
2813
3453
6806
4815
3215
3888
8216
4415
9246
6196
9424
9691
6854
2420
8789
1606
4446
5933
730
6339
9179
333
3687
8200
8386
7837
8806
1109
1091
4884
6356
1309
5884
3588
9331
3101
7380
1898
2369
5551
5423
7237
234
8447
6301
516
7150
5664
7472
2634
8921
3402
9891
1828
9786
5347
4717
5527
3996
3681
9965
6585
9252
6421
812
2510
6283
6034
6371
5541
4683
2173
2622
9741
5196
5380
3469
5460
3172
7571
6456
6417
6341
7570
3976
1200
1108
6211
3363
9501
109
8871
897
5998
9341
4597
1562
5473
3875
3854
952
8908
5795
3376
8280
4871
3786
2901
1771
6467
9328
9840
7960
2745
5741
2370
6724
5776
736
9493
4749
9393
4574
5989
162
7684
9584
731
101
3566
1518
688
5156
7754
8167
3727
5393
6697
4966
8729
6855
4065
5496
4345
6294
9427
4766
6373
3291
6954
2934
7606
1188
9555
6006
3721
3565
1182
5067
1376
2381
9480
7538
9907
1157
6175
4298
2808
6603
632
9612
4170
4965
6155
3653
7744
9248
8374
7439
4505
6869
3238
7676
2520
6333
7615
7824
1070
8199
9043
855
1782
8191
2500
8584
4663
4054
9887
6325
4133
1844
2722
1762
7694
8304
4457
4365
5515
8669
7592
2314
9194
1686
3192
641
5031
9866
1886
917
7770
524
6326
56
8177
8882
4448
5097
2325
4218
4585
921
3384
4166
9608
6527
5739
8258
9094
7355
201
261
7664
5201
6748
5685
9969
3052
3794
6118
6574
8228
3776
9292
1027
6904
7966
6676
9011
2989
6186
6095
1626
4718
801
3710
1547
1153
1619
2905
5875
4809
8728
7440
556
3439
6840
9233
3100
1274
2936
1299
356
6581
4038
9028
4824
270
181
4782
7070
6807
2376
8976
9126
3321
4741
8172
9149
9420
7202
599
2756
2390
290
7869
814
8255
8794
6774
6586
6263
3551
9423
2746
7659
8851
6881
2717
7504
3847
5043
6671
3020
8286
7749
5267
5586
2064
1653
6691
4545
7348
9597
5706
9558
7293
2758
3504
4521
2496
9230
1986
2131
4425
9102
1721
7768
475
6795
1103
2897
1243
6400
4745
8726
4619
994
3837
9927
1464
5288
650
8331
316
8552
1293
1395
3694
7087
7188
9037
618
7566
5928
764
7562
1615
765
466
6128
511
490
68
2846
8073
269
9254
2034
3695
9935
4822
6104
3708
4771
9579
1777
6454
1944
8435
1097
4527
6798
8120
251
8840
6760
5898
9007
1380
7434
8305
5935
6362
7531
168
3877
1903
339
4649
165
8919
1917
9268
6170
7555
668
1084
2800
8299
7569
9743
6976
5764
3249
8645
4554
3031
4263
1543
1733
3137
8630
9479
3802
5368
4207
8334
6463
1333
4447
944
4137
2862
2029
1326
9998
3053
5449
3428
7452
5760
2238
8188
9447
8923
2491
739
7661
4271
6932
2302
7950
4154
2558
4664
3218
8464
7675
428
4843
9634
2082
824
1094
7079
8849
8297
7397
7043
7976
2372
2812
4867
2556
7055
2443
3534
7437
5539
9242
4185
8425
7710
51
2797
3473
7797
9600
8034
1901
7429
7097
3370
6466
3129
9745
9967
8
1026
7363
2229
6166
8467
3528
8112
3759
2493
5170
4951
7144
2205
441
6597
9757
3354
6071
2676
2022
2786
9161
5968
4625
8551
285
8731
3301
1881
9644
8847
6512
8878
6109
4665
4821
8107
9806
5693
8130
798
3899
3880
8058
5385
3293
861
4959
1438
8276
7727
2757
5772
1817
9340
3318
4946
9581
9736
9762
190
866
9270
3085
2468
5917
1522
4291
6113
1246
6957
6438
9958
3839
9275
4353
2649
74
2453
8323
1857
9705
4731
8517
175
1642
2472
9299
8259
5314
7556
6962
5070
90
2025
8961
1289
5495
5892
5601
8231
9982
9589
604
1313
6216
7522
671
5284
3525
2121
5143
2036
2440
1397
3450
5545
9259
8026
9097
9177
4561
5175
5675
6428
6181
1292
9277
5118
3126
3850
2271
9580
2136
5296
2066
2218
1185
8347
4595
1340
5431
4837
3746
4956
2258
6262
7224
4
9715
8610
3734
3472
3809
8269
3895
5503
7937
486
9091
1294
311
7081
2219
450
747
6564
5326
1368
4387
8676
4196
2199
9746
8864
6835
1531
5756
7762
3306
7393
1537
5850
2101
2072
9656
4522
3500
9300
9804
1850
8561
8109
4850
6612
817
8776
2439
9379
4654
9440
2610
1785
9044
9782
9436
9712
1698
7540
4452
5202
2298
4400
9214
3913
7118
7367
6561
4781
1254
5232
1964
7411
775
1224
3037
7888
3335
1427
2779
2957
4929
5916
4710
8969
5416
3524
6625
4049
4193
2364
7653
8816
1112
9879
4454
3491
7730
3543
7713
5187
9587
5500
2362
2405
2303
4362
5021
5016
4720
1924
4594
2798
4217
9673
9461
6337
53
8482
9948
2311
5198
8523
9618
7796
6290
76
7997
7056
9295
9966
6935
988
3457
4254
5969
781
5903
8483
2194
5341
3240
8410
5523
2600
8640
6943
9
2980
8127
8796
5780
1744
7842
8994
1500
5109
7483
7591
8496
8607
1566
883
8886
2752
4369
471
8380
3864
8307
7904
953
3011
7009
4267
208
3796
1912
3012
6646
612
4614
2586
7518
8174
6856
4215
3926
372
5513
3575
9718
7890
1093
1725
2416
594
9590
7132
7775
4380
5174
9406
5677
8234
8030
648
4257
474
1219
4268
5169
64
2845
8225
2003
3463
3629
9009
5778
4084
4288
9342
7809
5635
1878
7119
766
1479
6582
4464
6788
8139
3278
403
8103
6596
5784
6539
3148
2781
6288
8580
1271
4044
5730
9534
4186
1252
5823
4678
581
8942
8310
7073
9107
543
6112
3433
1555
5773
8749
5753
7320
2312
9070
3925
7264
5907
2958
9950
4939
4861
6575
8925
4646
9916
8929
4053
9595
9628
6853
135
8772
9389
8337
6389
3737
9785
6334
2605
5799
6163
5343
8873
4543
7853
1045
7746
1311
8277
4518
9513
3911
6210
1710
8521
1987
983
933
184
8706
8892
6908
8350
2385
7639
705
6990
386
4834
4102
6921
5757
1860
571
6554
9898
3648
8344
9760
7433
9071
8144
7176
4647
494
4482
4330
2769
1985
6445
1528
449
3309
8432
907
9395
1802
7227
721
7195
841
2858
7494
6366
2643
4941
7924
9031
1680
3493
1434
6688
550
2341
6551
3489
7155
4138
1222
2368
6430
5100
9442
8076
2254
5250
4893
4841
1280
9553
6347
1665
6576
95
985
1050
4538
9992
4633
2091
62
6327
7921
3467
9224
9368
4921
9431
1460
3443
3073
1618
6278
3642
876
2455
5141
5203
7476
1730
1098
75
607
4832
7067
2727
3498
8844
1037
6737
4205
7925
3007
6500
2983
698
1966
17
7539
3750
6189
7471
4640
3901
7231
7261
4547
8558
7609
6606
2330
5033
1498
7585
9273
6296
5497
7708
3962
4970
740
4914
9287
6864
1532
8104
6870
4153
6894
3418
1865
4088
4767
6017
4816
9509
9831
2484
8532
3879
4489
9260
6028
3676
6036
6058
1648
8436
1124
2691
2282
9747
5509
4177
6458
3089
977
4926
4659
5690
1487
3105
4347
7721
8575
5425
7509
7321
4829
4080
209
1892
7050
9053
2165
3454
673
8431
9197
5211
3830
3951
8660
4780
2549
8351
7984
7493
8741
6357
727
1571
3222
4586
6999
6905
9309
7414
417
5463
9548
569
5427
4189
8070
642
3155
4636
4295
6020
4235
7747
575
4240
8375
4210
4307
4513
6448
4598
6049
5731
1697
913
5022
4412
7375
5589
776
9057
2031
3198
893
982
4768
5493
1950
1569
15
826
5512
3077
7153
677
1945
2399
2557
4878
6470
5576
9696
8455
2507
7705
7136
6741
4095
5660
3302
2644
8628
2661
8358
2997
5567
4491
1955
5619
3980
5704
9374
957
7331
1523
8123
919
4846
6261
6773
4444
4171
3541
2515
3440
3789
9320
8620
6601
3871
6986
3728
7861
2132
496
6958
8754
3115
8911
6110
7357
8370
2539
7773
5454
8967
5209
9976
127
2659
3613
1179
4046
8246
6343
6706
2567
8444
1586
9296
8063
8880
1553
3927
2826
8204
4863
6004
7244
742
6802
8780
7402
8428
8889
6906
9614
7489
5437
6866
2890
6368
8272
2941
523
9355
7654
4486
8006
5387
9279
9525
9801
4666
4120
5350
984
385
4190
6329
2744
3191
5713
92
7854
9390
4310
1980
4092
6496
8826
482
579
2531
6779
3184
7266
9015
4982
6100
5638
1360
4934
2512
4314
696
9932
9549
8094
8997
7671
4244
9571
3413
2499
5126
5889
252
9216
2854
7121
1508
2788
5655
5932
9527
6899
3876
3483
2497
8291
2954
4430
7530
2998
8032
5815
695
8061
6111
8524
3490
9874
820
9276
6712
4465
9365
8666
6839
6504
2454
7080
7381
2699
8389
3201
9722
9910
9151
9811
451
4253
4881
4517
2943
3283
7574
9781
8170
754
6136
9466
3228
8446
5782
4047
5412
1740
7892
7879
2067
6497
3811
7586
4514
5848
1716
3947
8241
5747
701
655
3449
6532
937
8449
1769
1034
7105
6979
8770
2650
4975
1905
9472
7785
3252
6174
8152
8223
2880
2000
503
601
4998
6926
3144
4179
3258
2073
6618
9833
3169
9004
1005
349
9359
3022
4611
2809
182
8340
4122
9788
2658
6074
3254
388
6361
6059
6605
7896
2216
8703
8423
8092
4142
8016
8697
3638
6416
6997
7520
2305
3722
5511
9940
6708
1594
744
6411
6214
7469
3825
4651
6167
3158
7240
2960
6323
3044
390
8985
3147
389
5810
2801
6225
1174
4727
4891
3263
9235
4996
2056
1551
8421
8647
5226
3637
1492
8782
9819
141
626
8653
9445
7517
2041
1953
250
5829
8548
4681
4289
9810
3578
4005
5633
1702
3993
757
9784
2765
2653
7139
3669
8012
8485
4056
4195
8420
3390
6197
7075
7563
5608
4043
220
1282
955
8920
795
7680
3064
7599
8196
7647
7386
8914
7500
5629
6410
6844
9085
7657
8916
6242
3076
3645
4483
5499
3868
6102
7329
8333
2840
2753
7088
7952
5920
3861
238
1736
6667
140
3008
8169
8999
7580
6933
8854
9596
1425
2478
134
5074
5733
6441
4931
2783
3592
2849
6063
4933
1023
8457
7577
5094
6014
6039
9817
7462
8403
7451
9240
5812
2768
3744
1663
6277
1652
3357
3608
3733
3242
4391
1149
6525
7401
9823
3179
1941
1430
3609
5594
6464
803
2222
7895
2955
4212
8730
935
4130
1773
4114
5095
8005
3455
3805
9170
2794
6116
9049
7512
6523
6682
829
7551
8650
3427
330
2538
5860
4371
6177
5394
4620
4107
6717
2613
2207
7622
2857
2773
9042
5261
4874
3872
4670
4912
4501
2109
7621
6804
4498
4820
5687
5694
4126
4376
3966
3529
9339
4958
3185
2251
3030
8722
8591
686
3523
2105
4034
3084
549
5656
1574
1317
5285
3937
4757
7541
4091
4331
5722
9095
8867
2116
8937
7931
792
2152
3032
3992
5665
2730
6529
9631
2655
4098
1107
5381
3657
4765
4913
3316
5128
8853
3315
6281
9852
3795
6498
2587
9074
7276
405
1173
6745
4600
9234
5295
8000
6164
6611
1296
5395
461
9812
6
1788
1015
8638
4431
5262
8564
3416
6531
7100
6731
2407
1418
3341
9830
1322
6068
3111
2451
1035
8338
8549
8153
2240
6493
6099
9832
2306
4439
5999
4296
8606
2504
3438
916
4440
4118
2566
277
1022
6182
9438
8625
212
9250
1321
8695
9167
9744
8165
4610
2065
2060
6218
1277
191
5588
407
9955
9519
2147
5550
2274
5978
1792
9814
9076
8518
2288
6778
6599
4057
3908
2843
8811
3845
7547
9312
6452
9930
1796
1517
8694
5173
6346
1524
3702
7296
9626
900
8544
5149
6647
8631
3602
5219
7168
9409
7226
9069
1949
9306
1357
3058
4872
4581
3649
6799
9973
9399
1723
2878
5002
6505
292
8164
2268
4721
934
4013
2204
7138
2393
9274
3065
9241
4657
8068
3664
7618
8583
849
4404
4643
7395
6777
9109
196
4478
7722
4876
941
7605
163
6351
7057
3394
9853
844
7685
1279
284
5227
1433
3620
214
1130
2279
4828
9136
707
8635
976
5424
6406
2471
3894
5241
2747
3107
4827
7525
6588
3724
397
2755
7124
9885
2020
6984
7882
3131
1132
3567
8686
8476
7180
9127
161
5959
2638
5303
5740
9034
6078
3173
9232
2552
6772
7814
5488
2085
8278
3856
9218
4796
5679
2310
6789
738
3448
7127
5530
1983
6602
9562
1476
8822
219
3658
7415
2236
2506
413
1888
2188
3328
259
2429
7023
9073
5752
2629
4515
8757
4124
3931
3924
2142
4986
2352
890
2206
9258
1336
7340
7466
3863
5076
4156
8356
4397
4945
6047
1749
5993
1467
7748
3706
5912
4261
5184
4462
3835
8117
5298
9890
6672
1992
4974
4578
3267
4410
2432
2114
8367
9471
6086
4613
9337
9686
1347
7884
669
5459
4174
5561
8973
6061
4085
517
4370
5846
4855
6129
6221
1530
2234
5458
327
2923
4999
4283
6432
2588
1315
9358
911
6721
8716
9772
8067
6927
3331
5150
9176
5034
4469
3108
7408
8019
6766
5918
8837
495
8505
5030
5873
1127
6728
9386
974
332
7644
4073
29
5806
5129
9572
6938
6918
3632
5798
5728
2628
6201
3518
8341
4769
7371
3143
7072
2294
2117
6495
8371
354
1981
4859
6354
2668
5765
8038
3912
8688
1583
6026
9391
6344
4890
1780
7069
6797
755
6093
8603
3659
3982
2018
9247
4987
4089
1677
5944
5013
3959
9090
7829
3435
8319
2580
6147
1043
9850
431
8294
8401
4655
5378
7700
8576
3705
8050
7036
7216
3360
9893
394
5289
2993
9362
7794
3080
2875
9223
430
4567
5707
2999
2743
5145
6784
8013
4160
8302
506
7269
9503
3990
6384
4660
7870
5231
35
5008
8798
2146
9304
5977
3049
6614
2981
8309
9455
9023
4429
6767
2270
6437
132
610
5302
5029
7764
4398
8894
7304
8083
8803
9371
9521
3882
6660
3364
9113
672
5705
1272
1799
4441
2651
7123
8593
3396
7564
7470
4971
9520
4018
5890
6736
6404
4420
7353
7900
400
5223
2044
8116
530
2575
4622
26
3355
2929
7624
5525
4685
8941
4290
7822
7089
5435
216
1692
6376
2170
4740
4977
7013
1633
2742
851
8488
9453
188
2841
1826
2151
7528
6524
432
9047
5964
6845
6209
7593
6132
5157
9366
758
2700
949
9093
5480
9924
8357
7668
9669
5388
5936
1424
9410
7887
9638
7108
2876
615
3322
6901
3369
7214
564
7740
3027
9921
1731
9919
1775
3446
5265
1841
4794
1215
1305
2642
9676
1666
3720
7461
6830
6858
2697
7912
606
7691
8619
713
4686
7681
7883
6771
5997
9905
3102
5194
9922
9294
592
3623
9914
27
4059
9960
1446
1656
1748
2410
2119
6974
8988
5542
2217
8385
8852
5698
2077
1353
1937
6754
818
1024
6066
7325
2071
7017
9848
1131
9144
2186
9913
4708
7557
1025
4563
513
7763
5446
3260
6284
6412
6765
9639
780
6635
3892
4062
9892
6963
5372
865
3621
5976
2724
2135
7031
7422
1106
8600
9487
8427
9046
3269
5615
8965
3975
8674
4848
8995
7847
8508
6687
3253
3800
7679
3981
3997
8860
7442
9909
8693
254
2397
4149
6558
7435
5600
6704
5934
5574
1711
5755
8256
9045
7975
4836
5668
709
7915
5533
2804
6168
3235
1364
2038
8785
7943
3818
1753
267
9771
9516
3033
8725
2287
9792
7873
2469
4923
4297
7418
8065
4451
3456
43
8708
4621
1286
631
4055
3857
4991
583
6469
3324
3429
3512
2950
8190
9791
6912
4911
3391
4559
3042
9116
8033
1849
1076
5477
3557
2523
3296
6518
2656
4162
2457
6572
1870
499
7285
158
7040
2252
5216
1629
3299
365
6530
5136
7223
366
9058
1166
370
2063
6651
3586
2097
87
3760
9239
6629
3000
1302
8394
6396
3028
7695
9173
3683
3612
5384
1419
4209
7533
1805
46
7957
8801
5537
5391
2075
4775
1900
1323
4880
8163
1077
5877
5429
6476
8096
185
4799
1567
5709
1403
1371
1059
4688
124
1207
3495
804
9690
3652
7377
2620
9876
1086
4139
2264
2185
1307
3219
8497
1875
1480
2419
8298
1612
3241
7642
3671
6548
2715
4798
9184
3
9505
280
636
2300
2338
3259
2133
9357
6435
7104
1734
825
5319
8987
301
4262
4277
4083
6862
2411
4060
3526
5277
2952
796
4526
5027
9578
9574
8151
5703
3149
5236
6817
2579
3380
2508
2
1671
8313
8149
5684
2324
7759
5942
2855
6374
1533
873
6446
2528
1396
5221
1778
5270
6964
8883
4853
9834
412
2839
9864
7656
5876
3127
4551
7312
5101
5356
8404
1766
1423
4226
1440
860
793
5352
660
9847
9495
205
8412
2810
9283
5767
2962
8699
2367
4042
821
2127
4184
8322
7641
1495
9290
6509
6427
7935
1925
2261
609
7400
3941
3573
627
1249
7726
2339
9286
5867
9400
1463
5893
2190
7308
537
6725
502
1439
4764
4324
1608
415
360
3075
2973
4325
1013
8805
5188
6250
4259
2169
7731
4064
2505
6414
2345
9603
9449
2355
8049
9857
7663
4070
5044
6867
5233
5489
194
5333
662
7187
5470
4960
9401
7549
7373
1225
2004
2944
4051
767
5390
5004
5177
3812
4349
7956
852
6595
2548
9763
8507
5672
1746
8442
4608
8448
9416
4762
6056
5405
6751
8926
8577
6874
1393
9652
9856
3954
9809
4954
6714
7573
4877
4006
4230
5824
6744
2358
1509
3960
2695
7941
7508
3464
1751
8574
1481
6395
6382
5552
7752
8214
10
8044
4672
9507
7110
5647
9798
2083
5689
8066
6825
4902
8529
341
884
4955
116
5340
4285
1975
1808
8023
7351
3336
1255
8125
4023
8799
9846
5287
6553
4419
6122
8601
8566
4222
2476
8484
8270
1085
462
896
5253
5581
2002
9954
3665
5958
2051
670
4000
614
8328
6336
5758
5547
119
8935
4818
4709
9672
4875
5281
6215
1140
889
542
7878
2680
6228
9565
4691
8959
7365
8824
9704
9557
41
8493
9981
2848
4029
7049
8595
5364
2565
1993
4569
8870
4097
1970
5430
5734
1742
2193
5640
7954
3717
1402
5899
8252
1513
1634
1836
9975
6538
7230
6857
7208
199
8031
6624
8213
1049
160
8781
7085
3905
4079
1921
2561
7845
6398
3029
9360
443
8946
5090
2481
771
3995
2309
8890
6972
4707
7939
6720
447
894
2939
2971
1853
8951
3610
7221
2607
3347
4582
9825
2847
9984
3766
1058
6818
5213
880
808
928
6408
96
5417
3738
6703
4286
8343
6719
1489
7345
8426
8461
4805
1588
7846
9779
9063
961
8971
980
7292
8028
5825
8664
628
2159
4588
535
2244
1281
7972
6696
6545
2137
3885
7250
1381
8960
93
5888
8656
9897
2942
5631
4379
810
4361
1674
3470
6230
2831
4536
5700
6254
9957
5189
8500
5644
840
939
6348
489
712
6157
174
6590
833
7831
6571
4438
3367
2738
9145
7385
5112
8550
5306
2257
2852
6199
3545
4076
6890
9968
4889
5597
1316
2924
3521
6426
1367
5472
5557
5154
9908
4159
6917
4895
2214
5490
5974
8381
52
1997
3967
561
6114
4327
2685
7786
8553
2710
6330
4111
331
6223
8129
1795
2404
310
4428
8268
7041
8414
9729
79
7102
8480
2718
5699
9605
9199
4078
4007
2290
3303
9498
4183
3784
8203
3349
7430
6892
3067
8927
4303
3043
1268
4011
843
8740
8975
3511
8376
5744
9524
9226
275
5401
7998
1411
452
9329
6630
1169
7757
6050
6570
8901
3571
1412
1535
2128
1672
3597
239
7199
1306
5084
8240
7905
5124
296
5332
9588
1712
4590
1750
2418
1932
6131
9313
2316
7388
905
3342
8909
4860
4838
9462
6162
5984
4328
6045
307
3651
6822
8348
3950
3946
8142
9843
5055
4601
4549
8383
930
2289
7503
1818
2992
7581
5910
3187
7369
3388
7298
4699
5162
3106
3203
4868
4041
5204
4680
950
2265
7596
1304
3758
8627
2739
6763
7212
3661
1177
9858
5353
7588
2830
1815
2869
6887
6238
5114
6522
7702
7335
2870
9906
9237
5746
3944
1609
8326
7030
1957
3447
8778
7544
1375
4623
1355
8974
3239
2347
2524
7575
9372
9350
8171
7496
1654
2208
986
156
6889
4702
7391
5682
4539
9019
5796
2449
9396
3492
4147
850
6048
4927
4776
1715
3423
4068
7157
2360
1431
525
2201
5479
4090
2154
3374
3767
6879
7819
4802
8788
198
1159
2027
3477
72
3312
178
1232
9659
1840
4256
2964
8102
6678
4564
1450
126
2336
1379
6950
9702
6239
9720
7086
3210
3284
4950
9538
5865
9338
1178
4435
8091
3874
3181
1325
4382
3383
6062
2921
2931
7179
1814
2834
446
837
1664
6940
9793
5863
9284
2838
8443
121
4411
2428
434
5565
4299
4819
8930
6401
5506
4540
159
1060
3502
2145
3777
1471
4823
3940
7473
6987
5163
5263
2635
312
3533
3039
3459
2632
4952
5161
778
4490
1704
1148
1465
3287
425
8300
4997
353
8437
8682
5535
2764
2616
3417
1516
8211
4202
1012
4899
4355
3741
4936
8087
3878
42
7323
4373
4357
4026
5716
9419
8346
3405
8378
5628
1047
8599
2115
7703
221
9139
4949
4575
1186
1529
6689
4496
5212
3344
7465
3188
4609
8939
7662
8683
3481
1226
4474
5464
2594
6484
2648
4650
2322
86
1388
5245
6923
2415
1794
7419
2589
8419
7026
3628
401
9186
1261
3606
7595
4810
7074
9450
6213
3176
7704
6985
393
9444
4077
558
2883
1691
5411
1284
3499
3884
2829
6573
9738
4928
9860
9054
5659
6683
1475
7893
8219
6117
7263
7886
877
3590
5047
6233
1679
9698
7301
9780
4704
8940
667
9123
4081
1083
3025
9504
1919
6460
9724
741
8015
544
1201
1116
1520
8556
3014
2220
7709
1972
5953
7774
920
3833
4493
680
1121
8081
7610
3295
6035
429
1459
8124
8417
3389
9198
8166
5554
6656
2191
7696
5320
5954
6681
3119
3810
9314
9388
664
4418
7948
2249
8042
8898
1208
7366
2120
6711
576
7579
4630
5766
5900
3497
3130
7793
859
5791
4113
2141
9062
1696
7739
1416
5838
4455
2872
7772
7497
4433
243
5440
9499
7505
5091
6231
8275
5748
4009
1136
684
4692
2144
8538
8950
2624
6320
3852
997
3988
7083
9570
6925
436
3822
5827
2155
8315
9059
5555
8450
2089
8834
7046
9377
732
1420
1646
9750
7078
6902
139
7154
7735
9598
6693
8904
5000
598
4145
1100
7852
906
597
965
9777
6106
9602
836
98
1559
5120
2023
7788
8100
5457
197
3860
4512
5410
9895
8918
1622
3688
4673
3539
3488
2250
4293
2062
2226
8296
4346
7065
103
5991
6948
7983
4719
2533
3163
3266
50
7034
1984
1158
9111
9079
2275
9971
314
7616
6478
902
3532
1123
2276
9385
5553
8808
2359
2796
9325
8402
6971
5325
5868
1635
3307
1453
7232
352
6265
1906
3667
7234
2485
8207
2547
6960
687
653
2021
3554
6188
6893
9795
6105
6557
193
6670
4676
4358
5914
4351
4255
8154
640
4463
8314
6615
5558
1909
3942
9943
7877
9753
1676
6409
6372
7384
1739
479
2555
647
6154
6555
3698
7849
8535
1639
2856
992
155
864
6088
5148
9065
9799
6089
4726
2349
6540
117
9324
3289
125
3371
6461
1936
2825
3113
2424
4897
1960
89
8071
5904
8047
94
2011
9993
1194
324
3627
9298
1335
6843
2365
2719
7946
6130
567
6256
9766
8998
8614
152
910
4985
5622
779
379
5963
3974
2833
2621
8872
3195
8557
5036
7958
3236
7364
2554
6494
1220
9421
5566
7874
6079
4938
6648
6680
9911
8932
7655
7193
8168
2963
4014
8469
534
1758
1114
882
8132
7673
1269
8002
1578
6001
3791
914
8080
6910
9635
5817
5305
5251
484
9347
3346
2564
371
9460
5781
630
5465
7394
9862
1171
38
1314
6319
3276
7871
147
1722
3096
2591
1554
255
4576
7968
1154
2231
6156
5870
1592
541
6882
4058
3596
6780
9082
2686
5400
7012
7858
2953
5280
472
105
97
4385
8522
9717
9356
1401
8180
8040
9637
8011
1172
6578
5972
5276
7421
7808
7961
4129
5181
2915
2277
1081
5051
82
4389
5750
7967
2534
5397
7717
6306
7938
4831
7848
1959
477
9429
1845
1099
8738
5584
4231
2703
9222
5832
1358
6593
9748
1473
2488
4978
7608
5217
8991
481
6587
2563
4571
6169
1382
5243
3292
2037
9740
819
7860
5373
2664
1541
6626
7973
7614
7342
1914
6485
1266
8208
8542
8678
745
4176
708
2394
6875
2571
5256
9413
5807
3773
8064
2489
2772
1152
6669
1092
488
3057
3517
1405
1398
4311
7513
3630
5882
5723
8668
6552
9938
3451
3062
4751
1209
681
9463
6816
8525
9559
3778
7316
1625
2266
4770
9430
2789
4093
1602
6566
9101
2822
4372
2348
7311
1009
7658
2517
2102
9114
5158
9764
2387
7502
6674
7145
9238
8809
5066
8596
6070
8490
3540
3424
3398
6673
7474
7003
4648
1088
6390
7741
4181
9564
2996
8008
2636
4858
1757
5215
560
8072
4669
9660
2299
6158
620
8769
3087
7638
5028
8097
8206
4403
8608
6098
9615
8944
568
2189
1004
2092
3869
8292
4010
7160
427
7806
6259
555
2103
2569
7242
4417
6011
6481
7693
9869
8520
830
3060
9903
4723
6123
6477
384
4203
7287
6165
4533
7378
6808
4537
9737
7347
885
7245
4566
5587
5462
8407
4246
8910
1915
2475
2320
9467
5476
2437
5220
699
3104
8646
8530
538
1610
1854
8329
3412
6108
2235
1990
3808
5403
5821
5413
7033
9642
7463
3206
5369
4252
540
4472
8160
8262
5654
9317
6235
13
9888
1834
4276
3725
2885
7553
8857
5071
8784
5621
5580
1858
3624
3576
8515
9770
2172
6685
6141
3216
4801
704
4169
4131
7535
7787
3358
9131
1595
8137
6479
4760
4736
9171
1001
9193
7106
3262
9725
6513
639
9048
4752
8848
4471
1064
8261
6878
3193
7867
4321
2535
9162
1572
5658
2477
3117
319
9002
4528
4247
7993
2409
2223
7545
3668
2671
6796
5814
7751
6757
9657
8787
1525
3426
9601
3233
5575
1929
34
2450
5966
9132
8312
815
1908
4019
9210
4426
1707
8962
3530
4461
886
2748
1497
6032
5858
904
3146
7714
2785
4248
1288
4436
1422
9566
242
4343
2793
7933
7707
1068
6144
5879
878
7029
2741
8859
4511
3779
9137
2296
7303
7620
4930
3686
1601
2919
5335
5206
5673
547
5790
9135
1078
9758
5625
6970
5315
6501
4873
7908
7818
6860
3902
7836
963
2837
2239
8288
9459
521
404
6322
9952
8807
1859
8775
5300
7338
8494
1247
3207
342
9404
8007
7776
6311
7341
2514
1018
2442
5854
895
6613
3536
6995
1866
5073
4671
9146
8229
4322
5275
847
2679
7047
5894
7185
8642
9327
6953
2259
1234
5432
8554
3272
9619
6730
1798
9323
4687
3317
7501
7800
1228
8140
179
5409
794
9972
4227
5816
6282
3559
421
6888
3923
7636
6352
9105
1470
5414
6160
7346
6422
9039
3268
6340
4027
6260
6378
8074
1126
2319
724
3133
5818
9484
7133
772
3479
3125
5483
4221
7407
7111
4924
8802
519
4476
2321
1413
8986
7283
4273
120
5247
9878
5035
6124
1339
9734
5905
382
8084
869
3801
8644
1560
723
2516
1233
2465
4778
9175
7554
2058
4219
7911
1053
3419
1717
4896
4427
3843
4280
5617
9627
6415
6955
4109
7652
8369
2124
1624
5259
2486
2818
500
8281
166
9158
6314
5045
6200
9164
9953
7633
1455
3520
7218
6127
2333
1435
3933
1556
8527
8266
7514
5691
7718
960
1168
646
2868
2677
3045
230
9865
1236
5886
6966
8753
4705
4350
9291
9055
1825
8054
6005
4604
9025
1452
2886
3035
1010
5452
4689
445
1807
224
6055
5828
3279
6944
1893
1544
3589
508
2433
195
2662
7025
4748
1134
2401
9407
1074
9155
6064
3930
8335
6433
3462
9497
2074
5763
4722
7020
925
5365
5787
8238
3643
9544
4674
2246
7789
3036
8828
2049
8498
9915
5121
4544
7589
4555
3763
6620
8430
235
6490
9191
2090
4618
410
946
8121
9774
5563
8458
4644
5721
2343
7024
2028
2541
7529
4161
6041
4857
7767
4984
1019
4315
1899
2967
7736
4641
5843
3121
9889
4915
7856
1090
5962
2803
7728
971
2640
3005
1193
2731
7038
2176
595
8655
1241
2212
7660
5024
9926
106
7839
2932
2690
9078
1267
7094
5502
4759
6451
7862
2461
6264
8970
2285
938
3340
460
4036
9412
4813
3584
288
9369
346
9212
948
3718
816
5183
3595
9622
8746
2421
5199
9112
8098
6009
1504
9308
3945
8634
6135
7619
2425
5599
526
2297
4988
4520
2158
6543
483
9204
6506
2313
1693
7059
734
6560
753
6969
7499
2112
3013
8779
5852
5667
7826
206
4626
4806
9278
5117
3953
8274
3019
7526
2669
504
1995
3840
4132
8327
9828
7899
8460
7817
3408
9010
5630
7567
5871
2604
6655
4793
3404
9061
4703
4994
9333
5451
6675
2560
7327
3154
2976
6195
6033
2195
1668
4761
5005
8387
9937
8043
2867
2612
4833
2721
4570
6072
5957
2346
9156
1948
1468
107
7205
4409
7310
6257
2080
4629
5856
9456
246
5683
1931
8957
9886
6316
1122
9934
80
8743
654
1816
3617
7252
5334
2665
4164
8499
5939
8692
5317
1080
6399
3327
8360
4316
9474
4607
8014
3919
4157
2851
645
786
3827
6304
1561
711
9130
2966
2863
3068
2295
3550
4552
8759
4167
8565
9918
5461
2301
7455
8479
266
8980
716
1308
3486
2388
7894
5859
9181
1977
3663
5681
9110
9606
7183
2430
4826
2573
1031
4323
1399
2470
6276
9664
2243
3372
8818
5092
1801
5692
9489
8705
1196
5761
9697
703
3063
9901
7186
2467
3273
7217
5585
8922
6318
3562
7625
7294
6462
2426
5134
842
6871
3452
2473
7955
9265
529
9104
1415
3016
7922
9816
2125
8020
2069
1916
2637
854
18
4030
7464
2108
8752
1684
5366
2574
6604
9305
3174
5636
7548
7076
9335
2196
157
8354
1490
4405
7061
1621
2673
8850
5847
1214
6185
3716
1938
6508
9837
3730
6942
1051
5837
6898
1404
3821
870
5853
5048
5505
6381
6365
3229
9153
9680
1755
9492
987
1327
2585
4901
1119
6700
7872
4968
3943
8456
1120
6142
1117
6519
5985
2836
5736
9051
7334
362
5830
3422
6749
3406
6272
4572
8115
3018
5186
7812
6775
4854
7487
9344
1065
2991
5569
2706
2899
8250
2400
8399
9577
8817
8018
5155
1539
8088
7559
8750
5952
9961
4485
2674
3329
6492
4423
2427
1075
4401
5902
4980
6405
9616
3434
1587
5167
9933
1390
3136
8316
9264
3729
7158
3594
1741
100
1835
8568
7332
5207
2627
1874
1000
9648
6628
4223
791
4233
1600
565
5983
1714
3726
7816
3436
3134
7146
4845
1324
9808
2913
8175
2050
6269
1890
2916
5737
8136
4061
6952
6473
4763
2732
7552
8321
6386
4995
9208
6007
223
3157
2754
1462
4677
3476
3625
9381
278
8526
2462
9229
1670
9168
8979
7166
5159
8046
9539
8195
7716
4596
714
4178
444
2667
1540
7823
8147
77
5833
7314
4885
3673
8372
9432
5086
5001
3903
8408
6919
9756
6732
3701
8173
2965
1198
8161
3858
1943
4443
6271
9014
1006
1391
8263
2844
153
8760
659
8953
4099
3731
6569
1199
7830
7734
1073
2327
5017
6738
3290
3546
4739
6350
5996
5059
4947
6317
7290
164
7629
9383
2892
6750
6517
9013
1235
309
3425
411
3248
2317
1176
8101
4635
9064
5804
5020
3345
1776
2914
8186
8981
6975
2042
420
8838
2603
7600
4475
1939
7572
8723
8906
2126
2272
4173
1030
4326
989
501
3103
6424
9008
678
9920
4562
962
2884
1877
2835
8667
8159
8841
9873
9269
5228
7445
7813
9478
5947
7780
4075
1605
2511
6024
9160
1839
5307
5098
4869
5548
1162
5945
1386
9180
1928
7810
2148
5708
5981
9670
4577
343
2447
9221
4473
5769
6762
2526
6827
1575
9540
7028
1426
9868
137
7420
6607
438
531
1699
1827
5310
2228
7107
5389
2353
6393
4110
4907
6338
8833
973
3918
9490
9987
5951
60
7349
1958
8393
5844
7651
4096
6510
6280
6051
1223
4144
3274
7885
4115
7404
863
728
283
2100
355
4516
9289
4617
1810
7288
6019
2380
8470
1383
3227
3820
8352
293
8156
7761
8528
9458
4542
759
4862
273
9316
4396
901
3247
7832
7115
7688
6293
7778
588
1784
8744
3410
1852
1767
172
1597
9658
1203
8095
1020
6388
9026
7916
4825
4979
697
9213
7417
5113
4898
2920
7103
5930
7426
2110
8053
4413
3914
498
5652
4972
3922
4063
9654
2392
7769
8594
8814
422
8003
2487
2446
2237
2866
3907
2088
596
323
9844
1163
375
5475
8509
6994
5327
1142
4851
4628
3618
8990
225
2171
326
2255
761
1534
4925
8342
1372
3678
169
7601
8713
2315
7898
5286
1548
1851
3505
2525
9790
1160
4236
4374
2572
1332
6403
4508
9405
3313
9418
8858
690
608
3361
9990
4484
3123
5676
3910
9302
1797
4661
6149
6949
48
3223
7211
7405
6600
2048
657
7646
4437
1394
1683
785
9708
63
7053
4119
6031
2861
226
9514
2889
2350
8717
4808
1066
5456
6989
9977
729
9839
2168
2061
788
1297
3743
972
4870
5578
2735
287
3699
265
3213
5783
1719
6204
990
9022
4864
3264
5842
1645
6295
7289
5727
2759
5994
6959
3399
3881
3245
6205
6022
3680
8896
9962
4847
8537
605
8800
7045
2766
573
3099
435
2304
5670
9518
8105
4587
4238
3585
5595
6363
113
7409
4106
6255
7711
5249
822
6018
8303
3170
9871
7177
8141
4348
9522
3650
1763
5445
9488
3212
1745
1962
8672
8804
7082
2460
8221
1354
5046
7016
6885
3048
2592
5712
3934
4339
4492
7350
2047
3109
8157
6650
5840
813
3403
263
5982
8786
241
1568
3580
2774
2435
7141
9773
7815
4434
8502
7243
67
3122
5481
1546
9931
245
5941
7771
7307
5069
7920
4015
9641
1283
8875
1477
6251
6657
2024
6449
1345
7042
2891
2602
4066
9361
8636
5172
2705
7051
8903
7907
2160
2286
4743
5316
5238
1580
9599
3690
2181
2162
3841
7803
3853
4579
3189
9822
6491
562
9700
7645
8934
236
7491
3692
4352
8813
8138
4108
3682
9991
3656
1216
9352
5492
3167
5344
1021
8365
2842
4333
867
909
2609
398
9129
8933
4967
975
6823
3711
2859
9668
5560
3719
8612
1761
1709
5735
2052
7634
7336
2527
2377
5336
4320
7270
367
3409
4701
7980
5164
4024
8679
9038
8651
5003
7766
6226
8560
7672
5255
3407
4378
3964
414
8611
7210
3194
1512
8135
6583
5151
4507
8893
69
1432
4234
4384
3780
7002
9452
7280
4993
8578
6562
6643
8539
32
2853
357
3769
9543
6285
5039
8010
5809
9041
1967
3091
8257
2977
2687
8956
5743
8202
2095
1894
924
9855
4477
5418
4523
3411
9949
7197
5793
5754
7929
9709
8295
6331
7282
6863
2608
6746
9083
4756
7623
1125
3197
9322
9650
634
9172
3261
3017
4294
7719
2187
8362
1649
2877
2903
8745
5282
2625
4306
5874
2006
6309
1585
8885
4844
4973
1552
3153
2596
1720
8917
6758
8465
3696
6067
1837
282
8264
9707
6219
6431
6978
3792
7008
4580
8055
1942
8194
3379
3444
7665
2815
5639
9749
1620
2329
936
3334
7666
1303
6053
5360
2898
2907
2782
3120
3150
8320
8433
8648
4541
9261
1752
3386
5321
3823
114
5543
7306
3441
2970
591
465
6279
1011
6046
3704
2458
5180
8670
4386
8078
4375
663
6967
7233
5309
3932
4408
2799
187
328
7219
4903
9243
264
1604
7172
3237
3178
3916
5943
5195
5146
9877
2334
838
9567
433
44
5383
3819
6091
1842
4341
9293
3251
272
7918
1695
3709
6224
1806
9266
9415
834
8220
8184
7279
1861
2456
7091
9506
8217
9159
395
1369
9582
9979
1847
5038
9797
3004
1320
5127
1445
9100
9257
9345
7978
1239
5849
2959
8024
4334
58
23
1830
4612
6085
7521
5642
9435
1812
3920
1052
8260
8413
8052
7866
329
4744
6012
2935
3373
7584
228
7561
9219
5649
7090
1781
1657
2682
4052
3510
4146
1407
4962
1334
6617
3957
2094
6668
321
964
3460
7095
2436
21
2590
7801
751
5915
2994
5811
691
176
9662
3132
2180
9245
2751
9551
8069
3421
2182
4422
1510
5861
8388
4309
6507
3514
1378
7840
6383
1036
1057
3603
7403
5590
6375
8119
2895
1496
9433
237
5119
3748
6236
8405
3747
6941
3666
9882
8702
915
9970
1732
8133
2678
7594
6965
1724
1545
5374
3691
4807
552
7865
694
7475
7077
2129
8349
1227
3611
9721
6638
2307
6420
1599
7203
347
6559
5536
4172
8984
9036
8888
1079
317
3572
1312
619
7974
3056
8373
9251
784
8477
8235
6812
3935
6069
7798
291
2040
8145
8440
9883
8696
7988
9394
7060
9189
5234
3889
8972
5695
835
5653
1128
9824
2502
2118
5510
6698
2398
418
8475
7130
2005
4758
456
387
1346
1689
9397
2578
2096
9983
3762
545
9056
4953
8317
2614
9688
2340
8707
2776
4312
8685
8928
1008
658
9373
231
2248
9517
7398
2576
5063
3542
1143
337
3326
5415
3023
1637
7804
1102
8830
4932
4442
6077
6076
5732
9482
1879
2937
281
9108
4840
6677
6534
1519
9029
6939
5254
19
5025
8881
3397
3040
2740
5208
9483
9422
6973
3362
8597
258
4416
9380
9742
2070
260
8845
1278
5290
9989
6961
2577
4381
2445
5805
4317
1793
